     0/119     17.7G   0.07596   0.04264   0.05287    0.1715       270       640    0.3676    0.4316    0.3351    0.1337   0.05537   0.02225    0.0388
     1/119     23.2G   0.06021   0.03684   0.02807    0.1251       325       640    0.4531    0.5783    0.4861    0.2454   0.04727    0.0223   0.02624
     2/119     23.2G   0.05495   0.03649   0.02152     0.113       286       640    0.3507    0.5689    0.4602    0.2318    0.0472   0.02385   0.02505
     3/119     23.2G   0.05229   0.03603   0.01968     0.108       273       640    0.3634    0.5397    0.4334     0.206   0.04895    0.0251   0.02551
     4/119     23.2G   0.05152    0.0374   0.01958    0.1085       264       640    0.3328    0.4837    0.3743    0.1765    0.0514   0.02717   0.02989
     5/119     23.2G   0.05084   0.03829   0.01955    0.1087       229       640     0.394    0.4964    0.4179    0.2114   0.04947   0.02764   0.02562
     6/119     23.2G   0.04987   0.03758   0.01813    0.1056       261       640    0.2916    0.6511    0.4886    0.2632   0.04572   0.02861   0.02154
     7/119     23.2G   0.04847   0.03701   0.01667    0.1022       275       640    0.4435    0.6476    0.5549    0.2991   0.04468   0.02406   0.01881
     8/119     23.2G   0.04755   0.03627   0.01609   0.09991       262       640    0.4945    0.5864    0.5289    0.3049   0.04388   0.02422   0.02289
     9/119     23.2G   0.04701   0.03592   0.01545   0.09837       267       640    0.4487     0.661    0.5669    0.3206   0.04222   0.02388   0.01768
    10/119     23.2G    0.0463   0.03565   0.01472   0.09667       226       640    0.4313    0.6764    0.5855    0.3388   0.04204    0.0235    0.0165
    11/119     23.2G   0.04581   0.03556   0.01419   0.09556       215       640     0.487    0.6663     0.607    0.3597   0.04093   0.02348   0.01736
    12/119     23.2G    0.0455   0.03515   0.01403   0.09469       278       640    0.4695    0.7137    0.6257    0.3678   0.04143   0.02288   0.01563
    13/119     23.2G   0.04515    0.0349   0.01368   0.09373       264       640    0.4526    0.7148    0.6207    0.3701   0.04028   0.02324   0.01436
    14/119     23.2G    0.0448     0.035   0.01334   0.09314       269       640    0.4777    0.6474    0.5801    0.3445   0.04224   0.02431   0.01944
    15/119     23.2G   0.04458   0.03463   0.01297   0.09219       273       640    0.4388    0.7395    0.6383    0.3923   0.03956   0.02292   0.01416
    16/119     23.2G   0.04425   0.03432   0.01258   0.09115       268       640    0.5046    0.7183    0.6479    0.3956   0.03969   0.02244    0.0151
    17/119     23.2G   0.04401   0.03395   0.01259   0.09054       333       640     0.482    0.6177    0.5575    0.3207   0.04317   0.02482   0.02091
    18/119     23.2G   0.04398   0.03387   0.01251   0.09036       289       640    0.5068    0.7113    0.6399    0.3874   0.04083   0.02277   0.01638
    19/119     23.2G   0.04381   0.03409   0.01229    0.0902       252       640    0.5021    0.7113    0.6381    0.3896   0.03988   0.02262   0.01434
    20/119     23.2G   0.04366   0.03364   0.01221   0.08952       249       640    0.4909    0.7174    0.6466    0.3972   0.03921    0.0224   0.01351
    21/119     23.2G   0.04327   0.03327   0.01208   0.08861       234       640    0.5497    0.7048    0.6597    0.4103   0.03944   0.02236    0.0141
    22/119     23.2G   0.04326   0.03379   0.01167   0.08871       183       640    0.5339    0.7164    0.6677    0.4182   0.03891    0.0221   0.01351
    23/119     23.2G   0.04294   0.03343    0.0117   0.08807       308       640    0.5697    0.7212    0.6699    0.4163   0.03916   0.02187   0.01403
    24/119     23.2G   0.04275   0.03307   0.01125   0.08706       306       640    0.5319    0.7232    0.6626    0.4193   0.03836   0.02194   0.01312
    25/119     23.2G   0.04273   0.03305   0.01136   0.08713       257       640     0.551    0.7206    0.6689    0.4233   0.03875   0.02194   0.01485
    26/119     23.2G   0.04257   0.03282   0.01116   0.08655       237       640    0.5328     0.737    0.6711     0.419   0.03867   0.02158   0.01412
    27/119     23.2G   0.04227   0.03288   0.01099   0.08615       320       640    0.5235    0.7399    0.6774    0.4261   0.03809   0.02194   0.01318
    28/119     23.2G   0.04248   0.03299   0.01089   0.08636       217       640    0.5524    0.7471    0.6885    0.4384   0.03782    0.0215   0.01221
    29/119     23.2G   0.04201    0.0326   0.01079    0.0854       277       640    0.5471    0.7483    0.6931    0.4416   0.03774    0.0216   0.01172
    30/119     23.2G   0.04202   0.03284   0.01071   0.08557       253       640    0.5424    0.7524    0.6963    0.4405   0.03826   0.02157   0.01155
    31/119     23.2G   0.04204   0.03262   0.01057   0.08522       252       640    0.5577    0.7535    0.6975    0.4466   0.03719   0.02128   0.01207
    32/119     23.2G   0.04162   0.03211   0.01053   0.08426       265       640    0.5738    0.7357    0.6898    0.4388   0.03761   0.02153   0.01213
    33/119     23.2G   0.04173   0.03252   0.01042   0.08467       234       640    0.5995    0.7431    0.7005    0.4514   0.03709   0.02142   0.01158
    34/119     23.2G   0.04139   0.03233   0.01039   0.08411       236       640    0.5542    0.7581     0.707     0.459    0.0366   0.02118   0.01125
    35/119     23.2G   0.04128   0.03221   0.01025   0.08374       262       640    0.5746    0.7459     0.699    0.4554   0.03692   0.02123   0.01164
    36/119     23.2G    0.0413   0.03199   0.01001   0.08331       260       640    0.5625    0.7584    0.7054    0.4617   0.03673   0.02119   0.01119
    37/119     23.2G   0.04132   0.03222   0.01018   0.08373       392       640    0.5743    0.7548    0.7068    0.4642   0.03665   0.02108   0.01151
    38/119     23.2G   0.04092   0.03159   0.01003   0.08253       235       640    0.5942    0.7591    0.7131    0.4705   0.03681   0.02115   0.01166
    39/119     23.2G   0.04103   0.03174   0.01004   0.08281       318       640    0.5635    0.7589    0.7136    0.4705   0.03669   0.02112   0.01181
    40/119     23.2G    0.0408   0.03165  0.009862   0.08231       373       640     0.577    0.7563    0.7123    0.4706   0.03642   0.02113   0.01104
    41/119     23.2G   0.04078   0.03146  0.009792   0.08202       282       640    0.5656    0.7612    0.7081    0.4665   0.03629   0.02111   0.01099
    42/119     23.2G    0.0405    0.0315  0.009633   0.08163       258       640    0.5834    0.7644    0.7142     0.472   0.03602   0.02098   0.01084
    43/119     23.2G    0.0407    0.0313  0.009562   0.08156       329       640    0.5854    0.7694    0.7168    0.4758    0.0359   0.02084   0.01095
    44/119     23.2G   0.04039   0.03139  0.009493   0.08127       238       640    0.5947    0.7599    0.7186    0.4735   0.03657   0.02112   0.01106
    45/119     23.2G   0.04026   0.03131  0.009419   0.08099       289       640    0.5783    0.7746    0.7226    0.4787    0.0357    0.0208   0.01065
    46/119     23.2G      0.04   0.03122  0.009355   0.08057       294       640    0.5825    0.7697    0.7216    0.4825   0.03569   0.02086   0.01045
    47/119     23.2G   0.04007   0.03117  0.009337   0.08058       316       640    0.5858    0.7717    0.7207    0.4802   0.03594   0.02093   0.01075
    48/119     23.2G   0.03981    0.0309  0.009273   0.07998       257       640    0.5856    0.7743    0.7227    0.4826   0.03586   0.02102   0.01079
    49/119     23.2G   0.03975   0.03085  0.009264   0.07986       310       640    0.5743    0.7778    0.7283    0.4874    0.0355   0.02079   0.01065
    50/119     23.2G   0.03987   0.03104  0.009215   0.08013       349       640    0.5843    0.7697    0.7252    0.4822   0.03591   0.02097   0.01037
    51/119     23.2G    0.0395   0.03046  0.009153   0.07912       246       640    0.5949    0.7711    0.7249    0.4836   0.03569   0.02103   0.01035
    52/119     23.2G    0.0395   0.03054   0.00911   0.07915       204       640    0.5868    0.7741    0.7297    0.4882   0.03553    0.0209   0.01018
    53/119     23.2G    0.0393   0.03066  0.008936    0.0789       270       640    0.5896    0.7747    0.7259    0.4874   0.03554   0.02092   0.01026
    54/119     23.2G   0.03926   0.03027  0.008928   0.07845       209       640    0.5859    0.7758    0.7277    0.4897   0.03533   0.02092  0.009976
    55/119     23.2G   0.03891    0.0305  0.008834   0.07824       215       640    0.5938    0.7782    0.7314    0.4896   0.03535   0.02096   0.01007
    56/119     23.2G   0.03905   0.03055  0.008571   0.07816       254       640    0.5896    0.7807     0.732    0.4929   0.03522   0.02094   0.01009
    57/119     23.2G   0.03895   0.03033  0.008718     0.078       328       640    0.5859     0.776    0.7296    0.4929   0.03535   0.02094    0.0102
    58/119     23.2G   0.03876   0.03027   0.00857   0.07761       335       640    0.5855    0.7803    0.7322    0.4916   0.03541   0.02089   0.01017
    59/119     23.2G   0.03869    0.0299  0.008646   0.07723       272       640    0.5956    0.7716    0.7291    0.4905   0.03538   0.02089   0.01024
    60/119     23.2G   0.03873   0.02983  0.008513   0.07707       285       640    0.5972    0.7734    0.7284    0.4917   0.03534   0.02093   0.01034
    61/119     23.2G   0.03836    0.0299  0.008439    0.0767       271       640    0.5985    0.7735    0.7299    0.4912   0.03538   0.02093   0.01032
    62/119     23.2G   0.03824   0.02974  0.008303   0.07628       299       640    0.5985    0.7789    0.7302    0.4909   0.03528   0.02095   0.01027
    63/119     23.2G   0.03826   0.02981  0.008242   0.07631       291       640    0.6001    0.7773      0.73    0.4922   0.03527    0.0209   0.01037
    64/119     23.2G     0.038   0.02947   0.00824   0.07571       304       640    0.6013    0.7753    0.7288    0.4914    0.0353   0.02094   0.01048
    65/119     23.2G   0.03821   0.02967  0.008164   0.07605       332       640    0.6032    0.7756    0.7294    0.4924   0.03522   0.02095   0.01044
    66/119     23.2G   0.03793   0.02948  0.008036   0.07545       238       640    0.6053    0.7772    0.7302    0.4938   0.03524   0.02095   0.01044
    67/119     23.2G    0.0379   0.02944  0.007976   0.07531       285       640    0.6054    0.7744     0.731    0.4943   0.03519   0.02094   0.01037
    68/119     23.2G   0.03771   0.02962  0.007904   0.07524       349       640    0.6065    0.7754    0.7311    0.4943   0.03526   0.02097   0.01041
    69/119     23.2G   0.03767   0.02946  0.007811   0.07494       254       640    0.6031    0.7772    0.7317    0.4952   0.03527   0.02097   0.01038
    70/119     23.2G   0.03745   0.02902  0.007895   0.07437       311       640    0.6019    0.7784    0.7333    0.4967   0.03526   0.02098   0.01043
    71/119     23.2G   0.03735   0.02905  0.007744   0.07415       357       640    0.6054    0.7778    0.7317    0.4961   0.03521   0.02099   0.01044
    72/119     23.2G   0.03722   0.02884  0.007526   0.07358       273       640    0.6038    0.7756    0.7319    0.4965   0.03515     0.021   0.01043
    73/119     23.2G   0.03698   0.02893  0.007653   0.07357       250       640    0.6056    0.7775     0.732    0.4968   0.03514   0.02101   0.01047
    74/119     23.2G   0.03708   0.02862  0.007618   0.07332       255       640    0.6071    0.7776    0.7326    0.4963   0.03515   0.02105   0.01048
    75/119     23.2G   0.03698   0.02887  0.007469   0.07332       185       640    0.6084    0.7774     0.733    0.4969   0.03512   0.02107   0.01045
    76/119     23.2G   0.03653   0.02888  0.007437   0.07284       331       640     0.608    0.7778    0.7326    0.4974   0.03511   0.02109   0.01048
    77/119     23.2G   0.03654   0.02821  0.007443    0.0722       312       640    0.6086     0.777     0.732    0.4974   0.03511   0.02112   0.01052
    78/119     23.2G   0.03642   0.02808  0.007411   0.07192       316       640    0.6101    0.7767    0.7311    0.4971   0.03508   0.02113   0.01055
    79/119     23.2G   0.03648   0.02824   0.00722   0.07194       232       640    0.6093    0.7751    0.7309    0.4967   0.03508   0.02115   0.01058
    80/119     23.2G   0.03632   0.02825  0.007241   0.07182       244       640    0.6097    0.7759    0.7313    0.4977   0.03508   0.02118   0.01057
    81/119     23.2G    0.0362   0.02801  0.007245   0.07145       307       640    0.6078    0.7743    0.7309    0.4975   0.03509   0.02121   0.01059
    82/119     23.2G   0.03579   0.02809   0.00706   0.07094       242       640    0.6075    0.7754    0.7305    0.4976    0.0351   0.02122   0.01059
    83/119     23.2G     0.036    0.0281  0.007115   0.07121       271       640      0.61    0.7757    0.7304    0.4978   0.03512   0.02124    0.0106
    84/119     23.2G   0.03579   0.02789  0.007069   0.07075       253       640    0.6088    0.7759    0.7305    0.4983   0.03513   0.02126    0.0106
    85/119     23.2G   0.03583   0.02796   0.00705   0.07083       429       640    0.6096    0.7755    0.7305    0.4983   0.03514   0.02127   0.01061
    86/119     23.2G   0.03557    0.0277  0.006927    0.0702       344       640    0.6106    0.7762     0.732    0.4986   0.03515   0.02128   0.01063
    87/119     23.2G    0.0355    0.0276  0.006958   0.07006       252       640    0.6116    0.7751     0.732    0.4987   0.03515    0.0213   0.01065
    88/119     23.2G   0.03534   0.02742  0.006869   0.06963       274       640    0.6099    0.7747     0.732    0.4988   0.03515   0.02132   0.01065
    89/119     23.2G   0.03534   0.02732  0.006857   0.06952       241       640    0.6093    0.7729    0.7322    0.4989   0.03516   0.02134   0.01066
    90/119     23.2G   0.03515   0.02717  0.006775    0.0691       195       640    0.6092    0.7733    0.7322    0.4988   0.03516   0.02135   0.01066
    91/119     23.2G   0.03513   0.02738  0.006765   0.06927       270       640    0.6089    0.7733    0.7319    0.4985   0.03517   0.02137   0.01068
    92/119     23.2G   0.03485   0.02714  0.006671   0.06867       262       640    0.6093    0.7731     0.732    0.4981   0.03517   0.02139    0.0107
    93/119     23.2G   0.03493   0.02704  0.006624   0.06859       243       640    0.6103    0.7732    0.7316    0.4981   0.03519   0.02141   0.01071
    94/119     23.2G   0.03479   0.02706  0.006595   0.06844       313       640    0.6106    0.7724    0.7315    0.4984   0.03519   0.02143   0.01073
    95/119     23.2G   0.03466   0.02695   0.00654   0.06815       235       640    0.6118    0.7723    0.7316    0.4983    0.0352   0.02143   0.01073
    96/119     23.2G    0.0345   0.02667  0.006484   0.06766       276       640    0.6119    0.7718    0.7316    0.4983   0.03521   0.02144   0.01074
    97/119     23.2G   0.03441   0.02669  0.006537   0.06764       309       640    0.6123    0.7714    0.7314    0.4982   0.03523   0.02146   0.01074
    98/119     23.2G   0.03442   0.02658  0.006408   0.06741       247       640    0.6134    0.7717    0.7312    0.4984   0.03525   0.02148   0.01075
    99/119     23.2G   0.03431   0.02659  0.006306    0.0672       234       640    0.6126    0.7707     0.731    0.4983   0.03527   0.02148   0.01075
   100/119     23.2G   0.03418    0.0264  0.006349   0.06693       303       640    0.6121    0.7701    0.7312    0.4983   0.03529   0.02149   0.01076
   101/119     23.2G   0.03401   0.02627  0.006336   0.06662       250       640    0.6123    0.7693    0.7312    0.4985    0.0353    0.0215   0.01078
   102/119     23.2G   0.03404   0.02643  0.006337    0.0668       306       640    0.6139    0.7692    0.7312    0.4988   0.03532   0.02151   0.01078
   103/119     23.2G   0.03382   0.02632  0.006218   0.06636       262       640    0.6137    0.7682    0.7307    0.4988   0.03533   0.02153   0.01079
   104/119     23.2G   0.03387   0.02631  0.006241   0.06642       280       640    0.6149    0.7679    0.7309     0.499   0.03535   0.02154    0.0108
   105/119     23.2G   0.03371   0.02609  0.006148   0.06595       229       640    0.6153     0.768     0.731    0.4987   0.03536   0.02155    0.0108
   106/119     23.2G   0.03359   0.02589  0.006137   0.06562       265       640    0.6154    0.7675    0.7312     0.499   0.03537   0.02156   0.01081
   107/119     23.2G    0.0337   0.02624  0.006092   0.06603       260       640    0.6148    0.7664    0.7308    0.4993   0.03539   0.02157   0.01082
   108/119     23.2G    0.0334   0.02592  0.005998   0.06532       244       640    0.6161    0.7658    0.7307    0.4997    0.0354   0.02159   0.01083
   109/119     23.2G   0.03353   0.02597  0.006047   0.06555       310       640    0.6173    0.7659    0.7304    0.4994    0.0354    0.0216   0.01084
   110/119     23.2G   0.03352   0.02589  0.005944   0.06535       287       640    0.6174    0.7663      0.73    0.4995   0.03541   0.02161   0.01085
   111/119     23.2G   0.03318   0.02583  0.006051   0.06506       326       640    0.6185    0.7664    0.7298    0.4995   0.03542   0.02162   0.01086
   112/119     23.2G   0.03321   0.02574  0.005913   0.06486       287       640    0.6192    0.7653    0.7297    0.4996   0.03544   0.02163   0.01087
   113/119     23.2G   0.03319   0.02554  0.005926   0.06466       282       640    0.6212    0.7653    0.7297    0.4993   0.03544   0.02165   0.01088
   114/119     23.2G   0.03317   0.02573  0.006034   0.06493       213       640     0.623    0.7656      0.73    0.4995   0.03545   0.02166    0.0109
   115/119     23.2G   0.03291   0.02571  0.005975    0.0646       262       640    0.6232    0.7648    0.7297    0.4995   0.03546   0.02167   0.01091
   116/119     23.2G   0.03298   0.02564  0.005995   0.06461       244       640    0.6243    0.7645    0.7295    0.4996   0.03547   0.02168   0.01093
   117/119     23.2G   0.03306   0.02558  0.005894   0.06453       291       640    0.6255    0.7647    0.7295    0.4997   0.03548   0.02169   0.01093
   118/119     23.2G   0.03303   0.02555  0.005917    0.0645       235       640    0.6265    0.7646    0.7297    0.4998   0.03548    0.0217   0.01094
   119/119     23.2G     0.033   0.02568   0.00591   0.06459       257       640    0.6269    0.7643    0.7297    0.4996   0.03549   0.02171   0.01094
