0 0.25555555555555554 0.38746223564954685 0.02666666666666667 0.11933534743202417
0 0.007222222222222222 0.4033232628398791 0.014444444444444444 0.1027190332326284
0 0.13333333333333333 0.39803625377643503 0.042222222222222223 0.13141993957703926
0 0.23722222222222222 0.3950151057401813 0.022222222222222223 0.09969788519637462
0 0.49722222222222223 0.39274924471299094 0.016666666666666666 0.06042296072507553
0 0.5166666666666667 0.3919939577039275 0.01888888888888889 0.0755287009063444
0 0.45944444444444443 0.3957703927492447 0.03111111111111111 0.09818731117824774
0 0.5394444444444444 0.40105740181268884 0.015555555555555555 0.06646525679758308
0 0.555 0.4025679758308157 0.015555555555555555 0.061933534743202415
0 0.9283333333333333 0.40558912386706947 0.05444444444444444 0.2764350453172205
0 0.9583333333333334 0.4214501510574018 0.0811111111111111 0.5468277945619335
0 0.8622222222222222 0.42900302114803623 0.09111111111111111 0.30966767371601206
0 0.37777777777777777 0.5075528700906344 0.16777777777777778 0.9063444108761329
0 0.6433333333333333 0.5037764350453172 0.19333333333333333 0.8746223564954683