0 0.5640625 0.5347222222222222 0.10859375 0.5930555555555556
0 0.40390625 0.5076388888888889 0.0890625 0.4736111111111111
0 0.796875 0.5826388888888889 0.06015625 0.3458333333333333
0 0.911328125 0.6069444444444444 0.0578125 0.3347222222222222
0 0.04140625 0.4444444444444444 0.07265625 0.425
0 0.219921875 0.4909722222222222 0.11484375 0.5625
0 0.937890625 0.6347222222222222 0.1125 0.46111111111111114
0 0.262890625 0.5111111111111111 0.140625 0.6069444444444444
0 0.955859375 0.6541666666666667 0.08671875 0.5583333333333333
0 0.14765625 0.5027777777777778 0.0828125 0.5263888888888889
0 0.1234375 0.4986111111111111 0.06953125 0.3611111111111111
0 0.82890625 0.6319444444444444 0.1765625 0.6819444444444445
0 0.058984375 0.49027777777777776 0.11796875 0.4722222222222222
0 0.74140625 0.6222222222222222 0.146875 0.5958333333333333
0 0.322265625 0.5451388888888888 0.1015625 0.4666666666666667
0 0.195703125 0.5243055555555556 0.12109375 0.575
0 0.601171875 0.6013888888888889 0.1 0.5930555555555556
0 0.448046875 0.5743055555555555 0.22421875 0.8472222222222222
0 0.641796875 0.6194444444444445 0.16796875 0.6416666666666667