0 0.775 0.2125 0.09791666666666667 0.28888888888888886
0 0.9375 0.18472222222222223 0.08958333333333333 0.3
0 0.7177083333333333 0.25416666666666665 0.09791666666666667 0.26666666666666666
0 0.53125 0.325 0.11666666666666667 0.3527777777777778
0 0.7208333333333333 0.36527777777777776 0.09166666666666666 0.3
0 0.5020833333333333 0.4222222222222222 0.10625 0.26666666666666666
0 0.8447916666666667 0.3527777777777778 0.125 0.35
0 0.9270833333333334 0.33611111111111114 0.12083333333333333 0.34444444444444444
0 0.6875 0.4 0.0875 0.30833333333333335
0 0.5958333333333333 0.4236111111111111 0.10416666666666667 0.3416666666666667
0 0.12708333333333333 0.5583333333333333 0.12916666666666668 0.3194444444444444
0 0.3854166666666667 0.5027777777777778 0.08333333333333333 0.25555555555555554
0 0.4510416666666667 0.5138888888888888 0.12083333333333333 0.3416666666666667
0 0.3375 0.5888888888888889 0.17916666666666667 0.36944444444444446
0 0.22604166666666667 0.6666666666666666 0.16458333333333333 0.4
0 0.14791666666666667 0.6972222222222222 0.07708333333333334 0.3111111111111111
0 0.6885416666666667 0.5819444444444445 0.15208333333333332 0.36944444444444446
0 0.8145833333333333 0.5541666666666667 0.17916666666666667 0.40555555555555556
0 0.11145833333333334 0.725 0.12083333333333333 0.375
0 0.33541666666666664 0.6736111111111112 0.14583333333333334 0.375
0 0.06145833333333333 0.7402777777777778 0.12291666666666666 0.41388888888888886
0 0.23645833333333333 0.7236111111111111 0.11458333333333333 0.33611111111111114
0 0.5114583333333333 0.6708333333333333 0.1375 0.39444444444444443
0 0.42291666666666666 0.7138888888888889 0.13333333333333333 0.3527777777777778