0 0.22083333333333333 0.21944444444444444 0.09375 0.2861111111111111
0 0.058333333333333334 0.19444444444444445 0.08541666666666667 0.3
0 0.2791666666666667 0.25972222222222224 0.09375 0.26666666666666666
0 0.4666666666666667 0.325 0.1125 0.3527777777777778
0 0.27708333333333335 0.36944444444444446 0.0875 0.3
0 0.496875 0.4222222222222222 0.10416666666666667 0.26666666666666666
0 0.15416666666666667 0.3611111111111111 0.12083333333333333 0.35
0 0.07083333333333333 0.3458333333333333 0.11666666666666667 0.3416666666666667
0 0.31145833333333334 0.4041666666666667 0.08541666666666667 0.3055555555555556
0 0.403125 0.4263888888888889 0.1 0.3416666666666667
0 0.8739583333333333 0.55 0.12708333333333333 0.3194444444444444
0 0.6145833333333334 0.5 0.08125 0.25555555555555554
0 0.5489583333333333 0.5125 0.11666666666666667 0.3388888888888889
0 0.6635416666666667 0.5847222222222223 0.175 0.36944444444444446
0 0.7760416666666666 0.6597222222222222 0.16041666666666668 0.3972222222222222
0 0.8552083333333333 0.6888888888888889 0.07291666666666667 0.3111111111111111
0 0.3125 0.5875 0.14791666666666667 0.36944444444444446
0 0.18541666666666667 0.5611111111111111 0.175 0.4027777777777778
0 0.8916666666666667 0.7166666666666667 0.11666666666666667 0.375
0 0.6666666666666666 0.6708333333333333 0.14166666666666666 0.37222222222222223
0 0.940625 0.7291666666666666 0.11666666666666667 0.41388888888888886
0 0.7666666666666667 0.7180555555555556 0.11041666666666666 0.33611111111111114
0 0.49166666666666664 0.6708333333333333 0.13333333333333333 0.39444444444444443
0 0.5802083333333333 0.7125 0.12916666666666668 0.35