0 0.9271875 0.6115668580803938 0.066875 0.1878589007383101
0 0.890625 0.6210008203445447 0.086875 0.2526661197703035
0 0.5671875 0.5373256767842494 0.069375 0.2124692370795734
0 0.96 0.6566858080393765 0.079375 0.2280557834290402
0 0.535625 0.5377358490566038 0.1075 0.2690730106644791
0 0.4209375 0.514766201804758 0.1025 0.27399507793273176
0 0.604375 0.571780147662018 0.09875 0.25676784249384743
0 0.2240625 0.4745693191140279 0.114375 0.347005742411813
0 0.083125 0.4413453650533224 0.16625 0.4167350287120591
0 0.155 0.4753896636587367 0.148125 0.4257588187038556
0 0.3903125 0.5484003281378179 0.163125 0.347005742411813
0 0.473125 0.5754716981132075 0.148125 0.36833470057424117
0 0.25375 0.5188679245283019 0.155 0.4257588187038556
0 0.321875 0.5561936013125512 0.17875 0.4364232977850697
0 0.6425 0.6648892534864643 0.20625 0.5151763740771124
0 0.6990625 0.6923707957342083 0.216875 0.55701394585726
0 0.77 0.7399507793273175 0.215 0.5184577522559475