0 0.285 0.30513595166163143 0.042222222222222223 0.12235649546827794
0 0.04055555555555555 0.2326283987915408 0.03111111111111111 0.1027190332326284
0 0.165 0.2726586102719033 0.058888888888888886 0.13897280966767372
0 0.26611111111111113 0.3066465256797583 0.035555555555555556 0.10120845921450151
0 0.5177777777777778 0.3957703927492447 0.025555555555555557 0.0634441087613293
0 0.5366666666666666 0.40181268882175225 0.028888888888888888 0.07854984894259819
0 0.48055555555555557 0.3851963746223565 0.044444444444444446 0.1027190332326284
0 0.5572222222222222 0.41842900302114805 0.024444444444444446 0.06948640483383686
0 0.5711111111111111 0.425226586102719 0.024444444444444446 0.0649546827794562
0 0.9316666666666666 0.5596676737160121 0.09222222222222222 0.2824773413897281
0 0.9394444444444444 0.5868580060422961 0.11888888888888889 0.5513595166163142
0 0.8633333333333333 0.5589123867069486 0.1322222222222222 0.324773413897281
0 0.38055555555555554 0.4637462235649547 0.29 0.9214501510574018
0 0.6377777777777778 0.5521148036253777 0.3111111111111111 0.8927492447129909