0 0.7927083333333333 0.24583333333333332 0.08125 0.2833333333333333
0 0.95625 0.2361111111111111 0.07083333333333333 0.2972222222222222
0 0.7333333333333333 0.28055555555555556 0.08125 0.2611111111111111
0 0.5416666666666666 0.32916666666666666 0.09583333333333334 0.35
0 0.7291666666666666 0.39166666666666666 0.07291666666666667 0.2972222222222222
0 0.5072916666666667 0.4222222222222222 0.09166666666666666 0.2611111111111111
0 0.853125 0.39305555555555555 0.10416666666666667 0.34444444444444444
0 0.9354166666666667 0.3861111111111111 0.1 0.3388888888888889
0 0.69375 0.4222222222222222 0.06875 0.3055555555555556
0 0.6 0.43472222222222223 0.08333333333333333 0.3388888888888889
0 0.125 0.5138888888888888 0.11041666666666666 0.3111111111111111
0 0.3854166666666667 0.49027777777777776 0.06875 0.25277777777777777
0 0.45 0.5083333333333333 0.1 0.33611111111111114
0 0.33229166666666665 0.5694444444444444 0.15833333333333333 0.35833333333333334
0 0.215625 0.6333333333333333 0.14166666666666666 0.3888888888888889
0 0.13541666666666666 0.6555555555555556 0.058333333333333334 0.3111111111111111
0 0.6822916666666666 0.6041666666666666 0.13125 0.3611111111111111
0 0.8104166666666667 0.5902777777777778 0.15625 0.39444444444444443
0 0.09791666666666667 0.6791666666666667 0.09791666666666667 0.37222222222222223
0 0.325 0.6541666666666667 0.125 0.36666666666666664
0 0.04895833333333333 0.6861111111111111 0.09791666666666667 0.4111111111111111
0 0.22291666666666668 0.6930555555555555 0.09375 0.3333333333333333
0 0.5 0.6708333333333333 0.11458333333333333 0.3888888888888889
0 0.4083333333333333 0.7041666666666667 0.1125 0.34444444444444444