0 0.436328125 0.5368055555555555 0.1140625 0.5944444444444444
0 0.59609375 0.5048611111111111 0.09296875 0.475
0 0.20390625 0.5916666666666667 0.06328125 0.3472222222222222
0 0.08984375 0.6194444444444445 0.0609375 0.3347222222222222
0 0.9578125 0.42986111111111114 0.0765625 0.425
0 0.7796875 0.4826388888888889 0.11953125 0.5638888888888889
0 0.063671875 0.6486111111111111 0.11640625 0.4625
0 0.737109375 0.5034722222222222 0.14609375 0.6083333333333333
0 0.04609375 0.6680555555555555 0.0921875 0.5583333333333333
0 0.85234375 0.49166666666666664 0.0875 0.5263888888888889
0 0.8765625 0.48680555555555555 0.0734375 0.3625
0 0.17265625 0.6423611111111112 0.1828125 0.6847222222222222
0 0.939453125 0.47638888888888886 0.11953125 0.475
0 0.259765625 0.6291666666666667 0.15234375 0.5986111111111111
0 0.678125 0.5395833333333333 0.10546875 0.46805555555555556
0 0.804296875 0.5145833333333333 0.12578125 0.5763888888888888
0 0.399609375 0.6041666666666666 0.10625 0.5930555555555556
0 0.552734375 0.5722222222222222 0.23203125 0.8513888888888889
0 0.359375 0.6236111111111111 0.1734375 0.6444444444444445