0 0.8616666666666667 0.52375 0.043333333333333335 0.1225
0 0.9366666666666666 0.53375 0.051666666666666666 0.18
0 0.9775 0.5375 0.043333333333333335 0.1675
0 0.215 0.5275 0.04666666666666667 0.2125
0 0.0675 0.53125 0.06666666666666667 0.265
0 0.018333333333333333 0.53125 0.03666666666666667 0.2625
0 0.7375 0.5725 0.06333333333333334 0.3775
0 0.4891666666666667 0.575 0.07166666666666667 0.2925
0 0.43416666666666665 0.5725 0.055 0.26
0 0.3641666666666667 0.5725 0.045 0.2625
0 0.4025 0.5775 0.06166666666666667 0.3075
0 0.6283333333333333 0.6175 0.23333333333333334 0.76
0 0.14583333333333334 0.61 0.16333333333333333 0.595
0 0.78 0.6475 0.06666666666666667 0.2975
0 0.2875 0.63625 0.125 0.565