0 0.9340625 0.4528301886792453 0.04375 0.1837571780147662
0 0.9009375 0.4749794913863823 0.05625 0.24774405250205087
0 0.5725 0.5114848236259228 0.043125 0.2100082034454471
0 0.974375 0.48400328137817883 0.05 0.2247744052502051
0 0.5421875 0.5233798195242002 0.075 0.2608695652173913
0 0.4271875 0.5426579163248565 0.069375 0.2666119770303528
0 0.6153125 0.5311730926989335 0.068125 0.24938474159146842
0 0.229375 0.5754716981132075 0.070625 0.3420836751435603
0 0.078125 0.5976210008203445 0.13625 0.3978671041837572
0 0.163125 0.601312551271534 0.095625 0.41755537325676784
0 0.405 0.5861361771944217 0.123125 0.32977850697292865
0 0.49 0.5824446267432322 0.10375 0.35684987694831827
0 0.2675 0.6070549630844955 0.103125 0.4167350287120591
0 0.3403125 0.6185397867104184 0.126875 0.42165709598031176
0 0.6715625 0.6070549630844955 0.145 0.49876948318293685
0 0.7315625 0.6132075471698113 0.15 0.5406070549630845
0 0.811875 0.6423297785069729 0.15 0.5200984413453651