0 0.13833333333333334 0.495 0.041666666666666664 0.12
0 0.0625 0.5 0.05 0.1775
0 0.021666666666666667 0.5 0.041666666666666664 0.165
0 0.7833333333333333 0.55 0.043333333333333335 0.21
0 0.9308333333333333 0.565 0.06333333333333334 0.265
0 0.9816666666666667 0.57 0.035 0.26
0 0.26 0.55375 0.06 0.3775
0 0.5083333333333333 0.575 0.06833333333333333 0.2925
0 0.5633333333333334 0.5775 0.051666666666666666 0.2575
0 0.6333333333333333 0.58375 0.041666666666666664 0.26
0 0.595 0.585 0.058333333333333334 0.3075
0 0.36833333333333335 0.61375 0.22166666666666668 0.765
0 0.85 0.6375 0.15666666666666668 0.5925
0 0.215 0.625 0.06333333333333334 0.2975
0 0.7075 0.6525 0.11833333333333333 0.5625