0 0.78 0.3330188679245283 0.02125 0.045283018867924525
0 0.895 0.30849056603773584 0.0325 0.09622641509433963
0 0.6925 0.45 0.10125 0.3660377358490566
0 0.48375 0.5122641509433963 0.08625 0.3754716981132076
0 0.5275 0.5103773584905661 0.11375 0.41320754716981134
0 0.2825 0.590566037735849 0.10125 0.37924528301886795
0 0.551875 0.5179245283018868 0.14125 0.49245283018867925
0 0.12 0.660377358490566 0.11375 0.41320754716981134
0 0.258125 0.6216981132075472 0.12375 0.38301886792452833
0 0.645 0.5103773584905661 0.19375 0.5679245283018868
0 0.186875 0.6462264150943396 0.12625 0.4056603773584906
0 0.344375 0.6009433962264151 0.1325 0.39433962264150946
0 0.449375 0.5792452830188679 0.15875 0.4660377358490566
0 0.06125 0.7 0.1225 0.4867924528301887