0 0.2225 0.3264150943396226 0.02125 0.045283018867924525
0 0.1075 0.2981132075471698 0.03375 0.09622641509433963
0 0.308125 0.44528301886792454 0.105 0.3660377358490566
0 0.51625 0.5132075471698113 0.09 0.37358490566037733
0 0.4725 0.5094339622641509 0.1175 0.41320754716981134
0 0.71625 0.5962264150943396 0.105 0.37924528301886795
0 0.4475 0.5169811320754717 0.14625 0.49245283018867925
0 0.878125 0.6707547169811321 0.1175 0.41320754716981134
0 0.740625 0.6283018867924528 0.1275 0.3849056603773585
0 0.355 0.5066037735849057 0.19875 0.569811320754717
0 0.81125 0.6547169811320754 0.13125 0.4075471698113208
0 0.654375 0.6047169811320755 0.13625 0.39433962264150946
0 0.55 0.5801886792452831 0.16375 0.4660377358490566
0 0.93625 0.7122641509433962 0.125 0.48867924528301887