0 0.9190625 0.344954881050041 0.069375 0.1878589007383101
0 0.8896875 0.3748974569319114 0.09 0.2526661197703035
0 0.5728125 0.49302707136997537 0.0725 0.2124692370795734
0 0.96125 0.36546349466776046 0.07625 0.22887612797374898
0 0.545 0.5123051681706317 0.110625 0.26989335520918784
0 0.4346875 0.5602953240360952 0.105625 0.27399507793273176
0 0.6178125 0.5016406890894175 0.101875 0.2575881870385562
0 0.2453125 0.6415094339622641 0.118125 0.347005742411813
0 0.1 0.7013945857260049 0.18875 0.41755537325676784
0 0.1840625 0.6837571780147662 0.153125 0.4257588187038556
0 0.4190625 0.6082854799015587 0.166875 0.34782608695652173
0 0.5021875 0.583264971287941 0.151875 0.36915504511895
0 0.2871875 0.6636587366694011 0.16 0.4265791632485644
0 0.360625 0.6562756357670222 0.18375 0.4372436423297785
0 0.6840625 0.5619360131255127 0.2125 0.5159967186218212
0 0.74375 0.5529122231337161 0.223125 0.5578342904019689
0 0.8265625 0.5619360131255127 0.220625 0.5381460213289582