0 0.800625 0.519811320754717 0.0225 0.045283018867924525
0 0.9125 0.5669811320754717 0.035 0.09811320754716982
0 0.68875 0.5726415094339623 0.10875 0.36792452830188677
0 0.481875 0.5009433962264151 0.09375 0.37358490566037733
0 0.5225 0.5264150943396226 0.1225 0.41320754716981134
0 0.276875 0.4490566037735849 0.10875 0.37924528301886795
0 0.5425 0.5490566037735849 0.15125 0.49245283018867925
0 0.11 0.41320754716981134 0.1225 0.41320754716981134
0 0.245625 0.46320754716981133 0.13125 0.3849056603773585
0 0.63 0.5981132075471698 0.205 0.5716981132075472
0 0.175 0.44150943396226416 0.135 0.4075471698113208
0 0.330625 0.4962264150943396 0.14 0.39433962264150946
0 0.431875 0.5415094339622641 0.16875 0.4679245283018868
0 0.05625 0.40943396226415096 0.1125 0.4867924528301887