0 0.86 0.44875 0.04833333333333333 0.125
0 0.9358333333333333 0.4425 0.06 0.185
0 0.9741666666666666 0.43875 0.04833333333333333 0.1725
0 0.22 0.58625 0.056666666666666664 0.215
0 0.07416666666666667 0.62125 0.07833333333333334 0.27
0 0.025 0.6325 0.05 0.265
0 0.7416666666666667 0.5225 0.08 0.3825
0 0.49583333333333335 0.57625 0.085 0.2975
0 0.44166666666666665 0.58625 0.06666666666666667 0.2625
0 0.3725 0.6 0.056666666666666664 0.265
0 0.41083333333333333 0.5975 0.07666666666666666 0.3125
0 0.6375 0.59625 0.265 0.79
0 0.15916666666666668 0.68375 0.19 0.6075
0 0.7908333333333334 0.5875 0.08 0.3025
0 0.3025 0.68 0.15 0.575