0 0.7122222222222222 0.30060422960725075 0.043333333333333335 0.12235649546827794
0 0.9555555555555556 0.22205438066465258 0.03222222222222222 0.1027190332326284
0 0.8316666666666667 0.26435045317220546 0.06111111111111111 0.13897280966767372
0 0.7316666666666667 0.30060422960725075 0.03666666666666667 0.10120845921450151
0 0.4811111111111111 0.3957703927492447 0.025555555555555557 0.0634441087613293
0 0.4622222222222222 0.4025679758308157 0.03 0.07854984894259819
0 0.5177777777777778 0.3851963746223565 0.04555555555555556 0.1027190332326284
0 0.44166666666666665 0.4199395770392749 0.024444444444444446 0.06948640483383686
0 0.42777777777777776 0.42749244712990936 0.025555555555555557 0.0649546827794562
0 0.06888888888888889 0.5694864048338368 0.09555555555555556 0.2824773413897281
0 0.06277777777777778 0.5974320241691843 0.12555555555555556 0.5513595166163142
0 0.13722222222222222 0.56797583081571 0.13555555555555557 0.324773413897281
0 0.6188888888888889 0.46148036253776437 0.3 0.9214501510574018
0 0.36277777777777775 0.5536253776435045 0.3211111111111111 0.8897280966767371