1 0.25 0.3734375 0.375 0.1
1 0.49375 0.31796875 0.09609375 0.0390625
1 0.42890625 0.3125 0.1 0.040625
0 0.378125 0.36640625 0.06875 0.1234375
0 0.03046875 0.3828125 0.06015625 0.121875
1 0.38203125 0.31171875 0.03984375 0.0234375
1 0.09296875 0.3265625 0.10234375 0.05625
0 0.76640625 0.3015625 0.025 0.053125
0 0.88671875 0.2921875 0.03125 0.053125
0 0.69921875 0.3015625 0.01875 0.040625
0 0.66484375 0.3046875 0.02890625 0.040625
0 0.56015625 0.30703125 0.01640625 0.0296875
0 0.340625 0.3203125 0.03515625 0.05625
1 0.16484375 0.31484375 0.04609375 0.0390625
0 0.21484375 0.31484375 0.01640625 0.0234375
12 0.359375 0.29140625 0.12265625 0.0515625
0 0.19140625 0.31484375 0.02890625 0.0265625
12 0.03203125 0.30390625 0.03515625 0.0359375
1 0.19765625 0.31015625 0.04609375 0.0359375
1 0.33515625 0.31328125 0.05859375 0.0296875
1 0.26015625 0.31484375 0.03359375 0.0171875
17 0.440625 0.5140625 0.12265625 0.159375
10 0.23671875 0.32265625 0.06484375 0.2953125
