1 0.58125 0.94609375 0.11875 0.08359375
1 0.63984375 0.896875 0.0328125 0.04375
0 0.33046875 0.94921875 0.0296875 0.09765625
0 0.66875 0.928125 0.015625 0.09375
1 0.9515625 0.921875 0.09375 0.11015625
1 0.8921875 0.921875 0.08125 0.08515625
1 0.85546875 0.91640625 0.0765625 0.09140625
1 0.575 0.90234375 0.05625 0.01640625
0 0.16796875 0.94453125 0.0234375 0.10625
1 0.76015625 0.91015625 0.0359375 0.05390625
0 0.478125 0.92578125 0.01875 0.06015625
0 0.1796875 0.94296875 0.01875 0.10625
1 0.7109375 0.91796875 0.071875 0.07265625
1 0.61875 0.95078125 0.040625 0.09375
1 0.8125 0.9125 0.04375 0.06640625
1 0.78828125 0.9125 0.0515625 0.0625
0 0.5015625 0.909375 0.0125 0.04375
0 0.4875 0.90703125 0.0125 0.04765625
10 0.2078125 0.56328125 0.059375 0.85625
