13 0.6921875 0.74375 0.03828125 0.19453125
13 0.665625 0.72578125 0.03046875 0.18046875
13 0.640625 0.70625 0.028125 0.1703125
13 0.6171875 0.68984375 0.028125 0.1609375
13 0.596875 0.67265625 0.02109375 0.153125
13 0.578125 0.66171875 0.01796875 0.14296875
13 0.46171875 0.57421875 0.0171875 0.1
0 0.421875 0.4875 0.03046875 0.10625
0 0.3953125 0.48515625 0.028125 0.1109375
10 0.65234375 0.24296875 0.0421875 0.47421875
10 0.79375 0.20625 0.0375 0.40859375
10 0.0875 0.24375 0.05234375 0.44609375
13 0.5515625 0.64296875 0.01328125 0.13359375
13 0.5265625 0.62578125 0.021875 0.12578125
13 0.43359375 0.55703125 0.01328125 0.08828125
13 0.44921875 0.5671875 0.0140625 0.09375
13 0.28046875 0.48984375 0.00859375 0.04453125
13 0.2890625 0.490625 0.009375 0.04453125
13 0.29765625 0.49375 0.01015625 0.046875
13 0.30546875 0.49609375 0.0109375 0.046875
13 0.31484375 0.4984375 0.009375 0.0484375
