6 0.5859375 0.659375 0.1125 0.12265625
1 0.58203125 0.603125 0.1859375 0.11015625
1 0.309375 0.56171875 0.071875 0.05234375
1 0.23203125 0.54453125 0.0671875 0.05234375
1 0.1703125 0.540625 0.04375 0.03515625
1 0.0953125 0.58125 0.115625 0.1
0 0.5828125 0.6125 0.084375 0.19609375
0 0.43671875 0.57265625 0.0359375 0.0875
0 0.36640625 0.58828125 0.0265625 0.11875
0 0.4046875 0.55625 0.025 0.05
0 0.48125 0.63515625 0.065625 0.06640625
0 0.43203125 0.63984375 0.0359375 0.05859375
0 0.51796875 0.30390625 0.0140625 0.05859375
1 0.109375 0.52890625 0.034375 0.02109375
12 0.89140625 0.56953125 0.2015625 0.18125
17 0.07109375 0.63359375 0.0234375 0.05859375
1 0.14609375 0.53515625 0.0328125 0.03359375
1 0.06328125 0.521875 0.0234375 0.01484375
0 0.384375 0.578125 0.0125 0.01875
0 0.39453125 0.61953125 0.0453125 0.08125
0 0.178125 0.58671875 0.025 0.10234375
10 0.921875 0.33359375 0.028125 0.28359375
