1 0.20234375 0.6484375 0.0828125 0.046875
1 0.0328125 0.65078125 0.065625 0.05625
1 0.27890625 0.64609375 0.0359375 0.0375
1 0.83046875 0.6578125 0.0421875 0.0328125
1 0.35078125 0.67109375 0.0546875 0.07734375
1 0.984375 0.65234375 0.028125 0.02109375
1 0.00625 0.72109375 0.0125 0.0796875
7 0.5875 0.66953125 0.425 0.3375
0 0.80625 0.71875 0.028125 0.1875
0 0.7125 0.640625 0.025 0.07734375
0 0.77421875 0.64375 0.0328125 0.0609375
1 0.959375 0.65546875 0.06875 0.0375
1 0.91328125 0.659375 0.0296875 0.03046875
1 0.05703125 0.64140625 0.0796875 0.0703125
0 0.6828125 0.62265625 0.021875 0.0375
0 0.23828125 0.63828125 0.0109375 0.02109375
1 0.00390625 0.65 0.0078125 0.04921875
12 0.35078125 0.66953125 0.0578125 0.0796875
