1 0.83515625 0.51796875 0.05234375 0.06171875
0 0.559375 0.8328125 0.26015625 0.22734375
0 0.43125 0.47421875 0.3265625 0.6734375
0 0.67421875 0.51640625 0.02109375 0.0390625
0 0.6109375 0.5796875 0.01640625 0.04609375
0 0.79375 0.48359375 0.01640625 0.0359375
0 0.7671875 0.478125 0.01796875 0.034375
0 0.77109375 0.5046875 0.01640625 0.0359375
0 0.87734375 0.43125 0.01015625 0.0296875
0 0.978125 0.3109375 0.0078125 0.02109375
1 0.7171875 0.64375 0.08203125 0.08828125
1 0.7640625 0.6046875 0.0640625 0.075
1 0.83125 0.60703125 0.08984375 0.11953125
1 0.9390625 0.440625 0.05390625 0.05078125
1 0.9828125 0.34765625 0.03125 0.0390625
1 0.8609375 0.48359375 0.05234375 0.06875
1 0.89765625 0.43671875 0.04375 0.05078125
1 0.94296875 0.384375 0.05859375 0.04609375
1 0.96171875 0.36171875 0.03125 0.02109375
1 0.8015625 0.54921875 0.0640625 0.075
12 0.82578125 0.60703125 0.08984375 0.11953125
0 0.66484375 0.5734375 0.01328125 0.0328125
