6 0.278125 0.5515625 0.171875 0.275
6 0.909375 0.290625 0.125 0.325
1 0.76953125 0.25 0.1890625 0.14453125
1 0.578125 0.22890625 0.14375 0.15859375
1 0.98671875 0.228125 0.0234375 0.071875
0 0.14375 0.49140625 0.271875 0.9828125
0 0.265625 0.265625 0.071875 0.2359375
1 0.83671875 0.196875 0.0796875 0.06640625
0 0.234375 0.325 0.090625 0.40546875
1 0.51953125 0.20859375 0.0390625 0.09453125
1 0.6359375 0.18046875 0.0875 0.071875
0 0.42578125 0.403125 0.1390625 0.50546875
9 0.4578125 0.5265625 0.20625 0.39140625
10 0.665625 0.3140625 0.028125 0.621875
