8 0.70234375 0.8515625 0.0546875 0.034375
8 0.55859375 0.83671875 0.08125 0.0359375
8 0.79453125 0.8609375 0.0484375 0.028125
8 0.4890625 0.8703125 0.05078125 0.0375
8 0.77109375 0.878125 0.0875 0.040625
1 0.93671875 0.74765625 0.08515625 0.0515625
7 0.41171875 0.7546875 0.59140625 0.209375
0 0.009375 0.803125 0.01796875 0.075
12 0.93515625 0.746875 0.0890625 0.053125
8 0.8984375 0.92734375 0.08125 0.0515625
8 0.5703125 0.86484375 0.02265625 0.0171875
8 0.56171875 0.8765625 0.0265625 0.0125
8 0.83828125 0.89765625 0.046875 0.0265625
