12 0.8984375 0.56328125 0.14375 0.07265625
0 0.26875 0.59921875 0.01875 0.06875
0 0.19296875 0.64296875 0.0265625 0.08984375
0 0.115625 0.63359375 0.021875 0.09609375
0 0.25625 0.59765625 0.01875 0.06640625
0 0.91015625 0.50703125 0.0109375 0.01484375
0 0.1890625 0.59140625 0.0125 0.0375
0 0.1296875 0.64140625 0.01875 0.08359375
0 0.57578125 0.53984375 0.0109375 0.04140625
1 0.984375 0.53046875 0.028125 0.05234375
7 0.05 0.56640625 0.1 0.12109375
7 0.11015625 0.553125 0.1390625 0.11484375
7 0.23359375 0.55234375 0.1109375 0.09140625
7 0.33125 0.54765625 0.090625 0.09140625
7 0.40078125 0.54375 0.0734375 0.0875
0 0.865625 0.50859375 0.00625 0.025
0 0.20078125 0.60234375 0.0140625 0.0625
7 0.571875 0.51953125 0.03125 0.07265625
7 0.434375 0.53515625 0.096875 0.0875
7 0.515625 0.52734375 0.096875 0.075
1 0.98671875 0.50703125 0.0234375 0.03125
1 0.965625 0.5 0.009375 0.025
1 0.98203125 0.503125 0.0328125 0.03125
0 0.90234375 0.50078125 0.0078125 0.01015625
14 0.35390625 0.68671875 0.0484375 0.08515625
