16 0.17734375 0.403125 0.05546875 0.09375
16 0.3140625 0.40546875 0.0515625 0.09609375
16 0.4265625 0.40859375 0.04765625 0.0859375
16 0.56484375 0.41484375 0.05546875 0.0984375
16 0.696875 0.41875 0.05859375 0.11015625
10 0.8859375 0.25703125 0.0140625 0.20703125
0 0.80390625 0.5484375 0.14765625 0.7203125
0 0.89296875 0.59375 0.09921875 0.38984375
0 0.22265625 0.2875 0.02734375 0.096875
9 0.2203125 0.3140625 0.0484375 0.10078125
0 0.9578125 0.48671875 0.08359375 0.53984375
10 0.86875 0.2921875 0.00546875 0.09921875
14 0.8546875 0.303125 0.01484375 0.05078125
0 0.775 0.28671875 0.034375 0.0984375
9 0.43046875 0.29609375 0.02265625 0.06015625
0 0.43046875 0.259375 0.02109375 0.03046875
0 0.39140625 0.271875 0.009375 0.0359375
0 0.3015625 0.26328125 0.00703125 0.03125
0 0.175 0.265625 0.01328125 0.06953125
0 0.19296875 0.25859375 0.01875 0.04453125
10 0.1171875 0.28203125 0.01171875 0.31953125
