1 0.76640625 0.12109375 0.0453125 0.08515625
1 0.78984375 0.01796875 0.0359375 0.0359375
7 0.40390625 0.5890625 0.2421875 0.328125
0 0.80625 0.34140625 0.0125 0.040625
0 0.92109375 0.37734375 0.0140625 0.0359375
0 0.96640625 0.95625 0.0171875 0.04296875
0 0.98671875 0.96328125 0.0171875 0.046875
0 0.98984375 0.08984375 0.0140625 0.05390625
0 0.68125 0.275 0.0125 0.04296875
0 0.66328125 0.28203125 0.0140625 0.0515625
1 0.146875 0.42109375 0.025 0.0875
0 0.79140625 0.30703125 0.0171875 0.025
0 0.73515625 0.028125 0.0171875 0.03359375
12 0.18515625 0.30703125 0.0609375 0.13671875
0 0.79140625 0.32265625 0.0171875 0.025
10 0.64453125 0.4546875 0.0359375 0.1953125
10 0.52109375 0.3671875 0.0390625 0.21796875
