1 0.66015625 0.3578125 0.1140625 0.07734375
1 0.6265625 0.36484375 0.05625 0.06796875
1 0.55546875 0.359375 0.0484375 0.075
0 0.15546875 0.34296875 0.0328125 0.0890625
0 0.98125 0.409375 0.034375 0.20390625
0 0.90390625 0.36640625 0.0359375 0.15
0 0.875 0.359375 0.040625 0.1546875
0 0.75390625 0.33359375 0.0359375 0.0890625
0 0.2109375 0.32890625 0.040625 0.05625
0 0.95234375 0.39921875 0.0203125 0.0890625
1 0.4359375 0.35078125 0.059375 0.08203125
1 0.48359375 0.36171875 0.0546875 0.09375
12 0.815625 0.32421875 0.0875 0.121875
0 0.9296875 0.3765625 0.028125 0.10546875
0 0.0140625 0.3125 0.01875 0.01875
0 0.7765625 0.3359375 0.015625 0.0703125
