1 0.05234375 0.61953125 0.1046875 0.18984375
1 0.1203125 0.54140625 0.03125 0.0375
1 0.08359375 0.54453125 0.0609375 0.06015625
1 0.3515625 0.52109375 0.05 0.0375
1 0.48359375 0.521875 0.0203125 0.03515625
1 0.45234375 0.51328125 0.0421875 0.03984375
1 0.9765625 0.50625 0.040625 0.05
0 0.3046875 0.52265625 0.01875 0.04140625
0 0.4171875 0.52734375 0.01875 0.04609375
0 0.44453125 0.53359375 0.0171875 0.05390625
0 0.26640625 0.53046875 0.0109375 0.03515625
0 0.27734375 0.515625 0.0109375 0.02265625
0 0.325 0.51484375 0.009375 0.02109375
1 0.1125 0.51640625 0.05 0.01640625
12 0.17421875 0.53515625 0.0796875 0.09140625
0 0.22421875 0.521875 0.0078125 0.03125
1 0.384375 0.52109375 0.028125 0.0375
0 0.2296875 0.52109375 0.00625 0.025
10 0.746875 0.55703125 0.034375 0.28125
10 0.40625 0.31015625 0.021875 0.50859375
9 0.496875 0.78671875 0.746875 0.42265625
