0 0.05078125 0.62890625 0.0421875 0.1875
0 0.0765625 0.63046875 0.028125 0.18984375
0 0.1078125 0.5984375 0.040625 0.1546875
0 0.13515625 0.5671875 0.0171875 0.03984375
0 0.15859375 0.64453125 0.0296875 0.2609375
0 0.184375 0.6609375 0.046875 0.22265625
0 0.23046875 0.621875 0.0578125 0.225
0 0.2609375 0.59140625 0.0125 0.065625
0 0.17265625 0.5515625 0.0078125 0.0328125
0 0.134375 0.70078125 0.053125 0.22265625
8 0.00703125 0.765625 0.0140625 0.0890625
10 0.784375 0.44453125 0.021875 0.4203125
