1 0.63125 0.19140625 0.1875 0.08359375
1 0.77890625 0.20234375 0.1296875 0.05859375
1 0.959375 0.21015625 0.075 0.0625
1 0.921875 0.17421875 0.078125 0.01875
1 0.28359375 0.17421875 0.1109375 0.07265625
1 0.215625 0.15390625 0.0875 0.0625
12 0.06015625 0.11796875 0.1203125 0.12265625
12 0.91953125 0.17421875 0.0796875 0.01875
17 0.01328125 0.17890625 0.0203125 0.04609375
0 0.5109375 0.32109375 0.096875 0.2375
1 0.50390625 0.171875 0.0828125 0.04765625
1 0.39609375 0.16640625 0.0546875 0.04140625
1 0.7375 0.175 0.0875 0.02890625
10 0.86640625 0.12890625 0.0296875 0.2578125
