7 0.89765625 0.51328125 0.2 0.25859375
7 0.18125 0.52421875 0.2421875 0.15703125
0 0.67734375 0.63828125 0.07421875 0.23203125
0 0.82265625 0.6375 0.08984375 0.22421875
0 0.503125 0.6375 0.065625 0.21328125
0 0.2328125 0.66796875 0.0578125 0.30703125
0 0.040625 0.625 0.04609375 0.15703125
0 0.18125 0.64296875 0.065625 0.22421875
0 0.765625 0.56640625 0.02421875 0.05625
0 0.73828125 0.57890625 0.0203125 0.05859375
0 0.56484375 0.575 0.01796875 0.05625
0 0.37421875 0.6296875 0.06015625 0.26171875
