7 0.15546875 0.53671875 0.1265625 0.165625
7 0.3953125 0.70390625 0.084375 0.215625
0 0.64140625 0.52109375 0.0484375 0.0796875
0 0.784375 0.51875 0.065625 0.0875
1 0.65390625 0.3515625 0.0609375 0.0546875
12 0.65078125 0.6203125 0.4796875 0.59609375
17 0.14375 0.84453125 0.08125 0.203125
1 0.93984375 0.38671875 0.1171875 0.12109375
1 0.88046875 0.45703125 0.0796875 0.0859375
1 0.9625 0.5703125 0.071875 0.0609375
1 0.028125 0.38359375 0.05625 0.03984375
1 0.71484375 0.34609375 0.0609375 0.01875
1 0.83203125 0.34609375 0.0734375 0.05234375
1 0.9796875 0.6078125 0.0375 0.03125
1 0.75078125 0.38359375 0.1765625 0.0609375
1 0.61796875 0.32734375 0.1046875 0.0359375
1 0.85 0.39140625 0.059375 0.04609375
