1 0.203125 0.73984375 0.17421875 0.12109375
1 0.0640625 0.80234375 0.128125 0.19375
1 0.63125 0.7328125 0.11015625 0.07890625
7 0.2046875 0.678125 0.25390625 0.1546875
0 0.47578125 0.77265625 0.21171875 0.4328125
0 0.76171875 0.7328125 0.028125 0.0953125
0 0.3640625 0.71640625 0.02421875 0.06171875
0 0.9453125 0.7203125 0.0296875 0.09296875
0 0.975 0.71796875 0.021875 0.10390625
17 0.78984375 0.7515625 0.015625 0.053125
0 0.85703125 0.7328125 0.02578125 0.08984375
0 0.640625 0.696875 0.0140625 0.0453125
