9 0.06484375 0.646875 0.0828125 0.34375
9 0.16015625 0.528125 0.1328125 0.159375
14 0.496875 0.63125 0.10078125 0.20703125
10 0.7015625 0.38515625 0.02734375 0.4796875
10 0.43125 0.54140625 0.01953125 0.37578125
9 0.5140625 0.465625 0.04609375 0.06328125
0 0.56640625 0.446875 0.025 0.103125
17 0.3421875 0.528125 0.0140625 0.053125
14 0.24375 0.49453125 0.05234375 0.09296875
11 0.265625 0.4390625 0.07734375 0.09375
11 0.37265625 0.45703125 0.03984375 0.0984375
11 0.76484375 0.4890625 0.1625 0.209375
