15 0.56015625 0.66640625 0.0875 0.27578125
15 0.5796875 0.4234375 0.04609375 0.16484375
15 0.6296875 0.3578125 0.0265625 0.07890625
1 0.68203125 0.290625 0.08984375 0.115625
1 0.58984375 0.26015625 0.021875 0.03125
1 0.55390625 0.265625 0.034375 0.03984375
1 0.5109375 0.26953125 0.03046875 0.053125
1 0.4796875 0.27578125 0.05234375 0.06328125
1 0.4125 0.28203125 0.0921875 0.08046875
1 0.17734375 0.30625 0.20859375 0.1453125
1 0.040625 0.3265625 0.08125 0.17578125
10 0.490625 0.17890625 0.00703125 0.1296875
