1 0.89296875 0.4296875 0.21015625 0.15
0 0.678125 0.59453125 0.27578125 0.75078125
0 0.4640625 0.4171875 0.084375 0.09609375
0 0.82734375 0.39375 0.01796875 0.0421875
0 0.3890625 0.40859375 0.0578125 0.084375
0 0.53203125 0.43359375 0.03984375 0.17734375
1 0.94609375 0.5015625 0.10390625 0.1625
1 0.82265625 0.3890625 0.0859375 0.05703125
0 0.48671875 0.4140625 0.05390625 0.10234375
0 0.22421875 0.45078125 0.03203125 0.084375
0 0.7609375 0.41875 0.021875 0.08125
0 0.07265625 0.51328125 0.07421875 0.25234375
1 0.77734375 0.428125 0.021875 0.06328125
0 0.13515625 0.428125 0.021875 0.02734375
1 0.7171875 0.43359375 0.07421875 0.06328125
0 0.30703125 0.571875 0.15 0.609375
9 0.6890625 0.67265625 0.50625 0.51015625
