15 0.38046875 0.49921875 0.1078125 0.190625
9 0.75546875 0.259375 0.21875 0.26953125
0 0.271875 0.20546875 0.121875 0.26796875
10 0.07265625 0.17265625 0.1125 0.34453125
0 0.93125 0.11171875 0.04140625 0.07578125
0 0.87578125 0.12890625 0.028125 0.05859375
0 0.7234375 0.1171875 0.02734375 0.07265625
0 0.76484375 0.12421875 0.01484375 0.0296875
0 0.63828125 0.1296875 0.021875 0.03828125
0 0.60625 0.13046875 0.03984375 0.06171875
0 0.35703125 0.121875 0.0296875 0.0453125
0 0.334375 0.11875 0.02265625 0.0421875
0 0.375 0.11953125 0.0171875 0.03125
0 0.39765625 0.128125 0.021875 0.03828125
0 0.2171875 0.11171875 0.02109375 0.04765625
9 0.09375 0.21875 0.18515625 0.14609375
9 0.9015625 0.3109375 0.13125 0.2015625
9 0.66015625 0.2484375 0.184375 0.246875
9 0.57578125 0.25703125 0.13671875 0.1828125
9 0.5296875 0.22109375 0.165625 0.20390625
0 0.41171875 0.12109375 0.01171875 0.0390625
10 0.28046875 0.06328125 0.015625 0.12421875
9 0.278125 0.29296875 0.078125 0.134375
