0 0.5015625 0.43046875 0.253125 0.5453125
0 0.95703125 0.68828125 0.0640625 0.43828125
0 0.73828125 0.69375 0.1390625 0.38515625
0 0.69921875 0.63828125 0.0671875 0.171875
0 0.5328125 0.72734375 0.05625 0.29453125
0 0.30078125 0.6453125 0.0390625 0.1484375
0 0.609375 0.725 0.09375 0.32734375
0 0.68359375 0.76484375 0.1078125 0.225
1 0.2109375 0.64765625 0.059375 0.07421875
0 0.9046875 0.66796875 0.05625 0.38984375
0 0.35859375 0.66484375 0.0640625 0.16015625
12 0.50078125 0.5765625 0.9859375 0.80546875
0 0.9453125 0.50546875 0.03125 0.0234375
1 0.61015625 0.696875 0.2640625 0.28515625
12 0.64453125 0.6984375 0.1953125 0.2921875
0 0.8515625 0.68359375 0.103125 0.42890625
