10 0.85 0.30546875 0.025 0.2859375
0 0.69765625 0.36953125 0.06796875 0.39140625
0 0.62734375 0.45703125 0.075 0.2265625
0 0.56484375 0.40546875 0.07109375 0.36640625
16 0.46875 0.3859375 0.04296875 0.075
16 0.81796875 0.3984375 0.05546875 0.1
16 0.3734375 0.38125 0.0453125 0.08125
16 0.259375 0.3796875 0.04296875 0.08359375
10 0.21171875 0.28046875 0.0125 0.27421875
14 0.27265625 0.30703125 0.02265625 0.0640625
9 0.35234375 0.29375 0.02578125 0.0765625
0 0.35234375 0.25625 0.025 0.0390625
9 0.453125 0.28671875 0.01484375 0.04453125
0 0.45234375 0.25546875 0.01328125 0.025
0 0.25078125 0.25859375 0.01171875 0.05
0 0.26484375 0.25625 0.0125 0.0390625
0 0.28828125 0.265625 0.0078125 0.04453125
13 0.91484375 0.25703125 0.021875 0.3265625
