1 0.38046875 0.565625 0.0734375 0.06875
1 0.13671875 0.55390625 0.2390625 0.11640625
1 0.0484375 0.578125 0.096875 0.11484375
1 0.4828125 0.57265625 0.05 0.04140625
1 0.33515625 0.56328125 0.0390625 0.03515625
1 0.4796875 0.52265625 0.0125 0.01640625
1 0.49140625 0.51015625 0.0109375 0.0125
17 0.6796875 0.63984375 0.225 0.69609375
1 0.42109375 0.56328125 0.0203125 0.03984375
1 0.45078125 0.56171875 0.0296875 0.01484375
1 0.4953125 0.49609375 0.0125 0.0125
1 0.27421875 0.55859375 0.0859375 0.075
12 0.04765625 0.57734375 0.0953125 0.10390625
1 0.43359375 0.565625 0.0171875 0.03125
1 0.31171875 0.571875 0.0359375 0.03984375
12 0.1421875 0.553125 0.234375 0.11875
