6 0.16953125 0.82890625 0.2359375 0.33828125
6 0.571875 0.8453125 0.328125 0.30546875
1 0.45078125 0.66015625 0.0796875 0.071875
1 0.33359375 0.6703125 0.0609375 0.05546875
0 0.5953125 0.6109375 0.275 0.76796875
0 0.13828125 0.57734375 0.2765625 0.7953125
0 0.303125 0.66484375 0.021875 0.0703125
0 0.3984375 0.659375 0.00625 0.03046875
1 0.778125 0.66015625 0.05 0.0359375
1 0.86328125 0.65859375 0.2703125 0.03984375
17 0.4671875 0.89140625 0.234375 0.2140625
0 0.86015625 0.65390625 0.0171875 0.0375
1 0.28359375 0.66171875 0.0203125 0.02890625
1 0.25859375 0.66328125 0.0453125 0.08984375
0 0.0203125 0.5484375 0.040625 0.140625
10 0.0921875 0.49921875 0.059375 0.9984375
