1 0.59140625 0.659375 0.1421875 0.05625
1 0.36171875 0.65234375 0.0984375 0.03359375
1 0.9390625 0.69609375 0.11875 0.0875
1 0.27109375 0.659375 0.0703125 0.04375
7 0.2125 0.61171875 0.1 0.08984375
7 0.18984375 0.63203125 0.1109375 0.06875
1 0.934375 0.66875 0.115625 0.04609375
12 0.14609375 0.66328125 0.0734375 0.09765625
12 0.30859375 0.64296875 0.0234375 0.02734375
12 0.06796875 0.634375 0.0421875 0.02265625
1 0.084375 0.640625 0.03125 0.01484375
10 0.4703125 0.62734375 0.0375 0.74140625
10 0.10703125 0.73671875 0.0296875 0.28125
