17 0.3171875 0.6125 0.209375 0.484375
0 0.80078125 0.33671875 0.0390625 0.1203125
0 0.71484375 0.3390625 0.0234375 0.06875
0 0.73125 0.34296875 0.015625 0.0515625
0 0.746875 0.3390625 0.025 0.075
0 0.78046875 0.3359375 0.0203125 0.084375
0 0.765625 0.3375 0.0125 0.0625
0 0.93671875 0.3234375 0.0390625 0.1
1 0.63515625 0.346875 0.0421875 0.034375
1 0.6734375 0.346875 0.021875 0.015625
7 0.56015625 0.3328125 0.0609375 0.053125
0 0.27890625 0.35546875 0.0171875 0.0484375
10 0.634375 0.2125 0.040625 0.41875
