1 0.140625 0.79296875 0.28125 0.35859375
1 0.578125 0.72890625 0.284375 0.18046875
1 0.4265625 0.6609375 0.0625 0.0890625
0 0.325 0.684375 0.021875 0.08046875
0 0.2578125 0.68046875 0.01875 0.0890625
0 0.97890625 0.68046875 0.0234375 0.121875
1 0.65859375 0.65703125 0.0921875 0.0640625
0 0.39140625 0.67890625 0.0171875 0.09140625
0 0.553125 0.675 0.028125 0.0390625
0 0.296875 0.67890625 0.015625 0.0859375
0 0.84765625 0.678125 0.0078125 0.04453125
0 0.228125 0.678125 0.021875 0.09453125
0 0.26953125 0.675 0.0171875 0.0890625
0 0.4515625 0.6765625 0.01875 0.075
0 0.23671875 0.66953125 0.0140625 0.0609375
0 0.71015625 0.66640625 0.0171875 0.05546875
12 0.03515625 0.6015625 0.0703125 0.05859375
0 0.7390625 0.69140625 0.025 0.1109375
12 0.87734375 0.7265625 0.1953125 0.18046875
7 0.5171875 0.63203125 0.13125 0.13046875
0 0.4828125 0.68046875 0.73125 0.15546875
10 0.8765625 0.315625 0.025 0.625
