1 0.81875 0.6296875 0.034375 0.0375
1 0.7703125 0.625 0.03125 0.0421875
1 0.71953125 0.61875 0.0203125 0.02109375
1 0.684375 0.61796875 0.03125 0.0234375
0 0.9078125 0.79375 0.128125 0.384375
0 0.04921875 0.76875 0.0984375 0.41953125
0 0.68671875 0.6625 0.0328125 0.08984375
0 0.9703125 0.75859375 0.05625 0.3234375
17 0.26484375 0.86640625 0.0703125 0.1578125
0 0.9375 0.62734375 0.0125 0.05625
0 0.671875 0.634375 0.0125 0.028125
0 0.95703125 0.62734375 0.0140625 0.046875
0 0.515625 0.6 0.01875 0.078125
1 0.790625 0.62734375 0.01875 0.0328125
0 0.71015625 0.81015625 0.1328125 0.375
0 0.834375 0.7453125 0.05625 0.240625
0 0.70546875 0.6625 0.0171875 0.08515625
0 0.75703125 0.66484375 0.0265625 0.12265625
10 0.33359375 0.4984375 0.0484375 0.99296875
