0 0.35078125 0.60390625 0.2734375 0.759375
0 0.73125 0.6015625 0.246875 0.76875
0 0.49609375 0.6578125 0.1140625 0.628125
0 0.55546875 0.621875 0.0828125 0.5421875
0 0.8921875 0.63515625 0.20625 0.69140625
0 0.234375 0.5640625 0.1125 0.46953125
0 0.83203125 0.53125 0.1078125 0.26875
0 0.8046875 0.4953125 0.096875 0.21015625
0 0.15625 0.6515625 0.234375 0.66328125
0 0.4375 0.38984375 0.053125 0.1078125
0 0.59375 0.6203125 0.128125 0.6328125
0 0.8359375 0.36953125 0.05 0.15390625
0 0.04296875 0.71640625 0.0859375 0.52109375
