1 0.39296875 0.52421875 0.0875 0.02421875
1 0.253125 0.53203125 0.10546875 0.0640625
1 0.61015625 0.51484375 0.0796875 0.01796875
12 0.7375 0.50703125 0.103125 0.02578125
1 0.86484375 0.50078125 0.03828125 0.021875
1 0.159375 0.53515625 0.071875 0.021875
1 0.53828125 0.51015625 0.0640625 0.0203125
1 0.90234375 0.5078125 0.02578125 0.028125
1 0.009375 0.54765625 0.01796875 0.03984375
1 0.6515625 0.51171875 0.04375 0.015625
1 0.41796875 0.51484375 0.0640625 0.01796875
1 0.7703125 0.50390625 0.04375 0.0203125
10 0.50234375 0.5796875 0.07421875 0.74765625
10 0.928125 0.33828125 0.12890625 0.67578125
