10 0.47109375 0.365625 0.02890625 0.5453125
13 0.5734375 0.61640625 0.015625 0.05390625
13 0.75078125 0.61484375 0.01484375 0.04921875
13 0.89921875 0.6 0.01484375 0.04609375
13 0.396875 0.6140625 0.015625 0.0484375
13 0.2453125 0.60234375 0.01640625 0.04921875
13 0.11953125 0.58828125 0.01640625 0.03984375
13 0.028125 0.5765625 0.01640625 0.03828125
12 0.38125 0.50625 0.1359375 0.05078125
12 0.53046875 0.5078125 0.1609375 0.053125
12 0.203125 0.50546875 0.03984375 0.02265625
10 0.23984375 0.49765625 0.0078125 0.0890625
10 0.1140625 0.4859375 0.00859375 0.07265625
10 0.084375 0.47578125 0.01015625 0.10078125
10 0.06640625 0.48984375 0.00859375 0.07734375
12 0.025 0.496875 0.04140625 0.02421875
1 0.56796875 0.52109375 0.06015625 0.028125
