15 0.94140625 0.8078125 0.07578125 0.1
15 0.7234375 0.6640625 0.034375 0.05859375
15 0.64296875 0.6078125 0.02421875 0.040625
15 0.615625 0.58984375 0.01953125 0.034375
15 0.590625 0.56953125 0.01796875 0.028125
15 0.571875 0.55390625 0.0140625 0.02265625
15 0.5625 0.54765625 0.01015625 0.0203125
15 0.5546875 0.5390625 0.009375 0.01875
15 0.54296875 0.5328125 0.00859375 0.01640625
15 0.5375 0.5296875 0.00546875 0.0140625
15 0.534375 0.52578125 0.00625 0.01328125
15 0.525 0.51953125 0.00625 0.0109375
15 0.53125 0.5234375 0.00546875 0.0125
10 0.55 0.46484375 0.00703125 0.10234375
10 0.7140625 0.3984375 0.021875 0.38203125
1 0.52890625 0.5109375 0.0265625 0.021875
1 0.515625 0.50703125 0.015625 0.0171875
1 0.47421875 0.56171875 0.084375 0.0765625
12 0.45546875 0.51015625 0.04765625 0.059375
1 0.40859375 0.51484375 0.034375 0.03828125
1 0.34453125 0.50625 0.02265625 0.01640625
13 0.3671875 0.50625 0.003125 0.00859375
9 0.85234375 0.5546875 0.0578125 0.0484375
0 0.7546875 0.5390625 0.01953125 0.053125
0 0.57421875 0.50625 0.009375 0.01796875
0 0.5609375 0.5015625 0.00625 0.015625
0 0.5015625 0.5015625 0.00703125 0.0125
6 0.66484375 0.5171875 0.02265625 0.01796875
6 0.78515625 0.54140625 0.025 0.02578125
