1 0.75234375 0.3828125 0.1078125 0.14765625
0 0.61015625 0.6859375 0.2671875 0.60859375
0 0.8359375 0.6453125 0.203125 0.68125
0 0.36015625 0.66171875 0.2953125 0.6484375
0 0.08984375 0.615625 0.1796875 0.73515625
0 0.9546875 0.7703125 0.0875 0.43125
0 0.1578125 0.36328125 0.053125 0.1171875
0 0.0046875 0.33046875 0.009375 0.084375
0 0.0140625 0.35625 0.01875 0.0609375
0 0.30234375 0.378125 0.0671875 0.14296875
1 0.903125 0.3921875 0.075 0.07734375
1 0.98515625 0.39140625 0.0265625 0.0984375
0 0.1890625 0.640625 0.2 0.6859375
10 0.76484375 0.24453125 0.0265625 0.43828125
