12 0.15234375 0.65625 0.0890625 0.0625
12 0.21484375 0.65390625 0.0453125 0.05
12 0.55625 0.63046875 0.11875 0.07265625
0 0.85703125 0.69296875 0.0609375 0.15625
0 0.6515625 0.640625 0.01875 0.04375
0 0.47578125 0.64140625 0.0171875 0.04609375
0 0.246875 0.659375 0.015625 0.05234375
0 0.828125 0.63046875 0.015625 0.04375
0 0.640625 0.64140625 0.0125 0.04140625
0 0.2609375 0.65078125 0.015625 0.04765625
0 0.39140625 0.65 0.0140625 0.04609375
0 0.4453125 0.64140625 0.015625 0.04609375
0 0.4125 0.59921875 0.009375 0.02265625
0 0.21640625 0.65234375 0.0109375 0.04140625
12 0.6875 0.64375 0.03125 0.03359375
0 0.41796875 0.61484375 0.0171875 0.03359375
