14 0.46875 0.5046875 0.15234375 0.41328125
10 0.2296875 0.496875 0.11328125 0.99375
1 0.76640625 0.253125 0.08203125 0.109375
10 0.8234375 0.1953125 0.01953125 0.140625
10 0.09765625 0.13203125 0.02890625 0.25703125
9 0.02734375 0.1859375 0.0546875 0.190625
16 0.89140625 0.33828125 0.03515625 0.0640625
0 0.07265625 0.14609375 0.03125 0.09609375
16 0.96875 0.35546875 0.04453125 0.07421875
0 0.70390625 0.21796875 0.0203125 0.0609375
14 0.53515625 0.42578125 0.134375 0.315625
14 0.584375 0.39375 0.10546875 0.284375
0 0.6734375 0.21015625 0.0140625 0.059375
9 0.671875 0.21953125 0.04296875 0.04375
6 0.59765625 0.21015625 0.0375 0.040625
