0 0.51875 0.54453125 0.65390625 0.90078125
0 0.340625 0.45390625 0.30625 0.5109375
0 0.8828125 0.48828125 0.04609375 0.1625
0 0.9171875 0.47109375 0.03828125 0.1671875
1 0.12421875 0.4421875 0.028125 0.0359375
1 0.16171875 0.440625 0.0359375 0.03359375
1 0.915625 0.41015625 0.128125 0.06015625
12 0.26484375 0.440625 0.0421875 0.04375
12 0.20078125 0.43984375 0.0421875 0.04609375
0 0.08203125 0.44765625 0.0203125 0.0484375
0 0.29765625 0.4515625 0.02421875 0.05078125
10 0.71484375 0.1546875 0.0671875 0.309375
13 0.98203125 0.49609375 0.03203125 0.12109375
13 0.95234375 0.5046875 0.02421875 0.11875
