1 0.5390625 0.75703125 0.0625 0.04765625
1 0.5046875 0.56171875 0.028125 0.03984375
1 0.4140625 0.64765625 0.05 0.02890625
1 0.40703125 0.9375 0.4671875 0.12109375
1 0.36796875 0.84609375 0.1671875 0.05859375
1 0.4 0.83125 0.10625 0.07890625
1 0.3515625 0.79765625 0.075 0.04140625
1 0.384375 0.76953125 0.078125 0.04765625
1 0.37109375 0.75078125 0.0734375 0.04765625
1 0.39921875 0.71953125 0.0671875 0.07734375
1 0.40078125 0.68125 0.0609375 0.04140625
1 0.603125 0.896875 0.14375 0.17265625
12 0.14296875 0.625 0.0640625 0.05859375
12 0.27578125 0.60390625 0.0546875 0.07109375
1 0.57421875 0.83359375 0.1546875 0.1
1 0.4984375 0.76640625 0.996875 0.45859375
10 0.9328125 0.621875 0.0375 0.41484375
10 0.6640625 0.565625 0.021875 0.39765625
