6 0.68125 0.84609375 0.128125 0.13984375
6 0.61171875 0.8609375 0.0546875 0.09609375
1 0.8578125 0.71484375 0.0625 0.0375
1 0.72421875 0.7421875 0.0453125 0.04921875
9 0.12890625 0.90546875 0.0515625 0.11953125
9 0.2125 0.8140625 0.015625 0.04453125
7 0.04921875 0.8 0.0984375 0.19375
0 0.4078125 0.82265625 0.03125 0.13515625
0 0.21484375 0.8046875 0.0203125 0.06796875
0 0.3125 0.7953125 0.021875 0.06796875
0 0.70078125 0.7578125 0.0203125 0.06796875
0 0.66953125 0.73828125 0.0140625 0.0515625
0 0.1296875 0.8671875 0.053125 0.15859375
0 0.37734375 0.76953125 0.0140625 0.04453125
12 0.28125 0.7671875 0.03125 0.06796875
0 0.61875 0.74921875 0.015625 0.04921875
1 0.19921875 0.78046875 0.0265625 0.0421875
0 0.68125 0.73984375 0.009375 0.04453125
1 0.5546875 0.7546875 0.0625 0.0421875
