8 0.7921875 0.81328125 0.3890625 0.2796875
0 0.484375 0.5890625 0.23203125 0.778125
0 0.190625 0.55859375 0.23515625 0.5859375
0 0.103125 0.309375 0.05234375 0.090625
0 0.6984375 0.49453125 0.1328125 0.4609375
0 0.80390625 0.3609375 0.096875 0.165625
0 0.96640625 0.4453125 0.06328125 0.23125
0 0.28984375 0.32421875 0.08203125 0.1328125
0 0.08984375 0.6375 0.1796875 0.721875
0 0.84921875 0.26953125 0.028125 0.0171875
0 0.13828125 0.26640625 0.03359375 0.0296875
0 0.91484375 0.3625 0.0765625 0.20625
0 0.61875 0.35546875 0.0484375 0.1359375
0 0.96015625 0.3703125 0.06953125 0.203125
