14 0.35546875 0.36015625 0.10703125 0.240625
10 0.18671875 0.19609375 0.04609375 0.38203125
14 0.47734375 0.29375 0.01953125 0.4703125
9 0.91640625 0.25078125 0.090625 0.18828125
9 0.7984375 0.23671875 0.08984375 0.16171875
9 0.68984375 0.23359375 0.08046875 0.1265625
0 0.71796875 0.1578125 0.021875 0.06015625
9 0.63984375 0.221875 0.05234375 0.1453125
9 0.59140625 0.20703125 0.05390625 0.11640625
0 0.75234375 0.15859375 0.0203125 0.05625
14 0.54453125 0.41640625 0.12421875 0.31796875
14 0.45859375 0.38984375 0.10703125 0.26640625
1 0.2765625 0.18046875 0.07890625 0.11640625
11 0.38046875 0.16640625 0.09453125 0.13359375
9 0.48046875 0.1953125 0.07578125 0.11875
9 0.5328125 0.2015625 0.03671875 0.11640625
9 0.5578125 0.203125 0.0453125 0.1140625
14 0.04296875 0.14140625 0.01796875 0.040625
9 0.07578125 0.140625 0.04140625 0.0515625
1 0.0078125 0.1109375 0.015625 0.034375
9 0.009375 0.2109375 0.01796875 0.06484375
