6 0.84296875 0.79765625 0.1109375 0.19140625
7 0.365625 0.534375 0.11875 0.1609375
7 0.2296875 0.53671875 0.090625 0.12734375
7 0.28828125 0.5234375 0.0390625 0.0921875
0 0.83359375 0.703125 0.0890625 0.28125
0 0.76328125 0.55546875 0.0171875 0.08515625
17 0.08515625 0.6703125 0.0109375 0.059375
0 0.515625 0.5484375 0.01875 0.06640625
0 0.54296875 0.54375 0.0109375 0.05703125
6 0.5171875 0.56640625 0.0125 0.03984375
6 0.8625 0.578125 0.015625 0.0546875
17 0.8859375 0.64453125 0.0125 0.05
0 0.15625 0.56640625 0.0125 0.059375
6 0.97109375 0.58046875 0.0078125 0.0546875
6 0.91796875 0.58046875 0.0109375 0.04453125
6 0.89921875 0.5828125 0.0109375 0.03515625
6 0.83046875 0.56640625 0.0203125 0.04453125
0 0.60234375 0.5578125 0.0140625 0.08046875
