1 0.134375 0.71796875 0.084375 0.06015625
0 0.22890625 0.66953125 0.0109375 0.03125
17 0.56484375 0.746875 0.0140625 0.03125
0 0.32578125 0.66484375 0.0109375 0.025
1 0.06875 0.68203125 0.1 0.07265625
12 0.1578125 0.67734375 0.078125 0.025
1 0.3640625 0.66328125 0.03125 0.01875
1 0.34453125 0.65703125 0.0171875 0.01484375
1 0.21875 0.66171875 0.03125 0.02265625
10 0.64140625 0.465625 0.0484375 0.84375
13 0.1625 0.85859375 0.025 0.125
13 0.3109375 0.86171875 0.028125 0.11015625
13 0.45546875 0.84296875 0.0234375 0.11875
