9 0.1453125 0.76640625 0.09609375 0.16640625
0 0.1375 0.71640625 0.06484375 0.178125
9 0.01953125 0.746875 0.0390625 0.12109375
1 0.13203125 0.6515625 0.16171875 0.13203125
1 0.26796875 0.6453125 0.1453125 0.15546875
1 0.48671875 0.66015625 0.1875 0.15703125
1 0.67421875 0.65234375 0.20703125 0.1859375
1 0.8 0.66484375 0.25078125 0.16875
9 0.7375 0.80390625 0.18984375 0.25859375
0 0.73046875 0.75 0.09921875 0.24609375
10 0.7078125 0.43359375 0.03828125 0.56640625
1 0.39375 0.63671875 0.17890625 0.1859375
9 0.93125 0.85234375 0.13203125 0.29375
