1 0.91171875 0.525 0.0984375 0.125
7 0.46484375 0.43515625 0.8078125 0.4875
0 0.2109375 0.30078125 0.0375 0.02734375
0 0.4 0.28125 0.046875 0.05
0 0.47109375 0.28359375 0.0390625 0.06640625
0 0.62265625 0.27578125 0.0265625 0.03515625
0 0.7453125 0.25859375 0.034375 0.05390625
0 0.5328125 0.275 0.053125 0.04609375
0 0.4296875 0.28984375 0.025 0.02890625
0 0.50390625 0.28515625 0.0171875 0.02890625
0 0.546875 0.26328125 0.0375 0.04765625
0 0.40859375 0.27734375 0.0234375 0.04609375
0 0.13359375 0.303125 0.0234375 0.03515625
0 0.28671875 0.28515625 0.0203125 0.05
0 0.26953125 0.2875 0.0296875 0.05859375
0 0.43203125 0.37421875 0.7046875 0.27265625
10 0.8921875 0.24375 0.021875 0.4875
10 0.18515625 0.13984375 0.0328125 0.27890625
