14 0.509375 0.51171875 0.165625 0.51953125
10 0.31015625 0.15 0.03984375 0.3
0 0.42421875 0.121875 0.02578125 0.0546875
9 0.4265625 0.16953125 0.03203125 0.078125
9 0.33671875 0.13984375 0.01875 0.05390625
1 0.36796875 0.10546875 0.0234375 0.03515625
6 0.959375 0.09453125 0.05546875 0.07109375
6 0.81484375 0.09921875 0.04921875 0.0515625
1 0.940625 0.05625 0.1078125 0.0890625
1 0.9 0.0609375 0.09765625 0.07890625
1 0.8484375 0.06328125 0.08671875 0.06875
1 0.778125 0.065625 0.09453125 0.07578125
10 0.79609375 0.05703125 0.01015625 0.1140625
1 0.6796875 0.07734375 0.05546875 0.05078125
6 0.61796875 0.096875 0.028125 0.03515625
9 0.5625 0.09453125 0.02421875 0.03671875
1 0.62265625 0.0796875 0.06171875 0.0390625
10 0.5609375 0.0734375 0.0046875 0.08046875
1 0.4 0.0984375 0.015625 0.021875
