0 0.946875 0.13203125 0.05390625 0.19140625
1 0.2328125 0.1390625 0.321875 0.146875
1 0.31015625 0.11953125 0.25234375 0.15
1 0.603125 0.13359375 0.31796875 0.19453125
1 0.05390625 0.11953125 0.0921875 0.071875
1 0.7953125 0.11796875 0.05 0.075
1 0.759375 0.1109375 0.0421875 0.1375
1 0.8890625 0.115625 0.0421875 0.05703125
1 0.946875 0.12421875 0.10234375 0.05703125
1 0.39765625 0.1046875 0.1 0.09609375
1 0.0203125 0.12578125 0.03984375 0.078125
1 0.43828125 0.08515625 0.05234375 0.0328125
1 0.85234375 0.115625 0.0640625 0.05703125
