1 0.7609375 0.58046875 0.0625 0.1515625
1 0.8015625 0.50234375 0.11875 0.0796875
1 0.79609375 0.4578125 0.0515625 0.01875
1 0.159375 0.8625 0.31875 0.25234375
7 0.44921875 0.478125 0.5765625 0.45546875
0 0.41328125 0.68359375 0.1140625 0.41328125
1 0.9140625 0.45 0.021875 0.01171875
1 0.13828125 0.5453125 0.0546875 0.09609375
1 0.06171875 0.5234375 0.0859375 0.084375
1 0.82734375 0.4734375 0.0546875 0.03515625
1 0.1265625 0.5125 0.0625 0.05859375
1 0.9703125 0.503125 0.04375 0.06328125
1 0.9828125 0.4765625 0.01875 0.0328125
1 0.01171875 0.521875 0.0234375 0.05859375
1 0.871875 0.509375 0.065625 0.0515625
1 0.8359375 0.49453125 0.215625 0.07734375
10 0.88984375 0.47578125 0.0171875 0.23125
10 0.04765625 0.48984375 0.0203125 0.278125
