7 0.47421875 0.821875 0.2859375 0.275
0 0.05078125 0.890625 0.0578125 0.103125
0 0.09921875 0.89453125 0.0390625 0.0953125
0 0.13046875 0.89375 0.0484375 0.096875
0 0.1765625 0.8859375 0.03359375 0.1125
0 0.31015625 0.88671875 0.02890625 0.0703125
0 0.5015625 0.69140625 0.06328125 0.0390625
0 0.253125 0.85078125 0.021875 0.0359375
0 0.0859375 0.8390625 0.03125 0.01875
1 0.69765625 0.9078125 0.053125 0.084375
1 0.98046875 0.859375 0.03359375 0.059375
12 0.8375 0.8625 0.31953125 0.19375
0 0.10390625 0.84609375 0.03359375 0.0265625
0 0.43203125 0.703125 0.065625 0.04375
0 0.221875 0.846875 0.0265625 0.021875
0 0.56015625 0.69765625 0.05546875 0.0328125
1 0.83515625 0.86640625 0.27109375 0.1984375
0 0.28203125 0.88515625 0.04609375 0.0953125
0 0.4234375 0.7921875 0.60078125 0.228125
