8 0.6015625 0.734375 0.78203125 0.528125
6 0.03359375 0.35703125 0.0671875 0.1359375
0 0.12421875 0.26015625 0.20625 0.5203125
0 0.87265625 0.2421875 0.22265625 0.403125
0 0.44140625 0.26796875 0.28828125 0.5328125
0 0.69453125 0.1921875 0.20859375 0.3625
0 0.75390625 0.0890625 0.084375 0.096875
0 0.9484375 0.115625 0.05625 0.053125
0 0.47578125 0.06328125 0.1921875 0.1265625
0 0.8140625 0.08515625 0.04921875 0.0453125
0 0.26796875 0.26328125 0.27890625 0.5265625
6 0.74453125 0.37734375 0.403125 0.2359375
