6 0.4515625 0.51875 0.01875 0.06875
1 0.8390625 0.14140625 0.0625 0.12109375
1 0.85 0.39921875 0.040625 0.14765625
0 0.33125 0.8578125 0.040625 0.20390625
0 0.45234375 0.46328125 0.0296875 0.04296875
0 0.6359375 0.3875 0.040625 0.109375
0 0.765625 0.3953125 0.034375 0.12578125
0 0.79609375 0.38515625 0.0265625 0.1328125
0 0.61875 0.0453125 0.028125 0.090625
0 0.4515625 0.43671875 0.040625 0.06171875
12 0.4671875 0.1828125 0.04375 0.1140625
0 0.2203125 0.55 0.03125 0.0734375
10 0.71796875 0.23046875 0.0328125 0.446875
10 0.32890625 0.35859375 0.0390625 0.7125
10 0.046875 0.4984375 0.06875 0.98828125
10 0.4375 0.21640625 0.0375 0.42734375
