1 0.396875 0.87109375 0.06875 0.0515625
1 0.56796875 0.875 0.11875 0.046875
1 0.70234375 0.87109375 0.11640625 0.0578125
0 0.77734375 0.92265625 0.07890625 0.1484375
0 0.33828125 0.86015625 0.02734375 0.0296875
0 0.36484375 0.87109375 0.025 0.0546875
0 0.84140625 0.9125 0.08359375 0.14375
0 0.925 0.88046875 0.02890625 0.0640625
0 0.10390625 0.87890625 0.025 0.0359375
0 0.35234375 0.88828125 0.01640625 0.0546875
0 0.29375 0.88671875 0.03359375 0.0640625
0 0.44921875 0.8703125 0.01875 0.05625
0 0.625 0.87109375 0.02109375 0.0515625
1 0.04609375 0.87578125 0.0875 0.0453125
1 0.11640625 0.8578125 0.0625 0.015625
0 0.46640625 0.8703125 0.01640625 0.059375
1 0.821875 0.86953125 0.08984375 0.0421875
12 0.2125 0.8796875 0.14140625 0.071875
0 0.31640625 0.86953125 0.025 0.0640625
12 0.91875 0.87109375 0.05859375 0.0703125
