1 0.39296875 0.24140625 0.2078125 0.16953125
0 0.053125 0.4484375 0.0875 0.375
0 0.1796875 0.609375 0.13125 0.528125
0 0.36953125 0.4625 0.0859375 0.390625
0 0.45234375 0.70078125 0.1078125 0.55546875
0 0.56015625 0.60546875 0.1171875 0.4015625
0 0.7125 0.5109375 0.0875 0.4828125
0 0.6296875 0.4796875 0.10625 0.54453125
0 0.5375 0.35078125 0.09375 0.334375
0 0.765625 0.271875 0.103125 0.26953125
0 0.59765625 0.82578125 0.1734375 0.315625
0 0.68125 0.315625 0.04375 0.10234375
0 0.6890625 0.2453125 0.071875 0.16171875
6 0.93828125 0.08203125 0.1140625 0.115625
6 0.88984375 0.3625 0.0421875 0.1859375
12 0.17578125 0.22109375 0.1703125 0.33984375
1 0.7171875 0.21328125 0.34375 0.2046875
1 0.96640625 0.196875 0.0640625 0.0703125
12 0.0875 0.21015625 0.134375 0.25859375
12 0.01953125 0.234375 0.0390625 0.31796875
0 0.73125 0.184375 0.025 0.1
1 0.321875 0.31640625 0.175 0.29921875
0 0.7875 0.5171875 0.084375 0.33984375
10 0.41640625 0.325 0.0203125 0.4015625
