7 0.49921875 0.52890625 0.2453125 0.325
7 0.34375 0.49296875 0.084375 0.18046875
0 0.14765625 0.74453125 0.0390625 0.221875
0 0.5 0.61640625 0.90625 0.3109375
12 0.2875 0.5984375 0.11875 0.16953125
12 0.29609375 0.53203125 0.0921875 0.11953125
1 0.190625 0.5609375 0.078125 0.11640625
1 0.2859375 0.60390625 0.1125 0.15859375
1 0.0953125 0.45546875 0.0125 0.01640625
12 0.15625 0.5234375 0.059375 0.11953125
0 0.0671875 0.77109375 0.05 0.23046875
7 0.23125 0.45546875 0.096875 0.10546875
7 0.17109375 0.4515625 0.0515625 0.0859375
7 0.12734375 0.4609375 0.0421875 0.0890625
10 0.6953125 0.440625 0.01875 0.475
10 0.64921875 0.5875 0.0171875 0.20859375
