1 0.8875 0.878125 0.22109375 0.240625
1 0.678125 0.7875 0.07734375 0.028125
1 0.53671875 0.778125 0.04375 0.034375
1 0.79765625 0.8625 0.09609375 0.178125
1 0.25 0.8140625 0.08359375 0.05625
1 0.38046875 0.80703125 0.07734375 0.0546875
0 0.06875 0.8140625 0.025 0.05625
1 0.81875 0.834375 0.20390625 0.18125
1 0.75625 0.7765625 0.07890625 0.075
7 0.46953125 0.775 0.11015625 0.096875
0 0.60546875 0.7796875 0.01875 0.03125
0 0.15546875 0.82109375 0.01875 0.0453125
7 0.61328125 0.73359375 0.03515625 0.0578125
7 0.57890625 0.71953125 0.04609375 0.0234375
7 0.715625 0.74140625 0.05234375 0.0421875
7 0.65703125 0.746875 0.05625 0.040625
7 0.71875 0.7125 0.04140625 0.015625
