0 0.3671875 0.625 0.08125 0.2125
0 0.53203125 0.671875 0.0828125 0.24765625
0 0.63671875 0.63359375 0.0578125 0.2
0 0.75703125 0.63671875 0.0421875 0.23515625
0 0.78515625 0.66015625 0.0609375 0.25390625
0 0.8125 0.65703125 0.040625 0.23984375
0 0.9546875 0.66171875 0.06875 0.22265625
0 0.646875 0.53203125 0.040625 0.10234375
0 0.95 0.52890625 0.03125 0.04609375
0 0.796875 0.528125 0.025 0.06484375
0 0.02890625 0.62265625 0.0515625 0.25859375
0 0.7578125 0.50390625 0.03125 0.1125
0 0.8796875 0.6625 0.06875 0.24140625
0 0.79375 0.55625 0.403125 0.24140625
10 0.72265625 0.49609375 0.0171875 0.31640625
