16 0.42109375 0.396875 0.04296875 0.0484375
16 0.546875 0.3828125 0.04296875 0.04375
16 0.49921875 0.32890625 0.0265625 0.02890625
16 0.62265625 0.375 0.03828125 0.04140625
16 0.69765625 0.36484375 0.03671875 0.03984375
16 0.6734375 0.35625 0.02734375 0.03671875
16 0.634375 0.34375 0.0296875 0.03359375
16 0.61484375 0.33671875 0.02578125 0.03046875
16 0.59453125 0.32734375 0.02578125 0.03046875
1 0.640625 0.2375 0.05625 0.04453125
0 0.21328125 0.259375 0.040625 0.04765625
0 0.8765625 0.29296875 0.0515625 0.14296875
16 0.95234375 0.29765625 0.02578125 0.034375
0 0.93046875 0.2703125 0.03515625 0.09140625
0 0.97109375 0.2625 0.046875 0.0484375
0 0.8125 0.2484375 0.03984375 0.04765625
13 0.81171875 0.28984375 0.01015625 0.04765625
13 0.8015625 0.28671875 0.0109375 0.04765625
13 0.79375 0.28671875 0.00703125 0.0484375
0 0.79375 0.234375 0.0171875 0.02734375
0 0.596875 0.23046875 0.01484375 0.015625
1 0.55 0.2421875 0.0203125 0.0328125
9 0.52421875 0.2390625 0.02734375 0.04921875
14 0.2 0.346875 0.1625 0.13671875
