1 0.0203125 0.28515625 0.040625 0.05390625
1 0.0484375 0.27265625 0.096875 0.075
1 0.08828125 0.265625 0.0703125 0.0515625
1 0.1375 0.26796875 0.040625 0.0609375
12 0.18046875 0.234375 0.0984375 0.0890625
0 0.47421875 0.2359375 0.0109375 0.03515625
0 0.4546875 0.24140625 0.009375 0.028125
0 0.4390625 0.2453125 0.009375 0.03046875
0 0.42421875 0.24765625 0.0078125 0.02109375
1 0.2171875 0.2609375 0.028125 0.0328125
12 0.04921875 0.26875 0.0984375 0.08203125
12 0.1390625 0.27109375 0.0375 0.06796875
12 0.37265625 0.234375 0.0828125 0.0796875
12 0.0859375 0.27265625 0.071875 0.065625
0 0.446875 0.24765625 0.00625 0.03046875
