15 0.303125 0.8015625 0.08671875 0.25078125
15 0.2421875 0.86171875 0.09453125 0.26875
10 0.49765625 0.38203125 0.0640625 0.75859375
10 0.7046875 0.14609375 0.02421875 0.27890625
10 0.3203125 0.1671875 0.0328125 0.3265625
1 0.10390625 0.346875 0.05390625 0.05
12 0.43828125 0.32578125 0.09765625 0.10390625
9 0.821875 0.32890625 0.0375 0.0484375
9 0.87421875 0.315625 0.05078125 0.05390625
0 0.009375 0.38828125 0.01875 0.10078125
1 0.05078125 0.35078125 0.03359375 0.03984375
10 0.25625 0.271875 0.01328125 0.159375
0 0.58359375 0.32578125 0.0171875 0.06875
15 0.615625 0.35859375 0.00859375 0.02890625
15 0.78359375 0.34921875 0.01015625 0.034375
0 0.878125 0.30859375 0.0140625 0.0703125
10 0.15859375 0.2078125 0.0171875 0.27890625
