1 0.425 0.43203125 0.15 0.07734375
1 0.02421875 0.42578125 0.0484375 0.09765625
0 0.70625 0.50078125 0.084375 0.31015625
0 0.33515625 0.50546875 0.0640625 0.21875
0 0.51953125 0.46640625 0.0296875 0.14609375
0 0.5953125 0.49453125 0.109375 0.20234375
0 0.8453125 0.44140625 0.034375 0.18359375
1 0.05078125 0.39375 0.0515625 0.025
0 0.53125 0.44609375 0.01875 0.13359375
0 0.796875 0.46640625 0.05 0.1125
0 0.75703125 0.41640625 0.0109375 0.05390625
0 0.8265625 0.45859375 0.028125 0.11640625
12 0.61328125 0.43125 0.1484375 0.1375
1 0.875 0.42265625 0.01875 0.01640625
1 0.80625 0.42109375 0.034375 0.01640625
0 0.15234375 0.49140625 0.0890625 0.225
10 0.74765625 0.4625 0.0296875 0.39140625
10 0.6078125 0.34453125 0.01875 0.19375
