9 0.49921875 0.61484375 0.3703125 0.36796875
9 0.184375 0.5609375 0.36875 0.36796875
0 0.21328125 0.49296875 0.1421875 0.36328125
0 0.53671875 0.51171875 0.1078125 0.39609375
0 0.87578125 0.52890625 0.0484375 0.1828125
0 0.31171875 0.43359375 0.0484375 0.0984375
0 0.16484375 0.45234375 0.0296875 0.1125
0 0.753125 0.5171875 0.028125 0.1546875
0 0.0265625 0.4171875 0.040625 0.0890625
0 0.72734375 0.51875 0.0296875 0.16171875
0 0.83046875 0.5328125 0.0234375 0.14296875
0 0.62109375 0.4625 0.0203125 0.05859375
0 0.62578125 0.46875 0.0265625 0.0515625
0 0.8046875 0.52109375 0.01875 0.07734375
12 0.9703125 0.496875 0.05625 0.2015625
0 0.10234375 0.4171875 0.0296875 0.084375
0 0.63828125 0.50078125 0.6328125 0.2109375
