6 0.30546875 0.6390625 0.0234375 0.103125
9 0.628125 0.64375 0.059375 0.1453125
9 0.58515625 0.64140625 0.0515625 0.1171875
9 0.5515625 0.6359375 0.040625 0.11015625
12 0.165625 0.51484375 0.275 0.39375
12 0.6234375 0.49453125 0.221875 0.3234375
12 0.90078125 0.5046875 0.1953125 0.30234375
0 0.54453125 0.59140625 0.0359375 0.15703125
0 0.5734375 0.59453125 0.05 0.1640625
0 0.61796875 0.6125 0.0734375 0.20390625
0 0.81015625 0.6125 0.0796875 0.21796875
0 0.784375 0.5375 0.028125 0.13359375
0 0.95546875 0.46953125 0.0484375 0.16640625
0 0.925 0.44296875 0.034375 0.065625
0 0.88671875 0.471875 0.0109375 0.03046875
0 0.1421875 0.45 0.0375 0.0515625
0 0.84296875 0.4625 0.0140625 0.04453125
0 0.7453125 0.559375 0.021875 0.140625
0 0.98828125 0.421875 0.0203125 0.065625
12 0.33125 0.509375 0.084375 0.17578125
0 0.2515625 0.44765625 0.0625 0.0515625
0 0.54375 0.52578125 0.678125 0.16171875
