1 0.0640625 0.715625 0.078125 0.06015625
1 0.3203125 0.71796875 0.065625 0.06015625
1 0.40078125 0.6984375 0.0171875 0.02578125
1 0.10625 0.709375 0.065625 0.034375
1 0.640625 0.6921875 0.04375 0.02578125
12 0.4515625 0.72109375 0.084375 0.11015625
12 0.69609375 0.68203125 0.0765625 0.08828125
1 0.075 0.6828125 0.015625 0.01328125
1 0.12265625 0.68515625 0.0296875 0.01328125
1 0.175 0.6875 0.0125 0.00859375
1 0.23828125 0.6875 0.0359375 0.01328125
1 0.575 0.709375 0.021875 0.02578125
12 0.31953125 0.715625 0.0640625 0.0734375
1 0.51015625 0.7015625 0.0234375 0.0109375
10 0.02578125 0.53046875 0.0328125 0.478125
10 0.1578125 0.5859375 0.025 0.2671875
