0 0.51171875 0.5515625 0.5203125 0.634375
0 0.8828125 0.26015625 0.05625 0.1453125
0 0.17265625 0.21171875 0.1046875 0.19453125
0 0.240625 0.2296875 0.04375 0.1453125
0 0.26171875 0.2421875 0.0515625 0.11953125
0 0.0578125 0.2015625 0.115625 0.1875
0 0.925 0.2484375 0.034375 0.075
0 0.94453125 0.2984375 0.0390625 0.05390625
0 0.9625 0.23984375 0.015625 0.02109375
1 0.96171875 0.2703125 0.0546875 0.03984375
1 0.32109375 0.24609375 0.0734375 0.0421875
1 0.4734375 0.24921875 0.765625 0.06328125
10 0.27109375 0.10390625 0.0265625 0.2078125
