6 0.44765625 0.66328125 0.2453125 0.36875
0 0.96328125 0.475 0.0703125 0.24140625
0 0.92421875 0.42578125 0.0296875 0.09609375
6 0.78515625 0.50390625 0.1140625 0.13828125
6 0.828125 0.49375 0.0625 0.08671875
6 0.30078125 0.69609375 0.2265625 0.4953125
6 0.5921875 0.5140625 0.134375 0.15
6 0.18046875 0.74375 0.3328125 0.45078125
6 0.7 0.515625 0.125 0.16171875
1 0.5078125 0.4046875 0.05625 0.04453125
6 0.4171875 0.58828125 0.1 0.17109375
6 0.59453125 0.63828125 0.2953125 0.37578125
6 0.6625 0.546875 0.134375 0.1828125
6 0.23125 0.6890625 0.240625 0.3921875
6 0.48828125 0.53671875 0.1546875 0.15234375
1 0.74140625 0.396875 0.0234375 0.01875
12 0.81328125 0.39453125 0.0671875 0.1171875
6 0.5859375 0.5953125 0.296875 0.16640625
10 0.13125 0.38125 0.06875 0.7625
10 0.62734375 0.21796875 0.0328125 0.4359375
10 0.67109375 0.24609375 0.0296875 0.4921875
10 0.87421875 0.28046875 0.0296875 0.35
13 0.8953125 0.51328125 0.01875 0.09609375
