7 0.81640625 0.40234375 0.3640625 0.80390625
12 0.58515625 0.18984375 0.0765625 0.0375
0 0.403125 0.59609375 0.346875 0.80390625
0 0.596875 0.64375 0.175 0.70390625
0 0.75390625 0.721875 0.3640625 0.55234375
0 0.56796875 0.23984375 0.0171875 0.0875
0 0.60859375 0.234375 0.0296875 0.07734375
0 0.64453125 0.215625 0.0140625 0.05625
0 0.553125 0.20859375 0.015625 0.05390625
0 0.58359375 0.19765625 0.0140625 0.04609375
0 0.9109375 0.89375 0.175 0.20859375
0 0.246875 0.42890625 0.209375 0.42109375
0 0.4921875 0.35859375 0.14375 0.24140625
