1 0.4625 0.17265625 0.20859375 0.21171875
7 0.2859375 0.08828125 0.12265625 0.14296875
0 0.603125 0.128125 0.01953125 0.06171875
9 0.60390625 0.1421875 0.034375 0.05859375
15 0.6390625 0.22890625 0.028125 0.0703125
15 0.834375 0.25390625 0.03671875 0.096875
0 0.84296875 0.1390625 0.021875 0.08203125
15 0.384375 0.503125 0.0828125 0.2328125
15 0.215625 0.3265625 0.04453125 0.12890625
15 0.146875 0.26953125 0.0359375 0.08984375
15 0.06015625 0.19609375 0.0203125 0.0546875
15 0.03515625 0.17578125 0.01796875 0.04140625
0 0.15390625 0.1078125 0.0234375 0.04296875
1 0.1265625 0.12421875 0.03671875 0.06875
15 0.3109375 0.1609375 0.0125 0.0359375
12 0.55390625 0.1 0.25390625 0.140625
0 0.271875 0.12265625 0.0171875 0.06875
9 0.27421875 0.14453125 0.0390625 0.05546875
7 0.08125 0.0734375 0.025 0.03359375
9 0.1578125 0.15625 0.03125 0.071875
1 0.203125 0.11328125 0.034375 0.04296875
9 0.07421875 0.11875 0.01875 0.0390625
