10 0.11015625 0.14921875 0.0203125 0.1890625
1 0.0390625 0.3046875 0.07421875 0.11875
1 0.10703125 0.28671875 0.08125 0.08359375
1 0.153125 0.27890625 0.03671875 0.06484375
1 0.20234375 0.26875 0.04375 0.05078125
1 0.24375 0.26171875 0.02421875 0.03671875
1 0.4375 0.30625 0.12890625 0.1609375
1 0.378125 0.265625 0.04453125 0.0890625
15 0.4515625 0.434375 0.05 0.1359375
15 0.74453125 0.8046875 0.13828125 0.3890625
9 0.87265625 0.27734375 0.140625 0.16015625
9 0.6828125 0.27421875 0.078125 0.065625
