1 0.68203125 0.48046875 0.171875 0.18046875
1 0.9546875 0.44453125 0.08203125 0.08984375
12 0.534375 0.44921875 0.16015625 0.13515625
0 0.21875 0.48046875 0.0703125 0.33671875
0 0.95234375 0.49375 0.0359375 0.16484375
0 0.98203125 0.49375 0.03203125 0.17109375
0 0.85703125 0.453125 0.06171875 0.234375
1 0.925 0.52578125 0.034375 0.084375
13 0.2609375 0.6921875 0.034375 0.40546875
13 0.33828125 0.6546875 0.04375 0.390625
13 0.46015625 0.6234375 0.028125 0.29140625
13 0.54609375 0.5796875 0.028125 0.28828125
13 0.62421875 0.56015625 0.0203125 0.25546875
13 0.68125 0.54921875 0.021875 0.221875
10 0.05234375 0.33515625 0.03984375 0.66328125
10 0.68515625 0.19375 0.0296875 0.3875
