0 0.1828125 0.79921875 0.365625 0.3984375
0 0.37265625 0.815625 0.24453125 0.365625
0 0.77890625 0.7515625 0.1546875 0.2875
0 0.54296875 0.64921875 0.05859375 0.0640625
0 0.24921875 0.67109375 0.10625 0.1671875
0 0.503125 0.7171875 0.09609375 0.25625
0 0.46171875 0.7125 0.12109375 0.221875
0 0.8796875 0.7359375 0.0859375 0.259375
0 0.60625 0.75546875 0.15625 0.2859375
0 0.96171875 0.76875 0.0734375 0.275
0 0.70234375 0.7328125 0.0859375 0.2625
0 0.04921875 0.6671875 0.09375 0.14375
0 0.05078125 0.775 0.1015625 0.14375
0 0.47734375 0.73515625 0.95390625 0.2953125
