1 0.2671875 0.79921875 0.0703125 0.04921875
12 0.7203125 0.7703125 0.09453125 0.109375
0 0.6046875 0.8671875 0.09765625 0.175
12 0.5609375 0.78046875 0.0671875 0.034375
0 0.1375 0.79609375 0.01640625 0.04609375
0 0.659375 0.78359375 0.01171875 0.028125
0 0.52890625 0.78203125 0.0078125 0.02421875
1 0.02421875 0.82421875 0.0484375 0.0765625
1 0.50703125 0.77734375 0.02109375 0.01796875
12 0.42109375 0.7796875 0.04765625 0.0390625
0 0.95078125 0.77578125 0.0328125 0.05546875
0 0.15234375 0.80234375 0.02265625 0.05546875
1 0.4625 0.78828125 0.04609375 0.03125
12 0.37109375 0.7875 0.06875 0.05546875
1 0.090625 0.92734375 0.178125 0.1390625
