13 0.65859375 0.69609375 0.16875 0.1546875
13 0.4390625 0.5203125 0.08359375 0.09453125
13 0.35078125 0.42890625 0.059375 0.06953125
13 0.2984375 0.3796875 0.0484375 0.053125
15 0.490625 0.4984375 0.075 0.1015625
15 0.796875 0.49140625 0.10390625 0.090625
15 0.27265625 0.35 0.05234375 0.053125
13 0.19453125 0.3140625 0.02421875 0.03125
9 0.3375 0.30390625 0.11953125 0.08125
15 0.4359375 0.3078125 0.02109375 0.02265625
0 0.11171875 0.24609375 0.03671875 0.0359375
1 0.14140625 0.24140625 0.05703125 0.0328125
13 0.1890625 0.2625 0.01015625 0.01328125
