6 0.2640625 0.56796875 0.021875 0.0421875
1 0.63125 0.534375 0.10625 0.05
1 0.41484375 0.5296875 0.03828125 0.021875
1 0.47265625 0.52578125 0.04375 0.0234375
1 0.54921875 0.5265625 0.02421875 0.01875
1 0.43984375 0.5234375 0.0265625 0.01875
0 0.284375 0.55078125 0.04375 0.0734375
0 0.2171875 0.5546875 0.02421875 0.06875
17 0.62890625 0.68125 0.07734375 0.053125
1 0.35390625 0.52421875 0.01484375 0.0078125
1 0.94375 0.540625 0.10859375 0.06875
1 0.39140625 0.528125 0.00703125 0.01875
0 0.03359375 0.5359375 0.01953125 0.025
10 0.53359375 0.47734375 0.0796875 0.4203125
10 0.24453125 0.3359375 0.06953125 0.6625
