6 0.67265625 0.8359375 0.1 0.115625
6 0.95625 0.87421875 0.0625 0.0921875
1 0.84140625 0.7625 0.1125 0.046875
1 0.7125 0.76484375 0.07109375 0.0484375
1 0.571875 0.746875 0.04375 0.025
6 0.54140625 0.7796875 0.025 0.053125
6 0.61484375 0.8125 0.05 0.075
0 0.665625 0.7890625 0.08515625 0.153125
0 0.559375 0.75234375 0.01484375 0.0328125
0 0.53828125 0.76484375 0.03125 0.0703125
0 0.38125 0.86328125 0.075 0.2640625
0 0.24609375 0.8703125 0.12109375 0.25
0 0.175 0.76328125 0.05 0.0765625
6 0.15859375 0.80625 0.08359375 0.05625
1 0.546875 0.73671875 0.04375 0.0234375
1 0.490625 0.73984375 0.01484375 0.0234375
12 0.73671875 0.72578125 0.17265625 0.1015625
12 0.62578125 0.7203125 0.05234375 0.04375
0 0.07578125 0.87109375 0.12734375 0.2546875
0 0.603125 0.7828125 0.04375 0.11875
0 0.97421875 0.809375 0.04765625 0.19375
0 0.284375 0.759375 0.04375 0.05
0 0.02421875 0.8328125 0.04765625 0.203125
0 0.37265625 0.759375 0.03359375 0.04375
0 0.13359375 0.73203125 0.025 0.0203125
0 0.48828125 0.7703125 0.88984375 0.096875
