12 0.43046875 0.7234375 0.7796875 0.33828125
0 0.46015625 0.37265625 0.0765625 0.25078125
0 0.525 0.36796875 0.078125 0.2640625
0 0.59453125 0.36328125 0.0859375 0.26875
0 0.66484375 0.34375 0.0828125 0.2640625
0 0.24921875 0.40078125 0.0640625 0.25078125
0 0.19453125 0.40078125 0.0671875 0.26875
0 0.88359375 0.7109375 0.0390625 0.12890625
0 0.8640625 0.69140625 0.025 0.09375
12 0.034375 0.8046875 0.06875 0.2203125
0 0.7390625 0.65703125 0.01875 0.04765625
0 0.34140625 0.39765625 0.0703125 0.24453125
0 0.10625 0.4125 0.084375 0.20546875
0 0.83984375 0.6921875 0.0203125 0.09140625
0 0.4 0.3765625 0.08125 0.2859375
0 0.590625 0.34921875 0.675 0.56328125
