1 0.384375 0.59375 0.0640625 0.07734375
1 0.61875 0.5578125 0.06171875 0.0828125
1 0.60234375 0.53671875 0.04765625 0.07109375
1 0.615625 0.5015625 0.05234375 0.0359375
1 0.66484375 0.4390625 0.05 0.065625
1 0.4328125 0.4703125 0.04609375 0.05078125
1 0.59296875 0.45859375 0.05 0.06796875
12 0.71484375 0.61015625 0.10234375 0.175
12 0.50625 0.48203125 0.0796875 0.13359375
12 0.58203125 0.2921875 0.04375 0.06796875
12 0.41875 0.48359375 0.05390625 0.065625
1 0.484375 0.2984375 0.05234375 0.0328125
1 0.5046875 0.54609375 0.05390625 0.065625
7 0.715625 0.6125 0.09609375 0.175
12 0.42890625 0.434375 0.0421875 0.04453125
12 0.39609375 0.54140625 0.071875 0.0859375
12 0.40703125 0.48671875 0.05 0.01796875
1 0.67890625 0.4984375 0.0578125 0.059375
