0 0.525 0.51875 0.290625 0.5875
0 0.6875 0.24921875 0.034375 0.15234375
0 0.9265625 0.25625 0.028125 0.12890625
1 0.840625 0.24609375 0.146875 0.09375
1 0.59921875 0.24140625 0.1515625 0.1171875
1 0.7390625 0.2515625 0.1 0.09140625
1 0.34375 0.24609375 0.128125 0.0984375
12 0.64375 0.178125 0.18125 0.028125
12 0.70703125 0.20234375 0.1015625 0.03515625
0 0.740625 0.28671875 0.034375 0.07734375
1 0.92890625 0.24609375 0.1390625 0.1125
1 0.27265625 0.234375 0.0421875 0.0703125
1 0.4078125 0.21796875 0.0375 0.0421875
1 0.278125 0.20859375 0.046875 0.0234375
1 0.48125 0.2484375 0.128125 0.103125
1 0.1296875 0.20625 0.0375 0.0515625
12 0.8234375 0.18046875 0.125 0.0515625
1 0.78671875 0.21875 0.0671875 0.03984375
12 0.0765625 0.2328125 0.13125 0.13828125
12 0.20390625 0.2375 0.1296875 0.11484375
1 0.584375 0.19296875 0.603125 0.08203125
