1 0.75546875 0.84140625 0.3203125 0.14609375
12 0.39140625 0.834375 0.4078125 0.17734375
1 0.17734375 0.78046875 0.0703125 0.04375
1 0.0859375 0.81171875 0.11875 0.08984375
1 0.04375 0.796875 0.05 0.03984375
17 0.090625 0.8375 0.015625 0.04609375
1 0.01015625 0.79921875 0.0203125 0.05234375
1 0.98984375 0.81875 0.0171875 0.10390625
10 0.1234375 0.68671875 0.065625 0.41484375
10 0.44296875 0.56328125 0.0265625 0.35625
14 0.17265625 0.85078125 0.0421875 0.10234375
14 0.14765625 0.84453125 0.0359375 0.10234375
