12 0.85078125 0.88203125 0.2953125 0.23125
0 0.03828125 0.90390625 0.0765625 0.16640625
0 0.3796875 0.95703125 0.046875 0.08125
0 0.48984375 0.92734375 0.0921875 0.14140625
0 0.58984375 0.93515625 0.1078125 0.125
0 0.72265625 0.95390625 0.0484375 0.0875
0 0.82734375 0.94921875 0.0734375 0.09765625
0 0.49140625 0.95390625 0.0734375 0.08359375
0 0.31796875 0.94140625 0.0703125 0.10859375
0 0.76171875 0.95546875 0.0546875 0.08125
1 0.68125 0.93828125 0.06875 0.09375
0 0.55546875 0.915625 0.0140625 0.06875
0 0.640625 0.90625 0.015625 0.0625
0 0.62734375 0.9125 0.0078125 0.05390625
