1 0.2125 0.565625 0.025 0.009375
1 0.084375 0.5609375 0.02265625 0.01875
1 0.025 0.565625 0.05 0.028125
0 0.73125 0.60390625 0.04140625 0.0546875
1 0.93359375 0.5953125 0.04609375 0.021875
1 0.24140625 0.56484375 0.02109375 0.0109375
1 0.64453125 0.58515625 0.06484375 0.0171875
1 0.134375 0.56953125 0.02265625 0.0203125
0 0.98203125 0.6 0.01484375 0.046875
1 0.62890625 0.57578125 0.06640625 0.0203125
1 0.42421875 0.56875 0.01484375 0.009375
1 0.29453125 0.5640625 0.02265625 0.009375
0 0.97109375 0.5984375 0.01640625 0.04375
1 0.38828125 0.5703125 0.01875 0.0125
10 0.12109375 0.50078125 0.1875 0.9953125
