12 0.128125 0.89140625 0.25625 0.20859375
1 0.046875 0.57265625 0.09375 0.08359375
1 0.05078125 0.54375 0.1015625 0.06640625
1 0.0453125 0.52265625 0.090625 0.04609375
1 0.925 0.475 0.0625 0.0375
1 0.8671875 0.46484375 0.046875 0.02890625
1 0.9609375 0.47578125 0.05625 0.04375
1 0.815625 0.45546875 0.05625 0.03125
1 0.04609375 0.51171875 0.0921875 0.04375
1 0.02734375 0.48515625 0.0546875 0.03359375
1 0.8796875 0.46484375 0.2375 0.07109375
1 0.8859375 0.46640625 0.053125 0.03359375
1 0.75859375 0.44765625 0.0171875 0.0125
1 0.96640625 0.44609375 0.0609375 0.02890625
1 0.0046875 0.33828125 0.009375 0.02265625
