1 0.04765625 0.4375 0.0953125 0.06484375
12 0.496875 0.57265625 0.975 0.7859375
0 0.1 0.40546875 0.028125 0.08046875
0 0.1265625 0.4015625 0.015625 0.06015625
0 0.13828125 0.39921875 0.0140625 0.06015625
0 0.159375 0.3984375 0.0125 0.05859375
0 0.046875 0.38828125 0.025 0.034375
0 0.0234375 0.39453125 0.015625 0.03046875
1 0.19765625 0.396875 0.0640625 0.028125
0 0.16640625 0.3984375 0.0046875 0.021875
0 0.065625 0.39609375 0.009375 0.01796875
1 0.07734375 0.3890625 0.0296875 0.028125
1 0.13984375 0.40390625 0.0609375 0.03828125
1 0.203125 0.4109375 0.09375 0.03203125
