0 0.5734375 0.671875 0.2 0.65234375
0 0.2546875 0.50625 0.078125 0.14140625
0 0.86796875 0.49140625 0.0328125 0.13359375
0 0.92578125 0.48828125 0.0328125 0.13515625
0 0.0375 0.7125 0.075 0.075
0 0.9578125 0.484375 0.034375 0.13515625
17 0.81484375 0.603125 0.0390625 0.14765625
0 0.9875 0.528125 0.01875 0.20234375
0 0.8859375 0.490625 0.021875 0.13125
0 0.84140625 0.45546875 0.0234375 0.08125
0 0.46953125 0.42578125 0.0140625 0.01484375
0 0.37109375 0.59453125 0.0578125 0.08515625
1 0.41015625 0.70390625 0.8203125 0.40390625
1 0.7546875 0.53359375 0.225 0.20859375
7 0.17109375 0.42578125 0.0546875 0.08125
7 0.33125 0.428125 0.1 0.12265625
1 0.04296875 0.46328125 0.0421875 0.04375
1 0.2203125 0.44921875 0.065625 0.05625
1 0.240625 0.45625 0.040625 0.05390625
1 0.1359375 0.45625 0.046875 0.04140625
1 0.278125 0.42890625 0.015625 0.00859375
1 0.1015625 0.45625 0.034375 0.0375
1 0.4203125 0.47421875 0.040625 0.05625
1 0.0640625 0.46171875 0.015625 0.03984375
12 0.32421875 0.43046875 0.0921875 0.12734375
12 0.478125 0.46640625 0.121875 0.07890625
0 0.9765625 0.54453125 0.04375 0.04765625
