0 0.70703125 0.56484375 0.01796875 0.06015625
0 0.925 0.54375 0.0140625 0.06015625
0 0.07734375 0.73125 0.021875 0.10546875
0 0.11015625 0.71796875 0.02421875 0.0421875
0 0.09921875 0.71015625 0.0140625 0.05078125
0 0.36015625 0.690625 0.02421875 0.06015625
6 0.70625 0.5828125 0.00390625 0.0359375
1 0.49296875 0.8046875 0.178125 0.1921875
1 0.1328125 0.8046875 0.134375 0.13828125
1 0.259375 0.7671875 0.09375 0.153125
1 0.30390625 0.7765625 0.04375 0.1109375
1 0.32578125 0.74921875 0.1078125 0.13515625
1 0.39609375 0.74921875 0.05625 0.09296875
1 0.5640625 0.6546875 0.06015625 0.084375
1 0.603125 0.62578125 0.04609375 0.06875
1 0.18515625 0.778125 0.134375 0.15625
1 0.53828125 0.6828125 0.06796875 0.08125
1 0.75234375 0.540625 0.04765625 0.06015625
1 0.8203125 0.52421875 0.04765625 0.05078125
7 0.95625 0.5046875 0.071875 0.10234375
0 0.15078125 0.696875 0.0140625 0.01796875
0 0.525 0.740625 0.021875 0.0328125
1 0.00703125 0.85703125 0.0140625 0.13515625
1 0.6171875 0.653125 0.7578125 0.39375
10 0.20390625 0.53125 0.02421875 0.33046875
10 0.0171875 0.56328125 0.034375 0.5859375
