8 0.646875 0.55390625 0.309375 0.396875
8 0.59140625 0.61328125 0.3359375 0.3296875
1 0.4046875 0.6859375 0.228125 0.60078125
1 0.1515625 0.41015625 0.0625 0.12421875
1 0.3984375 0.37421875 0.05625 0.0609375
1 0.35859375 0.36796875 0.0296875 0.03515625
1 0.7484375 0.39375 0.16875 0.1375
1 0.74296875 0.46015625 0.1546875 0.121875
17 0.06953125 0.653125 0.0640625 0.1890625
1 0.52578125 0.3578125 0.0640625 0.0328125
1 0.48671875 0.37265625 0.0265625 0.04453125
12 0.70703125 0.51875 0.5828125 0.9578125
12 0.259375 0.4921875 0.25625 0.315625
1 0.2578125 0.4921875 0.23125 0.315625
