0 0.34453125 0.865625 0.0578125 0.26484375
0 0.1453125 0.50703125 0.0375 0.14296875
0 0.19140625 0.9265625 0.0546875 0.13828125
0 0.19453125 0.82890625 0.0578125 0.159375
0 0.28828125 0.85703125 0.0796875 0.121875
0 0.59296875 0.22265625 0.0140625 0.028125
0 0.2078125 0.50546875 0.028125 0.1265625
0 0.68125 0.22578125 0.0125 0.03984375
6 0.828125 0.76796875 0.05 0.084375
12 0.8359375 0.2375 0.046875 0.06328125
0 0.12109375 0.4859375 0.0265625 0.12421875
0 0.44921875 0.79765625 0.0640625 0.21796875
6 0.85546875 0.8 0.0234375 0.08671875
6 0.840625 0.90390625 0.065625 0.0375
6 0.928125 0.83828125 0.028125 0.028125
7 0.921875 0.5078125 0.153125 0.4828125
0 0.18671875 0.68515625 0.0515625 0.10546875
0 0.34921875 0.50234375 0.0359375 0.09140625
0 0.30390625 0.6546875 0.0171875 0.11953125
0 0.5203125 0.596875 0.86875 0.79609375
10 0.7171875 0.7 0.03125 0.346875
10 0.92109375 0.37265625 0.0421875 0.74453125
