1 0.81328125 0.38203125 0.0359375 0.14296875
9 0.49140625 0.6171875 0.1859375 0.36015625
9 0.15078125 0.51875 0.1390625 0.30859375
12 0.7265625 0.3640625 0.19375 0.228125
0 0.496875 0.45859375 0.175 0.41171875
0 0.15234375 0.43671875 0.1359375 0.36875
0 0.8265625 0.34296875 0.03125 0.09765625
0 0.93984375 0.334375 0.0203125 0.10546875
0 0.9171875 0.33046875 0.028125 0.109375
0 0.96796875 0.334375 0.0234375 0.0765625
0 0.85625 0.340625 0.03125 0.109375
0 0.5578125 0.32734375 0.028125 0.0953125
0 0.38046875 0.346875 0.0453125 0.16796875
0 0.43046875 0.34375 0.0421875 0.07890625
10 0.3421875 0.24296875 0.0375 0.48203125
10 0.07265625 0.2484375 0.0390625 0.49296875
10 0.5859375 0.2421875 0.05 0.48046875
10 0.88203125 0.2140625 0.0359375 0.428125
10 0.6953125 0.128125 0.028125 0.25625
