1 0.60546875 0.2796875 0.1515625 0.0796875
1 0.72890625 0.30859375 0.0265625 0.02265625
1 0.51640625 0.271875 0.0390625 0.02265625
1 0.4890625 0.26875 0.015625 0.01640625
12 0.8859375 0.33203125 0.14375 0.08984375
0 0.35078125 0.28828125 0.0671875 0.14453125
0 0.40078125 0.31953125 0.0578125 0.19921875
0 0.70234375 0.34609375 0.0296875 0.09375
0 0.5078125 0.61484375 0.25 0.7375
0 0.24453125 0.33515625 0.0484375 0.2140625
0 0.39296875 0.25078125 0.0234375 0.0609375
0 0.08359375 0.23515625 0.0203125 0.06328125
0 0.29765625 0.25625 0.0171875 0.053125
0 0.8171875 0.365625 0.025 0.075
1 0.43203125 0.259375 0.0171875 0.01796875
1 0.6984375 0.30546875 0.0125 0.01640625
12 0.63359375 0.27265625 0.0953125 0.05703125
0 0.84453125 0.365625 0.0296875 0.0796875
1 0.78984375 0.32109375 0.0359375 0.0265625
12 0.515625 0.271875 0.0375 0.02265625
12 0.78671875 0.31953125 0.0328125 0.02421875
0 0.165625 0.24609375 0.015625 0.06953125
0 0.11015625 0.24140625 0.0078125 0.0265625
0 0.36640625 0.78203125 0.1671875 0.403125
0 0.4984375 0.31328125 0.996875 0.2609375
