1 0.08671875 0.52265625 0.1734375 0.1921875
1 0.90234375 0.715625 0.184375 0.30703125
12 0.6671875 0.428125 0.29375 0.19453125
0 0.459375 0.49609375 0.10625 0.2453125
0 0.21484375 0.49296875 0.05390625 0.21328125
0 0.74765625 0.45625 0.03203125 0.14375
0 0.86015625 0.453125 0.0203125 0.09609375
0 0.28984375 0.45859375 0.02421875 0.09609375
0 0.0390625 0.44375 0.01796875 0.0453125
0 0.840625 0.44921875 0.02578125 0.0828125
0 0.3640625 0.453125 0.01171875 0.075
0 0.828125 0.45859375 0.03984375 0.09609375
0 0.16875 0.46796875 0.04609375 0.0984375
1 0.9578125 0.46015625 0.07578125 0.07734375
0 0.08125 0.45625 0.021875 0.05859375
0 0.4328125 0.46796875 0.02578125 0.10390625
