12 0.5171875 0.61328125 0.55 0.49765625
0 0.8828125 0.434375 0.04375 0.23671875
0 0.84609375 0.44765625 0.0640625 0.23046875
0 0.2328125 0.3953125 0.046875 0.1921875
0 0.278125 0.39609375 0.053125 0.18203125
0 0.12734375 0.4328125 0.0390625 0.21328125
0 0.64296875 0.3390625 0.0359375 0.09609375
0 0.08125 0.44375 0.0375 0.21328125
0 0.11875 0.38671875 0.021875 0.05859375
0 0.67734375 0.35234375 0.0390625 0.05625
0 0.7015625 0.34296875 0.034375 0.08359375
0 0.72109375 0.3484375 0.0203125 0.0859375
0 0.753125 0.4265625 0.046875 0.23046875
0 0.209375 0.3796875 0.040625 0.178125
0 0.40625 0.4265625 0.759375 0.26328125
10 0.31015625 0.30234375 0.0328125 0.45
10 0.9203125 0.203125 0.028125 0.31796875
