1 0.3828125 0.38203125 0.0625 0.05625
1 0.278125 0.2703125 0.0375 0.05859375
1 0.35 0.2796875 0.034375 0.03984375
1 0.28359375 0.18125 0.0265625 0.03515625
1 0.50625 0.35859375 0.271875 0.225
1 0.19375 0.1578125 0.021875 0.03046875
1 0.3203125 0.24453125 0.040625 0.05859375
1 0.13359375 0.32578125 0.0703125 0.09375
1 0.37578125 0.30234375 0.0546875 0.0703125
1 0.30078125 0.2296875 0.0265625 0.0421875
1 0.29453125 0.215625 0.0296875 0.0328125
1 0.23984375 0.19921875 0.0296875 0.0328125
1 0.1328125 0.228125 0.040625 0.09609375
10 0.153125 0.32890625 0.021875 0.34453125
