1 0.61875 0.25546875 0.140625 0.065625
1 0.640625 0.190625 0.11875 0.07265625
1 0.50703125 0.209375 0.1171875 0.06796875
1 0.77421875 0.2421875 0.1390625 0.07265625
1 0.790625 0.18828125 0.109375 0.05859375
1 0.85859375 0.19765625 0.1171875 0.05859375
1 0.41328125 0.25859375 0.1234375 0.05859375
1 0.25859375 0.2796875 0.1359375 0.05859375
0 0.16484375 0.13828125 0.0171875 0.0375
17 0.309375 0.94375 0.021875 0.0609375
0 0.86484375 0.15 0.0109375 0.0375
0 0.8484375 0.15234375 0.0125 0.0421875
0 0.99140625 0.1265625 0.0109375 0.0328125
0 0.421875 0.59609375 0.03125 0.05859375
1 0.03828125 0.75859375 0.0765625 0.1125
1 0.1640625 0.85703125 0.1375 0.1453125
1 0.9265625 0.2234375 0.14375 0.07265625
1 0.95703125 0.17578125 0.0796875 0.065625
0 0.628125 0.153125 0.009375 0.02109375
1 0.0109375 0.29140625 0.021875 0.06328125
7 0.025 0.63125 0.05 0.14765625
10 0.37109375 0.85703125 0.0265625 0.28125
10 0.2234375 0.15546875 0.01875 0.30234375
10 0.4890625 0.45703125 0.01875 0.3421875
