7 0.56640625 0.57109375 0.3234375 0.2484375
0 0.278125 0.58515625 0.025 0.084375
0 0.475 0.96015625 0.071875 0.0703125
0 0.28046875 0.66171875 0.0171875 0.03515625
1 0.35390625 0.803125 0.3015625 0.2015625
1 0.64140625 0.696875 0.1921875 0.15234375
1 0.0734375 0.925 0.146875 0.1453125
1 0.02890625 0.71796875 0.0578125 0.11953125
1 0.91328125 0.565625 0.1328125 0.12421875
1 0.7984375 0.61484375 0.15625 0.14296875
1 0.84453125 0.528125 0.0515625 0.06328125
1 0.94609375 0.4109375 0.0515625 0.04453125
1 0.26953125 0.69296875 0.2640625 0.1546875
1 0.9703125 0.52578125 0.025 0.07265625
1 0.85 0.4828125 0.0625 0.0375
1 0.8953125 0.39375 0.034375 0.0421875
10 0.79453125 0.7015625 0.0203125 0.22734375
10 0.68671875 0.68515625 0.0203125 0.22734375
