9 0.6796875 0.521875 0.18984375 0.32109375
9 0.78984375 0.459375 0.16640625 0.22578125
9 0.32109375 0.4125 0.10859375 0.153125
9 0.434375 0.43671875 0.0796875 0.14375
9 0.1484375 0.4359375 0.11953125 0.1859375
14 0.26796875 0.74296875 0.2609375 0.51328125
0 0.1125 0.33203125 0.04765625 0.10859375
0 0.1375 0.26875 0.02734375 0.08203125
0 0.43359375 0.39375 0.04921875 0.1546875
1 0.725 0.334375 0.06015625 0.0546875
10 0.91015625 0.221875 0.03203125 0.43359375
10 0.55234375 0.38203125 0.09453125 0.7640625
9 0.58515625 0.37109375 0.02890625 0.06640625
10 0.50859375 0.29921875 0.00703125 0.23984375
14 0.70703125 0.35625 0.01796875 0.04921875
