1 0.47734375 0.43359375 0.2296875 0.12890625
1 0.9625 0.38203125 0.05 0.05234375
1 0.95234375 0.36953125 0.0453125 0.04765625
9 0.3703125 0.54609375 0.284375 0.27890625
9 0.0828125 0.7375 0.165625 0.35390625
9 0.634375 0.453125 0.146875 0.14375
9 0.15390625 0.42578125 0.1234375 0.07734375
9 0.09921875 0.42734375 0.0390625 0.05
9 0.54453125 0.37734375 0.0265625 0.02890625
9 0.7265625 0.37109375 0.015625 0.03359375
9 0.90625 0.37265625 0.00625 0.01640625
0 0.384375 0.528125 0.128125 0.28515625
0 0.64921875 0.44296875 0.0703125 0.15234375
0 0.2609375 0.36953125 0.021875 0.08125
0 0.16796875 0.35859375 0.0171875 0.0375
0 0.28515625 0.384375 0.0234375 0.07734375
0 0.76171875 0.35390625 0.0078125 0.02890625
1 0.903125 0.359375 0.01875 0.01875
1 0.83046875 0.36171875 0.0265625 0.02265625
12 0.83046875 0.359375 0.0296875 0.02734375
12 0.3765625 0.34375 0.128125 0.09140625
12 0.2796875 0.32734375 0.178125 0.1375
0 0.68984375 0.36328125 0.0109375 0.03515625
0 0.465625 0.35546875 0.01875 0.03984375
0 0.14921875 0.36640625 0.0203125 0.0375
0 0.54609375 0.35078125 0.0140625 0.02734375
9 0.93046875 0.3625 0.0078125 0.01640625
9 0.06875 0.39609375 0.059375 0.0625
0 0.90625 0.365625 0.0125 0.02265625
0 0.1671875 0.39609375 0.04375 0.08359375
1 0.928125 0.35703125 0.01875 0.01875
0 0.4921875 0.378125 0.821875 0.10625
