0 0.5140625 0.64609375 0.025 0.05546875
0 0.57578125 0.23203125 0.0828125 0.15
0 0.24609375 0.35703125 0.1734375 0.0828125
0 0.0828125 0.64296875 0.01875 0.05234375
0 0.7828125 0.64453125 0.015625 0.03203125
0 0.628125 0.63125 0.01875 0.05234375
0 0.05078125 0.64609375 0.0140625 0.04921875
0 0.9640625 0.31328125 0.06875 0.13671875
0 0.90703125 0.20546875 0.1796875 0.1234375
0 0.54921875 0.64296875 0.0203125 0.0625
1 0.246875 0.63984375 0.03125 0.04375
0 0.07734375 0.6171875 0.0109375 0.03203125
1 0.0171875 0.628125 0.034375 0.03046875
1 0.02890625 0.6546875 0.0359375 0.02890625
12 0.20234375 0.63984375 0.0515625 0.04765625
12 0.13671875 0.6359375 0.0484375 0.0421875
1 0.3140625 0.63984375 0.053125 0.03359375
1 0.0765625 0.63125 0.040625 0.0421875
0 0.80234375 0.6078125 0.0203125 0.0234375
1 0.28046875 0.63671875 0.0203125 0.0171875
10 0.66796875 0.4734375 0.0296875 0.3796875
10 0.74609375 0.48828125 0.0265625 0.3109375
10 0.45390625 0.49296875 0.0234375 0.32421875
10 0.3546875 0.49140625 0.021875 0.34765625
