1 0.65546875 0.71015625 0.1765625 0.1734375
1 0.0453125 0.58125 0.090625 0.05
1 0.11484375 0.575 0.1234375 0.0546875
1 0.5578125 0.59296875 0.090625 0.03984375
1 0.55546875 0.5671875 0.0171875 0.01640625
1 0.7328125 0.5703125 0.034375 0.03984375
1 0.5 0.5703125 0.021875 0.02265625
1 0.2390625 0.5703125 0.078125 0.05234375
0 0.45546875 0.74921875 0.4984375 0.36015625
1 0.49921875 0.63828125 0.9984375 0.1421875
0 0.6140625 0.6609375 0.021875 0.025
10 0.13984375 0.40546875 0.0328125 0.50234375
10 0.37421875 0.48515625 0.0234375 0.234375
10 0.8015625 0.49375 0.01875 0.25078125
