1 0.7859375 0.909375 0.41796875 0.178125
1 0.26484375 0.87265625 0.1609375 0.1265625
1 0.08984375 0.90859375 0.1796875 0.1296875
1 0.35625 0.88515625 0.10546875 0.1203125
12 0.6015625 0.784375 0.39453125 0.253125
0 0.30234375 0.8125 0.02578125 0.025
0 0.32109375 0.815625 0.02109375 0.01875
0 0.9578125 0.80703125 0.0421875 0.0390625
0 0.021875 0.8296875 0.01640625 0.015625
0 0.04296875 0.8296875 0.02109375 0.015625
0 0.00546875 0.8328125 0.0109375 0.0125
0 0.8984375 0.675 0.03515625 0.0375
1 0.2140625 0.85234375 0.11953125 0.0859375
1 0.121875 0.85703125 0.0984375 0.0734375
