1 0.5125 0.70703125 0.1140625 0.11015625
1 0.32890625 0.71015625 0.046875 0.1578125
1 0.35234375 0.6921875 0.0265625 0.11640625
1 0.41953125 0.6578125 0.0359375 0.04765625
9 0.72421875 0.9296875 0.1453125 0.10390625
0 0.715625 0.84375 0.18515625 0.2109375
0 0.60234375 0.66953125 0.01328125 0.08359375
0 0.71015625 0.66796875 0.07109375 0.17578125
0 0.82265625 0.70390625 0.02890625 0.1515625
12 0.34375 0.64765625 0.07578125 0.14609375
0 0.95625 0.7234375 0.0421875 0.1609375
0 0.8875 0.7140625 0.02890625 0.13125
0 0.58125 0.67734375 0.02421875 0.0859375
0 0.39921875 0.68125 0.0265625 0.0953125
0 0.8703125 0.690625 0.02265625 0.11328125
0 0.97734375 0.715625 0.0265625 0.16953125
0 0.79921875 0.70078125 0.0265625 0.128125
0 0.56796875 0.66640625 0.015625 0.065625
0 0.91640625 0.69921875 0.0203125 0.1015625
0 0.61484375 0.66953125 0.484375 0.08359375
