1 0.93515625 0.38828125 0.1234375 0.14375
1 0.978125 0.32890625 0.040625 0.040625
0 0.6578125 0.20546875 0.1625 0.30390625
0 0.159375 0.646875 0.1 0.53984375
0 0.22578125 0.490625 0.0765625 0.1671875
0 0.32109375 0.56171875 0.1140625 0.4046875
0 0.03671875 0.378125 0.0140625 0.040625
12 0.29296875 0.359375 0.3015625 0.15390625
0 0.059375 0.38046875 0.01875 0.0703125
12 0.91484375 0.30390625 0.0828125 0.03828125
0 0.4546875 0.50859375 0.075 0.25078125
0 0.38515625 0.4671875 0.0671875 0.184375
0 0.01484375 0.3984375 0.0296875 0.11171875
0 0.0625 0.625 0.125 0.5609375
0 0.06796875 0.35859375 0.0109375 0.04921875
0 0.203125 0.44296875 0.065625 0.1453125
10 0.1390625 0.21484375 0.0375 0.42578125
10 0.82578125 0.11953125 0.0265625 0.1625
