6 0.12421875 0.953125 0.2484375 0.06015625
6 0.9046875 0.54375 0.1875 0.1875
6 0.17890625 0.67578125 0.3578125 0.63984375
1 0.0390625 0.39921875 0.071875 0.25234375
1 0.384375 0.22265625 0.071875 0.075
0 0.65625 0.4625 0.253125 0.57109375
0 0.7015625 0.25625 0.09375 0.2
0 0.78671875 0.375 0.1296875 0.425
0 0.32265625 0.33984375 0.1328125 0.36640625
0 0.53203125 0.265625 0.0515625 0.18984375
0 0.15078125 0.24296875 0.0578125 0.13984375
0 0.83046875 0.778125 0.3171875 0.39765625
0 0.43125 0.58828125 0.190625 0.74765625
0 0.5625 0.48359375 0.184375 0.3875
0 0.41484375 0.28828125 0.1203125 0.27265625
0 0.7390625 0.22421875 0.021875 0.06015625
0 0.9359375 0.3375 0.121875 0.3625
1 0.60390625 0.18984375 0.0328125 0.01640625
6 0.259375 0.215625 0.040625 0.03515625
6 0.41328125 0.19453125 0.0140625 0.01484375
6 0.865625 0.39609375 0.075 0.1375
1 0.665625 0.221875 0.028125 0.02734375
12 0.07265625 0.20625 0.1453125 0.09140625
12 0.56640625 0.2 0.0453125 0.04140625
0 0.83828125 0.27421875 0.0609375 0.11484375
