6 0.36640625 0.79296875 0.09140625 0.0828125
1 0.25703125 0.6296875 0.42734375 0.115625
1 0.95546875 0.80078125 0.08515625 0.2421875
7 0.86875 0.534375 0.25859375 0.159375
0 0.18515625 0.796875 0.2625 0.403125
0 0.23046875 0.58828125 0.13984375 0.1046875
0 0.61171875 0.5640625 0.02734375 0.05625
0 0.7 0.56484375 0.02890625 0.0578125
0 0.74609375 0.559375 0.01640625 0.05625
0 0.13046875 0.5609375 0.01875 0.028125
0 0.15546875 0.55625 0.01484375 0.034375
6 0.02734375 0.9609375 0.05390625 0.071875
0 0.50390625 0.5625 0.02109375 0.046875
0 0.04375 0.56171875 0.02109375 0.0453125
0 0.053125 0.64296875 0.04765625 0.1421875
0 0.72265625 0.5390625 0.01640625 0.025
0 0.44609375 0.53125 0.0125 0.0125
0 0.07890625 0.5578125 0.02109375 0.0375
0 0.17421875 0.6296875 0.34765625 0.184375
10 0.659375 0.7015625 0.09765625 0.575
10 0.484375 0.453125 0.04375 0.421875
10 0.30546875 0.50859375 0.03125 0.1390625
10 0.59140625 0.49609375 0.03359375 0.2078125
