1 0.15234375 0.79453125 0.10546875 0.0796875
1 0.2296875 0.77578125 0.053125 0.0453125
1 0.8546875 0.79765625 0.10078125 0.0796875
1 0.81640625 0.77265625 0.08828125 0.0578125
1 0.5328125 0.778125 0.07890625 0.059375
7 0.92578125 0.73359375 0.1390625 0.1203125
0 0.25859375 0.70078125 0.0140625 0.0484375
0 0.23125 0.696875 0.01796875 0.05
0 0.1828125 0.7421875 0.0125 0.0125
0 0.36328125 0.75625 0.02421875 0.040625
1 0.303125 0.76875 0.10546875 0.04375
1 0.18125 0.778125 0.09296875 0.0625
1 0.47265625 0.77890625 0.09921875 0.0515625
1 0.190625 0.6234375 0.0484375 0.040625
0 0.89140625 0.76171875 0.02890625 0.0421875
1 0.534375 0.7625 0.10078125 0.05
1 0.3203125 0.7125 0.09609375 0.04375
0 0.32734375 0.7390625 0.01796875 0.021875
0 0.12734375 0.74375 0.02421875 0.021875
0 0.28828125 0.690625 0.0125 0.03125
0 0.45625 0.7640625 0.0140625 0.015625
1 0.19140625 0.5265625 0.04609375 0.040625
1 0.190625 0.440625 0.08046875 0.03125
0 0.26796875 0.640625 0.0125 0.04375
0 0.2796875 0.68984375 0.0078125 0.0328125
0 0.2578125 0.61640625 0.0125 0.0390625
1 0.4984375 0.43671875 0.996875 0.8703125
