12 0.44140625 0.7328125 0.1203125 0.090625
0 0.46328125 0.75390625 0.0140625 0.053125
0 0.49296875 0.7546875 0.0171875 0.0546875
0 0.07734375 0.765625 0.0234375 0.084375
1 0.1578125 0.7671875 0.121875 0.096875
1 0.246875 0.7703125 0.071875 0.05703125
1 0.30234375 0.7671875 0.0546875 0.0546875
1 0.35625 0.759375 0.05625 0.046875
1 0.56171875 0.73984375 0.0359375 0.0296875
1 0.5828125 0.73984375 0.021875 0.025
1 0.5984375 0.73671875 0.01875 0.0234375
1 0.72109375 0.728125 0.0171875 0.01875
1 0.70234375 0.72734375 0.0078125 0.0125
1 0.6109375 0.73359375 0.025 0.0296875
1 0.6859375 0.728125 0.015625 0.01484375
1 0.69296875 0.725 0.0140625 0.0171875
1 0.7921875 0.7640625 0.134375 0.14140625
12 0.6359375 0.72265625 0.03125 0.0421875
17 0.80625 0.84765625 0.015625 0.05078125
10 0.9265625 0.5171875 0.059375 0.73359375
