0 0.27421875 0.72109375 0.3140625 0.52890625
0 0.49375 0.84765625 0.24375 0.3
0 0.728125 0.85 0.334375 0.2765625
0 0.77265625 0.6640625 0.2390625 0.36796875
0 0.6125 0.67421875 0.090625 0.2015625
0 0.46796875 0.58671875 0.1546875 0.47109375
0 0.384375 0.6171875 0.090625 0.23671875
0 0.07734375 0.68515625 0.1453125 0.35390625
0 0.57578125 0.62265625 0.0609375 0.1640625
0 0.1734375 0.6078125 0.075 0.17109375
0 0.26171875 0.39453125 0.0796875 0.14765625
0 0.10234375 0.8140625 0.1609375 0.36796875
0 0.696875 0.51875 0.028125 0.06328125
12 0.3484375 0.44296875 0.1125 0.05625
0 0.51171875 0.70390625 0.9703125 0.5828125
