1 0.45625 0.75234375 0.134375 0.13359375
1 0.56953125 0.76875 0.1078125 0.1
1 0.371875 0.75390625 0.0625 0.09140625
1 0.6703125 0.76171875 0.040625 0.07734375
0 0.25859375 0.740625 0.0515625 0.21015625
0 0.32265625 0.746875 0.0546875 0.16015625
0 0.1921875 0.74765625 0.04375 0.175
0 0.08828125 0.73515625 0.0421875 0.16640625
0 0.05546875 0.74140625 0.0484375 0.15
0 0.64140625 0.76328125 0.0296875 0.14375
0 0.04609375 0.73203125 0.0328125 0.13125
0 0.45703125 0.75625 0.0546875 0.14140625
0 0.22109375 0.76015625 0.0203125 0.07109375
1 0.94921875 0.70546875 0.0984375 0.10625
0 0.4328125 0.725 0.01875 0.02109375
0 0.009375 0.746875 0.01875 0.10234375
0 0.02421875 0.73203125 0.0265625 0.13515625
1 0.3390625 0.753125 0.015625 0.03515625
0 0.61953125 0.75703125 0.0328125 0.13984375
