1 0.1421875 0.61953125 0.075 0.04453125
1 0.88984375 0.5984375 0.0265625 0.02578125
1 0.71328125 0.60546875 0.0265625 0.02578125
1 0.73984375 0.59609375 0.0171875 0.02109375
0 0.275 0.659375 0.04375 0.10078125
0 0.09375 0.671875 0.03125 0.1078125
0 0.0765625 0.67578125 0.03125 0.10078125
17 0.9375 0.61484375 0.0125 0.03046875
1 0.771875 0.59453125 0.015625 0.0140625
12 0.46484375 0.62421875 0.1265625 0.06328125
0 0.91484375 0.5890625 0.0109375 0.03515625
1 0.78671875 0.59375 0.0109375 0.01171875
1 0.79296875 0.5921875 0.0109375 0.0140625
1 0.84921875 0.58515625 0.0078125 0.009375
