1 0.50078125 0.178125 0.0546875 0.16484375
12 0.478125 0.528125 0.784375 0.81015625
0 0.16171875 0.07890625 0.0359375 0.1578125
0 0.28125 0.09921875 0.071875 0.19765625
0 0.24921875 0.08828125 0.0515625 0.1765625
0 0.31484375 0.03828125 0.0234375 0.06875
0 0.91953125 0.64609375 0.1578125 0.63359375
0 0.41484375 0.13828125 0.0609375 0.22734375
0 0.4375 0.14453125 0.075 0.25625
0 0.34140625 0.11328125 0.0546875 0.2265625
0 0.53984375 0.11640625 0.0484375 0.08359375
0 0.88671875 0.35625 0.0953125 0.27890625
0 0.92421875 0.37109375 0.1015625 0.20859375
0 0.4609375 0.15703125 0.0875 0.23984375
0 0.08984375 0.06015625 0.0703125 0.11640625
0 0.54765625 0.246875 0.8734375 0.49375
