12 0.81953125 0.49609375 0.35546875 0.984375
9 0.62265625 0.78125 0.35390625 0.43515625
9 0.52421875 0.74453125 0.22734375 0.3796875
10 0.5171875 0.48046875 0.0921875 0.94921875
0 0.2109375 0.71015625 0.13046875 0.578125
1 0.38203125 0.646875 0.23359375 0.415625
0 0.02734375 0.5015625 0.0265625 0.0953125
0 0.0609375 0.4984375 0.0203125 0.1015625
0 0.08984375 0.49921875 0.01796875 0.0890625
10 0.05625 0.4015625 0.00859375 0.08671875
0 0.1203125 0.44609375 0.00859375 0.034375
0 0.165625 0.46328125 0.01328125 0.0515625
