10 0.72109375 0.39140625 0.04609375 0.43515625
1 0.8484375 0.58359375 0.296875 0.12578125
10 0.378125 0.51796875 0.01171875 0.0828125
10 0.33828125 0.5265625 0.00703125 0.05
0 0.32265625 0.57421875 0.0328125 0.08046875
0 0.240625 0.559375 0.015625 0.040625
16 0.2515625 0.559375 0.0078125 0.009375
16 0.2703125 0.5578125 0.0109375 0.01015625
16 0.28671875 0.55625 0.01171875 0.0109375
0 0.26328125 0.54921875 0.00859375 0.01953125
0 0.2515625 0.546875 0.00546875 0.015625
10 0.06484375 0.44765625 0.01640625 0.275
