1 0.03359375 0.79453125 0.0234375 0.028125
1 0.1453125 0.7734375 0.0125 0.01953125
1 0.09296875 0.78359375 0.0171875 0.021875
1 0.05859375 0.79453125 0.0203125 0.028125
1 0.09296875 0.784375 0.0171875 0.01953125
7 0.33203125 0.775 0.2296875 0.08359375
1 0.10546875 0.778125 0.0140625 0.021875
1 0.06796875 0.7890625 0.0140625 0.028125
0 0.78671875 0.23203125 0.0390625 0.13046875
1 0.009375 0.79609375 0.01875 0.03046875
1 0.08125 0.775 0.0125 0.01640625
1 0.94921875 0.76640625 0.0609375 0.03359375
1 0.61953125 0.77890625 0.0484375 0.0359375
1 0.07265625 0.76640625 0.0109375 0.0109375
0 0.59140625 0.778125 0.0109375 0.04453125
0 0.54375 0.80390625 0.009375 0.0640625
1 0.053125 0.78046875 0.01875 0.021875
1 0.05859375 0.76640625 0.0828125 0.04453125
