8 0.42890625 0.75625 0.3140625 0.4453125
8 0.83046875 0.3734375 0.0484375 0.10234375
8 0.271875 0.22578125 0.0375 0.0375
8 0.46875 0.26015625 0.096875 0.0734375
1 0.83359375 0.221875 0.1734375 0.0671875
1 0.40859375 0.23046875 0.0609375 0.0375
1 0.71640625 0.2140625 0.0984375 0.06875
1 0.3171875 0.23671875 0.05625 0.03359375
1 0.11171875 0.23203125 0.0296875 0.04609375
0 0.19296875 0.36640625 0.1796875 0.6234375
0 0.54453125 0.19140625 0.0546875 0.1984375
0 0.8125 0.1921875 0.05625 0.20078125
0 0.1390625 0.22265625 0.034375 0.1234375
8 0.35625 0.24453125 0.053125 0.05859375
1 0.59609375 0.22734375 0.0546875 0.03984375
