6 0.44375 0.43515625 0.08125 0.05390625
1 0.675 0.36015625 0.025 0.0375
1 0.7109375 0.36171875 0.025 0.02734375
17 0.9 0.37890625 0.028125 0.07109375
0 0.68828125 0.4 0.0359375 0.1125
0 0.56015625 0.403125 0.0296875 0.09375
0 0.58515625 0.40078125 0.0359375 0.09375
0 0.43828125 0.39921875 0.0296875 0.08515625
0 0.734375 0.396875 0.021875 0.11015625
0 0.72578125 0.39453125 0.0203125 0.09765625
0 0.7078125 0.40078125 0.0375 0.10234375
0 0.76953125 0.39921875 0.0453125 0.10625
10 0.1984375 0.4375 0.040625 0.4625
10 0.4109375 0.33203125 0.015625 0.21484375
