1 0.575 0.49140625 0.846875 0.97890625
1 0.765625 0.25234375 0.18125 0.19609375
1 0.42578125 0.15625 0.0765625 0.0875
1 0.4484375 0.06640625 0.028125 0.025
1 0.55625 0.125 0.04375 0.05390625
1 0.38984375 0.11484375 0.0484375 0.06640625
0 0.62734375 0.31015625 0.1484375 0.55390625
1 0.71171875 0.13515625 0.1046875 0.04609375
1 0.58125 0.13828125 0.028125 0.04375
1 0.45625 0.08125 0.034375 0.03359375
12 0.53046875 0.10859375 0.0578125 0.05859375
12 0.49453125 0.1 0.0421875 0.04609375
10 0.36171875 0.18046875 0.0703125 0.36015625
