12 0.87734375 0.59609375 0.0453125 0.075
0 0.03359375 0.82734375 0.0671875 0.340625
0 0.22734375 0.86171875 0.0921875 0.27265625
0 0.29375 0.7171875 0.03125 0.08203125
0 0.325 0.71484375 0.0375 0.08671875
0 0.42890625 0.71796875 0.0640625 0.0984375
0 0.6265625 0.83671875 0.075 0.321875
0 0.6984375 0.7734375 0.05625 0.21796875
12 0.9390625 0.6609375 0.096875 0.11015625
0 0.8125 0.7734375 0.053125 0.22265625
0 0.8515625 0.821875 0.075 0.34765625
0 0.7640625 0.77734375 0.046875 0.196875
0 0.66171875 0.76171875 0.0421875 0.21328125
0 0.578125 0.76640625 0.046875 0.21796875
0 0.51484375 0.79140625 0.0828125 0.121875
0 0.53203125 0.75625 0.9296875 0.29609375
10 0.03125 0.2921875 0.025 0.4625
