0 0.75 0.59296875 0.36796875 0.68515625
0 0.70703125 0.20234375 0.08984375 0.39453125
0 0.55078125 0.15078125 0.06171875 0.24296875
0 0.978125 0.546875 0.03984375 0.45859375
0 0.453125 0.1375 0.0421875 0.23203125
0 0.8546875 0.1796875 0.0578125 0.19453125
0 0.94375 0.18828125 0.1 0.33359375
0 0.50078125 0.1546875 0.08984375 0.26171875
0 0.0390625 0.1109375 0.06171875 0.16796875
0 0.03828125 0.23203125 0.07578125 0.21875
17 0.79296875 0.33984375 0.0578125 0.1625
0 0.90390625 0.13984375 0.06015625 0.275
10 0.26796875 0.4265625 0.17578125 0.853125
