6 0.90078125 0.5875 0.04765625 0.04375
1 0.94453125 0.5796875 0.10234375 0.0625
1 0.48671875 0.59765625 0.23125 0.0796875
0 0.265625 0.7609375 0.47265625 0.475
6 0.7625 0.5828125 0.00859375 0.009375
1 0.1625 0.61015625 0.04609375 0.0421875
0 0.9625 0.5765625 0.04609375 0.08125
0 0.15390625 0.58046875 0.025 0.0234375
0 0.765625 0.56640625 0.04375 0.0390625
0 0.89765625 0.55703125 0.0375 0.0421875
0 0.85078125 0.57109375 0.01484375 0.0421875
0 0.8 0.5703125 0.01640625 0.025
0 0.459375 0.56953125 0.02265625 0.0328125
0 0.571875 0.55390625 0.01875 0.0109375
1 0.07421875 0.603125 0.14765625 0.0625
1 0.015625 0.6109375 0.03125 0.053125
10 0.65 0.6390625 0.21640625 0.715625
