1 0.45546875 0.7765625 0.1203125 0.11015625
1 0.60390625 0.76875 0.1078125 0.10546875
1 0.2625 0.78046875 0.0875 0.08671875
1 0.53515625 0.759375 0.0609375 0.08671875
1 0.74609375 0.76953125 0.1265625 0.1078125
0 0.14296875 0.765625 0.0140625 0.04765625
0 0.5875 0.740625 0.009375 0.01875
1 0.9171875 0.9515625 0.1625 0.0921875
10 0.75703125 0.48671875 0.0234375 0.43125
10 0.9359375 0.7078125 0.021875 0.22109375
10 0.43828125 0.60546875 0.0203125 0.2265625
10 0.20078125 0.71953125 0.0234375 0.25
10 0.0984375 0.49765625 0.06875 0.98984375
10 0.01328125 0.64375 0.0203125 0.43984375
10 0.3390625 0.66875 0.0125 0.18984375
