1 0.06796875 0.51796875 0.1359375 0.09375
1 0.93671875 0.5765625 0.0859375 0.1546875
7 0.54375 0.44453125 0.721875 0.80078125
0 0.31875 0.4828125 0.04375 0.125
0 0.51484375 0.209375 0.0390625 0.053125
0 0.48125 0.52421875 0.03125 0.03359375
0 0.6640625 0.22421875 0.01875 0.04453125
0 0.71015625 0.25546875 0.0296875 0.053125
0 0.12734375 0.49453125 0.0171875 0.0421875
0 0.10234375 0.48828125 0.0296875 0.0421875
1 0.07578125 0.54375 0.0421875 0.059375
1 0.16171875 0.50546875 0.0453125 0.05546875
1 0.43203125 0.51171875 0.0171875 0.03828125
1 0.98984375 0.63359375 0.0171875 0.1421875
