0 0.640625 0.49765625 0.190625 0.97734375
0 0.47265625 0.44296875 0.0359375 0.15
0 0.3171875 0.4296875 0.034375 0.10078125
0 0.15703125 0.575 0.3015625 0.70625
0 0.403125 0.4515625 0.0375 0.16796875
0 0.4296875 0.44921875 0.0375 0.159375
0 0.36953125 0.4171875 0.0203125 0.08046875
0 0.93828125 0.3765625 0.0328125 0.0625
0 0.9046875 0.3765625 0.0375 0.0765625
0 0.85390625 0.38359375 0.0203125 0.0625
0 0.20234375 0.4484375 0.0234375 0.0984375
12 0.70625 0.34609375 0.04375 0.0921875
1 0.80625 0.378125 0.0375 0.025
0 0.23125 0.453125 0.0375 0.08046875
7 0.9421875 0.3359375 0.1125 0.08515625
