13 0.92890625 0.5015625 0.028125 0.1109375
13 0.8609375 0.54609375 0.03203125 0.11875
0 0.84375 0.49140625 0.11015625 0.20390625
13 0.76171875 0.59453125 0.03359375 0.1453125
13 0.625 0.66171875 0.03671875 0.171875
13 0.49296875 0.60546875 0.03359375 0.14609375
13 0.3984375 0.58125 0.040625 0.090625
13 0.32265625 0.54921875 0.03671875 0.078125
13 0.26328125 0.5234375 0.03515625 0.06953125
13 0.21875 0.50625 0.0328125 0.0640625
13 0.18046875 0.49140625 0.02890625 0.0546875
13 0.034375 0.46875 0.0171875 0.06953125
13 0.0546875 0.46875 0.01796875 0.06953125
13 0.10234375 0.44921875 0.015625 0.0609375
13 0.121875 0.4578125 0.0171875 0.0640625
13 0.15 0.47734375 0.02578125 0.053125
13 0.175 0.4109375 0.01796875 0.0796875
13 0.25078125 0.3984375 0.015625 0.075
13 0.309375 0.38828125 0.0140625 0.071875
13 0.0828125 0.41875 0.0171875 0.08515625
0 0.046875 0.346875 0.021875 0.0390625
0 0.06171875 0.35546875 0.021875 0.05546875
0 0.14375 0.36796875 0.0171875 0.05625
0 0.1625 0.3609375 0.0234375 0.040625
7 0.840625 0.2984375 0.20546875 0.1640625
