12 0.43828125 0.50703125 0.25625 0.28828125
0 0.4109375 0.38515625 0.021875 0.05078125
0 0.39296875 0.38828125 0.021875 0.05625
0 0.44296875 0.36640625 0.0140625 0.05625
0 0.378125 0.37890625 0.01171875 0.04296875
6 0.41015625 0.3984375 0.01171875 0.02421875
1 0.7796875 0.36171875 0.05625 0.0453125
1 0.759375 0.39765625 0.08984375 0.0375
1 0.4296875 0.71171875 0.0796875 0.1546875
1 0.6609375 0.69453125 0.09765625 0.1890625
1 0.72734375 0.5546875 0.08203125 0.08515625
12 0.7640625 0.6625 0.13984375 0.1890625
0 0.3421875 0.40546875 0.0203125 0.04296875
0 0.61484375 0.45703125 0.021875 0.05078125
1 0.6359375 0.590625 0.071875 0.10390625
1 0.53515625 0.68515625 0.08203125 0.18125
1 0.70078125 0.49296875 0.07421875 0.1015625
1 0.74765625 0.43046875 0.1078125 0.06640625
1 0.52734375 0.58828125 0.078125 0.0984375
1 0.78203125 0.48125 0.03984375 0.0453125
