1 0.78828125 0.4671875 0.19140625 0.06875
1 0.86484375 0.4421875 0.09296875 0.0640625
1 0.0921875 0.478125 0.0671875 0.04765625
7 0.38671875 0.4234375 0.51171875 0.40234375
0 0.39375 0.38203125 0.065625 0.06875
0 0.22265625 0.39609375 0.09296875 0.09296875
0 0.8046875 0.446875 0.01796875 0.01796875
0 0.7046875 0.440625 0.02109375 0.04765625
0 0.64375 0.4296875 0.01953125 0.02578125
0 0.06171875 0.47890625 0.0359375 0.05859375
1 0.1109375 0.503125 0.0328125 0.04609375
0 0.8265625 0.4171875 0.01015625 0.0078125
1 0.91796875 0.4484375 0.01640625 0.03125
