1 0.29609375 0.49140625 0.52109375 0.2921875
1 0.54140625 0.3734375 0.1 0.046875
1 0.828125 0.34375 0.11875 0.0375
1 0.46953125 0.35390625 0.12265625 0.0390625
12 0.81484375 0.43515625 0.3125 0.1484375
1 0.96171875 0.52109375 0.07265625 0.0921875
1 0.928125 0.32734375 0.06015625 0.0265625
1 0.69765625 0.353125 0.1375 0.05
1 0.978125 0.421875 0.03984375 0.103125
1 0.31171875 0.34375 0.09375 0.01875
1 0.54140625 0.42890625 0.1625 0.1171875
12 0.296875 0.4921875 0.51484375 0.290625
1 0.04921875 0.38984375 0.03984375 0.0546875
1 0.65390625 0.425 0.13359375 0.09375
10 0.87421875 0.175 0.06015625 0.35
17 0.81953125 0.5390625 0.08984375 0.1
