1 0.95625 0.75390625 0.084375 0.0625
1 0.58671875 0.77890625 0.0515625 0.08359375
1 0.6390625 0.77734375 0.053125 0.07109375
1 0.08828125 0.70546875 0.0359375 0.03515625
1 0.02734375 0.70703125 0.0546875 0.04765625
1 0.059375 0.76015625 0.11875 0.075
7 0.78046875 0.72578125 0.2859375 0.18984375
0 0.19375 0.8 0.05 0.24609375
0 0.765625 0.80078125 0.053125 0.16015625
0 0.390625 0.34921875 0.04375 0.16875
0 0.22109375 0.31015625 0.0546875 0.18359375
12 0.33359375 0.71875 0.4953125 0.3625
1 0.6171875 0.73515625 0.059375 0.05
1 0.11640625 0.703125 0.0265625 0.03984375
1 0.5796875 0.71875 0.040625 0.03359375
1 0.0421875 0.67734375 0.06875 0.02109375
15 0.12421875 0.7375 0.0390625 0.0875
