13 0.18203125 0.5609375 0.04296875 0.1078125
13 0.31171875 0.47890625 0.02421875 0.06484375
13 0.3671875 0.4453125 0.01875 0.0484375
13 0.3984375 0.42734375 0.0125 0.03828125
13 0.84296875 0.42578125 0.01640625 0.04765625
13 0.76171875 0.41015625 0.01171875 0.0359375
13 0.721875 0.40234375 0.0140625 0.03046875
13 0.68984375 0.3953125 0.009375 0.025
13 0.98046875 0.453125 0.02578125 0.06953125
13 0.6640625 0.3890625 0.01015625 0.0234375
13 0.62890625 0.38203125 0.0078125 0.01640625
13 0.4203125 0.4125 0.01171875 0.03046875
13 0.43359375 0.4046875 0.0078125 0.02578125
13 0.44296875 0.39921875 0.009375 0.0234375
