16 0.47734375 0.465625 0.10625 0.190625
16 0.4046875 0.36796875 0.07265625 0.153125
0 0.171875 0.19765625 0.06640625 0.25078125
9 0.64453125 0.190625 0.06796875 0.175
9 0.81640625 0.16875 0.05625 0.109375
10 0.396875 0.1515625 0.025 0.29453125
0 0.64375 0.11171875 0.0546875 0.08125
0 0.8171875 0.09765625 0.04296875 0.0734375
0 0.50234375 0.12578125 0.01640625 0.08125
0 0.13515625 0.19296875 0.02890625 0.203125
9 0.17734375 0.27109375 0.0515625 0.1015625
16 0.2375 0.18671875 0.0203125 0.04453125
0 0.37109375 0.146875 0.0296875 0.125
0 0.3328125 0.153125 0.01640625 0.11484375
