0 0.4140625 0.878125 0.16875 0.21875
0 0.578125 0.89296875 0.134375 0.20625
0 0.946875 0.884375 0.103125 0.22734375
0 0.84453125 0.890625 0.1078125 0.17734375
0 0.084375 0.83671875 0.053125 0.08984375
0 0.1828125 0.86875 0.2125 0.23359375
0 0.06015625 0.85625 0.1203125 0.25859375
0 0.78359375 0.81328125 0.0765625 0.14765625
0 0.27734375 0.865625 0.1171875 0.26015625
0 0.65703125 0.871875 0.0765625 0.25234375
0 0.7265625 0.88046875 0.0625 0.22734375
0 0.4515625 0.775 0.053125 0.0625
0 0.40546875 0.76640625 0.0296875 0.04609375
0 0.503125 0.86484375 0.55 0.2625
10 0.83125 0.515625 0.040625 0.44765625
