1 0.9171875 0.721875 0.096875 0.11328125
1 0.69296875 0.740625 0.0765625 0.16875
7 0.44453125 0.61484375 0.4453125 0.63125
0 0.1140625 0.7546875 0.0625 0.27421875
1 0.74453125 0.71484375 0.0484375 0.13828125
12 0.8046875 0.65390625 0.075 0.14375
17 0.23828125 0.77578125 0.0328125 0.1328125
0 0.5046875 0.50859375 0.053125 0.11328125
1 0.76953125 0.7046875 0.0453125 0.125
1 0.8296875 0.6828125 0.103125 0.146875
1 0.91484375 0.671875 0.0640625 0.04140625
7 0.9203125 0.6125 0.05 0.10546875
1 0.703125 0.7171875 0.075 0.1609375
10 0.11796875 0.440625 0.0515625 0.86953125
