1 0.97109375 0.43515625 0.0546875 0.0796875
1 0.2859375 0.4296875 0.028125 0.03046875
1 0.2421875 0.425 0.0625 0.03046875
1 0.15390625 0.42109375 0.0421875 0.0328125
0 0.3859375 0.453125 0.121875 0.30859375
1 0.09609375 0.41171875 0.0484375 0.0375
1 0.05859375 0.41796875 0.0296875 0.02109375
1 0.5859375 0.43046875 0.096875 0.046875
1 0.0171875 0.415625 0.034375 0.03046875
1 0.028125 0.4140625 0.03125 0.028125
12 0.415625 0.4140625 0.08125 0.0609375
12 0.32109375 0.4203125 0.0484375 0.04921875
10 0.5828125 0.246875 0.028125 0.4234375
10 0.83671875 0.30625 0.0140625 0.3015625
