7 0.6421875 0.43671875 0.334375 0.76953125
0 0.9515625 0.51640625 0.071875 0.0890625
0 0.87421875 0.55625 0.0234375 0.11328125
0 0.834375 0.56171875 0.0125 0.05
1 0.11875 0.6578125 0.20625 0.271875
1 0.40234375 0.60546875 0.1421875 0.1890625
0 0.2578125 0.57734375 0.040625 0.1328125
0 0.27265625 0.56484375 0.0203125 0.11328125
0 0.8953125 0.56171875 0.0375 0.14140625
7 0.90234375 0.53515625 0.0796875 0.1046875
12 0.125 0.6609375 0.203125 0.278125
0 0.221875 0.57421875 0.034375 0.121875
0 0.07421875 0.51484375 0.0171875 0.0171875
0 0.04140625 0.58515625 0.0265625 0.0609375
7 0.0125 0.5421875 0.025 0.55
