0 0.09375 0.76015625 0.01953125 0.0546875
1 0.78671875 0.74375 0.09921875 0.05
1 0.6203125 0.76015625 0.2078125 0.0734375
1 0.496875 0.7671875 0.04453125 0.028125
1 0.4671875 0.76953125 0.0375 0.0203125
1 0.190625 0.7640625 0.05078125 0.034375
0 0.075 0.75859375 0.01328125 0.0328125
1 0.31328125 0.765625 0.01796875 0.009375
0 0.109375 0.759375 0.02421875 0.040625
1 0.88203125 0.7609375 0.23203125 0.140625
1 0.17109375 0.7578125 0.015625 0.025
10 0.2640625 0.546875 0.15703125 0.728125
17 0.384375 0.83828125 0.22109375 0.2765625
