1 0.91484375 0.12734375 0.13828125 0.1640625
17 0.303125 0.5109375 0.5140625 0.9453125
17 0.71796875 0.5265625 0.18828125 0.26640625
17 0.803125 0.17265625 0.31015625 0.31171875
17 0.728125 0.84609375 0.14765625 0.2734375
0 0.9296875 0.4953125 0.11171875 0.31875
0 0.95625 0.81328125 0.04765625 0.28828125
0 0.609375 0.75859375 0.05 0.18359375
0 0.653125 0.775 0.0421875 0.13125
0 0.153125 0.34140625 0.08203125 0.359375
0 0.68203125 0.74765625 0.02421875 0.0765625
0 0.65 0.5953125 0.03984375 0.1140625
0 0.80625 0.7765625 0.0359375 0.14765625
0 0.92578125 0.73671875 0.02421875 0.1359375
0 0.08203125 0.3640625 0.10390625 0.43828125
0 0.63984375 0.15703125 0.11171875 0.2953125
0 0.89765625 0.08359375 0.0203125 0.03359375
0 0.87890625 0.084375 0.01015625 0.01640625
0 0.759375 0.69375 0.47421875 0.57890625
