15 0.58359375 0.62109375 0.12734375 0.378125
15 0.30078125 0.434375 0.0765625 0.22890625
0 0.66015625 0.13828125 0.0515625 0.19453125
13 0.36328125 0.3328125 0.02265625 0.1734375
13 0.20859375 0.35390625 0.02421875 0.178125
13 0.04140625 0.24453125 0.0125 0.065625
13 0.3046875 0.31796875 0.01875 0.12109375
0 0.36640625 0.1078125 0.0375 0.115625
0 0.71796875 0.14375 0.04140625 0.19921875
0 0.85546875 0.05859375 0.0234375 0.04375
0 0.82265625 0.06640625 0.0234375 0.04375
9 0.50859375 0.1265625 0.03515625 0.06875
