8 0.359375 0.77734375 0.4421875 0.346875
1 0.57421875 0.509375 0.24375 0.11640625
1 0.8671875 0.52421875 0.20625 0.08125
0 0.065625 0.49921875 0.13125 0.3796875
0 0.4453125 0.62578125 0.15 0.17734375
0 0.87734375 0.63046875 0.16171875 0.1875
0 0.61015625 0.6265625 0.1921875 0.18359375
0 0.85 0.503125 0.08828125 0.16953125
0 0.77578125 0.48359375 0.0359375 0.06953125
0 0.29296875 0.6140625 0.18203125 0.1875
0 0.2078125 0.49765625 0.128125 0.38359375
0 0.965625 0.58046875 0.0640625 0.2796875
1 0.41015625 0.515625 0.0921875 0.08359375
1 0.94765625 0.50546875 0.06015625 0.07578125
1 0.73203125 0.52734375 0.0796875 0.07109375
