6 0.52734375 0.82890625 0.0328125 0.096875
6 0.70625 0.9125 0.078125 0.16484375
6 0.58671875 0.9171875 0.0609375 0.15546875
6 0.39609375 0.79453125 0.0296875 0.08515625
0 0.5890625 0.8171875 0.06875 0.19140625
0 0.70390625 0.79921875 0.0796875 0.2265625
0 0.6796875 0.76640625 0.03125 0.15546875
6 0.76875 0.840625 0.05625 0.125
6 0.8359375 0.9578125 0.15 0.05625
0 0.4671875 0.75625 0.03125 0.1484375
0 0.396875 0.75859375 0.034375 0.134375
0 0.48046875 0.70859375 0.0203125 0.05859375
0 0.4375 0.7265625 0.025 0.09921875
0 0.771875 0.78515625 0.071875 0.1984375
0 0.828125 0.875 0.13125 0.2453125
0 0.58046875 0.721875 0.0359375 0.07109375
0 0.53046875 0.74375 0.0453125 0.115625
0 0.42109375 0.70546875 0.0109375 0.0609375
6 0.61171875 0.7609375 0.0203125 0.06875
6 0.96875 0.946875 0.059375 0.096875
6 0.46953125 0.7921875 0.0203125 0.08984375
0 0.4859375 0.6828125 0.009375 0.03046875
6 0.6453125 0.7484375 0.021875 0.05390625
0 0.66875 0.821875 0.65625 0.346875
6 0.43359375 0.734375 0.1609375 0.096875
