10 0.69375 0.4140625 0.028125 0.5265625
9 0.38515625 0.63203125 0.05703125 0.08046875
9 0.45234375 0.62890625 0.04296875 0.08671875
1 0.7984375 0.55546875 0.10859375 0.06640625
1 0.9140625 0.590625 0.16875 0.0875
0 0.20078125 0.56171875 0.02265625 0.07109375
13 0.8140625 0.6 0.00859375 0.01875
0 0.92421875 0.53671875 0.01640625 0.01953125
0 0.9390625 0.53515625 0.0171875 0.021875
0 0.9640625 0.53984375 0.0171875 0.0265625
1 0.740625 0.5453125 0.0265625 0.0421875
6 0.02109375 0.540625 0.040625 0.03125
8 0.009375 0.5609375 0.01796875 0.01484375
6 0.20078125 0.56875 0.04375 0.04375
