1 0.1359375 0.69609375 0.0875 0.084375
1 0.0890625 0.6703125 0.05625 0.075
1 0.9390625 0.84453125 0.1125 0.22109375
1 0.0140625 0.6671875 0.028125 0.06328125
1 0.20234375 0.684375 0.0140625 0.09375
7 0.51484375 0.55859375 0.6265625 0.76953125
0 0.5640625 0.31875 0.0375 0.08671875
0 0.52421875 0.3296875 0.0484375 0.09375
0 0.6171875 0.31796875 0.034375 0.075
0 0.746875 0.34453125 0.034375 0.05859375
0 0.28125 0.44375 0.0375 0.05859375
0 0.3125 0.4296875 0.028125 0.05859375
0 0.23671875 0.46328125 0.0171875 0.046875
0 0.86640625 0.73046875 0.0171875 0.08203125
0 0.7046875 0.33046875 0.05625 0.08671875
0 0.8296875 0.73046875 0.015625 0.07265625
0 0.67578125 0.3515625 0.0171875 0.02109375
1 0.04296875 0.6515625 0.0265625 0.0421875
0 0.15859375 0.64921875 0.0046875 0.0140625
0 0.25859375 0.45546875 0.0296875 0.05390625
0 0.58046875 0.56015625 0.6765625 0.3484375
