12 0.49921875 0.65390625 0.9953125 0.66171875
1 0.953125 0.53125 0.090625 0.09765625
0 0.6484375 0.821875 0.15 0.325
0 0.20078125 0.7 0.1703125 0.5859375
0 0.43671875 0.69375 0.1078125 0.52890625
0 0.54296875 0.60625 0.1484375 0.40234375
0 0.6734375 0.61171875 0.128125 0.39609375
0 0.39140625 0.7796875 0.1765625 0.4359375
0 0.38828125 0.378125 0.1671875 0.35859375
0 0.6015625 0.4390625 0.078125 0.1703125
0 0.521875 0.82734375 0.134375 0.309375
0 0.47734375 0.12265625 0.2109375 0.2453125
0 0.65703125 0.20234375 0.1859375 0.2984375
1 0.8796875 0.50234375 0.075 0.0484375
0 0.3453125 0.59296875 0.0875 0.24375
0 0.48515625 0.45234375 0.0765625 0.17890625
0 0.6140625 0.484375 0.38125 0.628125
