1 0.6953125 0.30234375 0.24140625 0.1546875
1 0.72109375 0.128125 0.071875 0.05
1 0.609375 0.12890625 0.1078125 0.0546875
1 0.5046875 0.1484375 0.0828125 0.0625
1 0.4375 0.16484375 0.09765625 0.0671875
1 0.31953125 0.16875 0.0953125 0.065625
1 0.24140625 0.17890625 0.115625 0.0703125
1 0.1125 0.17890625 0.128125 0.0828125
1 0.20546875 0.15859375 0.09765625 0.0859375
1 0.4484375 0.09453125 0.025 0.0234375
1 0.9015625 0.15234375 0.05234375 0.0609375
1 0.76015625 0.12734375 0.0328125 0.0421875
1 0.02734375 0.1921875 0.05390625 0.08125
1 0.58203125 0.08515625 0.60546875 0.1703125
10 0.6171875 0.48984375 0.1390625 0.9765625
17 0.76875 0.4765625 0.12109375 0.190625
17 0.8515625 0.3828125 0.0703125 0.1
17 0.91796875 0.296875 0.05546875 0.084375
