0 0.26328125 0.66875 0.0328125 0.0859375
0 0.60859375 0.6625 0.0203125 0.0734375
0 0.1328125 0.64296875 0.01875 0.05234375
0 0.46875 0.6328125 0.0125 0.01015625
0 0.07265625 0.71015625 0.0421875 0.04375
6 0.04453125 0.87265625 0.0890625 0.25078125
0 0.03203125 0.66640625 0.0109375 0.04375
0 0.196875 0.63828125 0.009375 0.02890625
6 0.575 0.68203125 0.0375 0.05
1 0.5265625 0.8515625 0.78125 0.26328125
1 0.9234375 0.71953125 0.146875 0.3015625
1 0.16796875 0.75390625 0.2359375 0.16953125
1 0.4765625 0.67265625 0.1 0.06875
1 0.378125 0.65703125 0.053125 0.05859375
1 0.3421875 0.65390625 0.046875 0.0484375
0 0.01953125 0.6625 0.0203125 0.0734375
0 0.428125 0.62421875 0.00625 0.00625
0 0.2015625 0.63984375 0.003125 0.02109375
1 0.28515625 0.65234375 0.0359375 0.0546875
1 0.2140625 0.63828125 0.028125 0.03359375
1 0.1609375 0.63984375 0.04375 0.03359375
1 0.31796875 0.65546875 0.0296875 0.0359375
1 0.3125 0.6328125 0.025 0.01484375
1 0.25625 0.6609375 0.084375 0.0546875
12 0.41796875 0.6625 0.0734375 0.06875
