0 0.7015625 0.79453125 0.175 0.40625
0 0.55234375 0.84921875 0.1453125 0.29765625
0 0.91171875 0.76640625 0.1734375 0.4625
8 0.24140625 0.734375 0.0328125 0.04375
0 0.4375 0.84296875 0.190625 0.27265625
0 0.54140625 0.709375 0.0484375 0.13125
0 0.59453125 0.71875 0.0359375 0.1
0 0.284375 0.71015625 0.034375 0.10390625
0 0.51953125 0.68515625 0.0171875 0.04609375
0 0.4125 0.69921875 0.01875 0.07265625
0 0.21328125 0.70390625 0.0296875 0.10390625
0 0.6265625 0.75234375 0.05625 0.11640625
0 0.3359375 0.68046875 0.009375 0.03984375
8 0.3890625 0.73984375 0.046875 0.04140625
0 0.02890625 0.74453125 0.0578125 0.39375
