7 0.4859375 0.4921875 0.709375 0.81953125
0 0.85625 0.71640625 0.04375 0.16875
0 0.6921875 0.25625 0.021875 0.06796875
0 0.03671875 0.63671875 0.0234375 0.065625
0 0.07578125 0.640625 0.0203125 0.05390625
0 0.22421875 0.61796875 0.0453125 0.084375
0 0.596875 0.25390625 0.05 0.06328125
0 0.1078125 0.68046875 0.025 0.10546875
0 0.084375 0.69296875 0.046875 0.1171875
0 0.11953125 0.63828125 0.0140625 0.03046875
0 0.73515625 0.234375 0.0296875 0.121875
0 0.34296875 0.32578125 0.0390625 0.05625
0 0.2765625 0.34921875 0.01875 0.0515625
0 0.559375 0.56796875 0.065625 0.12890625
0 0.5375 0.6078125 0.91875 0.6765625
