1 0.0828125 0.53359375 0.11015625 0.0734375
1 0.3796875 0.52890625 0.09375 0.0640625
1 0.61796875 0.53125 0.171875 0.0875
1 0.5296875 0.51328125 0.0546875 0.0359375
1 0.1671875 0.521875 0.0546875 0.046875
1 0.19921875 0.50625 0.0734375 0.046875
1 0.7421875 0.52109375 0.0296875 0.0484375
1 0.48984375 0.49609375 0.034375 0.0171875
12 0.5296875 0.51171875 0.0546875 0.0359375
12 0.8453125 0.503125 0.190625 0.14375
0 0.31796875 0.5171875 0.034375 0.01875
0 0.26796875 0.51953125 0.03203125 0.0171875
0 0.09140625 0.5171875 0.03203125 0.015625
0 0.39453125 0.50859375 0.03203125 0.0109375
0 0.4125 0.4984375 0.009375 0.009375
1 0.39140625 0.496875 0.07578125 0.03125
0 0.59375 0.54453125 0.0875 0.1078125
1 0.28671875 0.540625 0.18828125 0.084375
1 0.128125 0.52421875 0.06875 0.0578125
0 0.1390625 0.4875 0.0203125 0.01875
0 0.1125 0.48828125 0.0140625 0.0140625
