1 0.4 0.96328125 0.49140625 0.0671875
1 0.10859375 0.90703125 0.04140625 0.0265625
1 0.05390625 0.92109375 0.0625 0.0296875
0 0.53203125 0.93125 0.03984375 0.03125
1 0.28359375 0.91875 0.05 0.025
0 0.42109375 0.91328125 0.02890625 0.0328125
1 0.24921875 0.95625 0.11015625 0.046875
1 0.27109375 0.940625 0.075 0.040625
1 0.240625 0.88125 0.01484375 0.009375
1 0.15859375 0.9 0.03359375 0.025
1 0.196875 0.9046875 0.02734375 0.015625
1 0.28515625 0.87109375 0.0125 0.0078125
1 0.0125 0.93046875 0.025 0.0328125
1 0.090625 0.91640625 0.03984375 0.0296875
0 0.26015625 0.9046875 0.0125 0.028125
6 0.475 0.16328125 0.09609375 0.0484375
10 0.49375 0.815625 0.09140625 0.3625
10 0.315625 0.73359375 0.04375 0.3203125
10 0.94296875 0.753125 0.10234375 0.46875
