6 0.575 0.72265625 0.84375 0.55
0 0.63984375 0.3890625 0.48046875 0.30234375
0 0.13515625 0.51875 0.06640625 0.034375
0 0.29140625 0.4671875 0.1140625 0.0703125
0 0.853125 0.196875 0.1921875 0.15
0 0.63671875 0.24609375 0.084375 0.04765625
0 0.24609375 0.46875 0.06015625 0.03828125
0 0.196875 0.496875 0.05703125 0.03828125
6 0.259375 0.496875 0.0453125 0.03828125
6 0.20703125 0.5109375 0.06640625 0.03828125
0 0.60625 0.24765625 0.0296875 0.03203125
0 0.39453125 0.37578125 0.0328125 0.02421875
0 0.3046875 0.70625 0.609375 0.5203125
0 0.32734375 0.42578125 0.06015625 0.04375
