1 0.77109375 0.63515625 0.13828125 0.2609375
1 0.684375 0.60078125 0.1359375 0.1859375
1 0.59609375 0.5421875 0.05625 0.10546875
1 0.89765625 0.65625 0.2 0.3875
7 0.49296875 0.490625 0.1578125 0.27890625
0 0.35234375 0.55390625 0.03203125 0.153125
0 0.14296875 0.51953125 0.03828125 0.10234375
0 0.334375 0.54375 0.02421875 0.13203125
1 0.0609375 0.61875 0.121875 0.234375
1 0.034375 0.809375 0.06796875 0.3453125
1 0.05625 0.52578125 0.11171875 0.08984375
1 0.25625 0.5484375 0.1078125 0.1828125
1 0.61171875 0.48359375 0.04765625 0.0484375
0 0.3390625 0.4953125 0.0140625 0.02421875
1 0.61875 0.5671875 0.05390625 0.1078125
12 0.38203125 0.53125 0.0640625 0.1203125
1 0.19609375 0.5859375 0.14765625 0.16796875
