0 0.6796875 0.50078125 0.246875 0.675
0 0.2875 0.4546875 0.184375 0.6421875
0 0.39921875 0.9203125 0.0828125 0.121875
0 0.47109375 0.88515625 0.0734375 0.17734375
0 0.95234375 0.86484375 0.0671875 0.0984375
0 0.52734375 0.9296875 0.0734375 0.0984375
0 0.71015625 0.87421875 0.0796875 0.121875
0 0.7859375 0.9171875 0.090625 0.10078125
0 0.44296875 0.83203125 0.0578125 0.0984375
0 0.78359375 0.86328125 0.0765625 0.11015625
0 0.65234375 0.85546875 0.0640625 0.13046875
0 0.5515625 0.875 0.109375 0.128125
0 0.27265625 0.871875 0.0828125 0.13046875
0 0.4984375 0.8328125 0.996875 0.325
