0 0.4578125 0.29765625 0.11875 0.2296875
0 0.2734375 0.6453125 0.040625 0.24140625
0 0.20078125 0.6453125 0.0421875 0.24609375
0 0.2375 0.65078125 0.0375 0.234375
0 0.1640625 0.64609375 0.046875 0.2625
0 0.13125 0.65703125 0.040625 0.24609375
0 0.04765625 0.66484375 0.0421875 0.253125
0 0.09453125 0.65078125 0.0484375 0.271875
0 0.015625 0.678125 0.03125 0.25078125
0 0.2265625 0.55703125 0.01875 0.065625
0 0.29140625 0.55859375 0.0140625 0.03984375
12 0.63046875 0.60078125 0.6546875 0.5640625
0 0.3015625 0.53359375 0.009375 0.028125
0 0.96328125 0.634375 0.0265625 0.1265625
0 0.496875 0.5890625 0.99375 0.44296875
