0 0.98828125 0.63671875 0.0140625 0.07734375
1 0.45390625 0.65078125 0.0703125 0.05625
1 0.5 0.64453125 0.04375 0.04765625
1 0.584375 0.63359375 0.025 0.025
1 0.70625 0.64765625 0.046875 0.05
1 0.83828125 0.64296875 0.1046875 0.04375
1 0.78359375 0.63515625 0.0390625 0.03359375
1 0.63828125 0.628125 0.0140625 0.01484375
1 0.66796875 0.609375 0.0078125 0.01015625
1 0.52578125 0.63984375 0.0328125 0.04140625
1 0.6546875 0.62890625 0.015625 0.01640625
1 0.92734375 0.63828125 0.0390625 0.03125
1 0.68984375 0.59609375 0.0078125 0.00859375
1 0.69609375 0.62421875 0.0328125 0.02265625
1 0.86328125 0.62578125 0.2578125 0.04765625
10 0.9203125 0.696875 0.025 0.33515625
10 0.81875 0.58984375 0.028125 0.27109375
10 0.75078125 0.42578125 0.0265625 0.48515625
10 0.72265625 0.46640625 0.0171875 0.24140625
10 0.29765625 0.61953125 0.0140625 0.15625
10 0.1984375 0.58125 0.025 0.25859375
17 0.01484375 0.68359375 0.0265625 0.07109375
