1 0.32890625 0.94296875 0.19765625 0.1078125
1 0.125 0.93671875 0.20234375 0.0765625
1 0.6703125 0.878125 0.04765625 0.03984375
1 0.25 0.8890625 0.071875 0.0921875
1 0.3859375 0.890625 0.04765625 0.05234375
1 0.4359375 0.903125 0.015625 0.05859375
1 0.4640625 0.9125 0.05625 0.0953125
1 0.7640625 0.896875 0.06015625 0.05234375
0 0.37265625 0.92578125 0.01796875 0.03046875
0 0.97265625 0.87109375 0.01796875 0.025
1 0.90078125 0.91875 0.1421875 0.05234375
1 0.6609375 0.93828125 0.1296875 0.0921875
1 0.55078125 0.903125 0.06171875 0.04609375
1 0.7828125 0.92578125 0.07421875 0.0859375
1 0.03828125 0.96484375 0.07578125 0.06484375
1 0.7046875 0.8984375 0.58203125 0.14765625
10 0.62890625 0.615625 0.0296875 0.73203125
10 0.70234375 0.503125 0.03984375 0.93828125
10 0.36015625 0.675 0.028125 0.63671875
10 0.12421875 0.884375 0.0203125 0.19375
