7 0.76796875 0.77109375 0.4609375 0.425
0 0.30703125 0.834375 0.0484375 0.10234375
0 0.51328125 0.86953125 0.0265625 0.16484375
0 0.7015625 0.74921875 0.021875 0.02734375
0 0.69609375 0.76171875 0.0296875 0.03515625
0 0.70703125 0.74453125 0.0140625 0.02265625
12 0.26171875 0.6375 0.5234375 0.70390625
0 0.76171875 0.76640625 0.0171875 0.02109375
0 0.8734375 0.76328125 0.021875 0.02734375
0 0.940625 0.759375 0.01875 0.03984375
0 0.22734375 0.821875 0.0578125 0.18984375
0 0.8484375 0.76640625 0.01875 0.03359375
0 0.73828125 0.72421875 0.0109375 0.02734375
0 0.684375 0.765625 0.01875 0.03515625
0 0.73671875 0.746875 0.0203125 0.03515625
0 0.58046875 0.83828125 0.3359375 0.14765625
