0 0.521875 0.58671875 0.0125 0.06484375
0 0.5546875 0.56875 0.01875 0.04609375
0 0.4921875 0.5875 0.025 0.06640625
0 0.4609375 0.58046875 0.021875 0.07265625
0 0.42265625 0.58515625 0.0109375 0.05859375
0 0.54140625 0.59921875 0.0171875 0.03515625
1 0.78046875 0.615625 0.2578125 0.11484375
1 0.3453125 0.58671875 0.1125 0.06875
1 0.215625 0.58125 0.059375 0.05859375
0 0.58359375 0.58203125 0.0203125 0.06015625
1 0.03359375 0.584375 0.0671875 0.06875
1 0.8484375 0.56875 0.090625 0.05390625
1 0.9703125 0.57421875 0.05625 0.05625
1 0.153125 0.58671875 0.090625 0.06484375
1 0.69140625 0.58984375 0.0921875 0.05
12 0.3453125 0.5875 0.115625 0.07109375
0 0.43671875 0.58671875 0.0171875 0.05625
