17 0.48828125 0.61875 0.3546875 0.66640625
1 0.93359375 0.36640625 0.1296875 0.17890625
1 0.8703125 0.31953125 0.25625 0.18984375
1 0.71953125 0.35 0.0578125 0.09609375
1 0.7328125 0.30078125 0.25 0.13125
12 0.66875 0.27421875 0.284375 0.12734375
12 0.63671875 0.29375 0.1859375 0.11640625
1 0.51015625 0.29140625 0.1046875 0.075
1 0.478125 0.284375 0.08125 0.05234375
1 0.4359375 0.265625 0.046875 0.02265625
1 0.83359375 0.30625 0.1921875 0.1375
1 0.47421875 0.26796875 0.1015625 0.03984375
1 0.37890625 0.28515625 0.0203125 0.025
10 0.82421875 0.20546875 0.0671875 0.40234375
10 0.05390625 0.19140625 0.0515625 0.35859375
