1 0.42578125 0.371875 0.2390625 0.23125
9 0.4578125 0.5125 0.1 0.17890625
0 0.465625 0.36875 0.15 0.3125
12 0.88671875 0.30546875 0.1734375 0.10625
0 0.91484375 0.27421875 0.0296875 0.03515625
0 0.6171875 0.27265625 0.021875 0.01640625
1 0.20859375 0.259375 0.0265625 0.03515625
1 0.0078125 0.34609375 0.015625 0.18359375
12 0.0796875 0.31171875 0.159375 0.16875
12 0.58046875 0.29296875 0.1921875 0.14765625
1 0.26640625 0.25703125 0.0265625 0.01875
1 0.24765625 0.25859375 0.0171875 0.01640625
1 0.234375 0.25625 0.021875 0.02890625
1 0.8390625 0.278125 0.06875 0.02734375
12 0.8015625 0.25078125 0.190625 0.06875
10 0.69296875 0.15703125 0.0234375 0.28515625
10 0.85078125 0.08125 0.0234375 0.1375
