9 0.15703125 0.7546875 0.31328125 0.45703125
1 0.203125 0.4140625 0.12421875 0.1890625
1 0.8546875 0.32421875 0.28984375 0.22890625
0 0.6875 0.340625 0.03203125 0.1640625
14 0.61484375 0.4359375 0.08203125 0.19453125
6 0.546875 0.3828125 0.06796875 0.11953125
0 0.5484375 0.35625 0.02890625 0.16796875
9 0.35859375 0.37578125 0.04765625 0.11328125
9 0.38984375 0.3796875 0.04140625 0.1015625
9 0.41640625 0.3796875 0.03359375 0.11328125
9 0.45546875 0.371875 0.059375 0.12890625
1 0.0609375 0.42421875 0.11796875 0.15390625
10 0.53046875 0.2765625 0.03359375 0.5484375
