1 0.64921875 0.83046875 0.11015625 0.15703125
1 0.696875 0.77578125 0.03828125 0.05859375
1 0.89921875 0.7890625 0.05390625 0.06953125
9 0.94609375 0.9 0.0640625 0.15703125
0 0.834375 0.83984375 0.07578125 0.309375
9 0.6703125 0.925 0.14765625 0.1171875
0 0.9453125 0.84921875 0.078125 0.2109375
0 0.7796875 0.84921875 0.071875 0.26953125
0 0.1453125 0.85625 0.11015625 0.2828125
0 0.32890625 0.7359375 0.05390625 0.0796875
12 0.69765625 0.77734375 0.03984375 0.06171875
1 0.87734375 0.78671875 0.021875 0.0640625
1 0.759375 0.7640625 0.02578125 0.03984375
9 0.67265625 0.98671875 0.1578125 0.02109375
