8 0.490625 0.60625 0.08125 0.1640625
8 0.4859375 0.57109375 0.090625 0.140625
6 0.67109375 0.44609375 0.0109375 0.04921875
1 0.30546875 0.5140625 0.2453125 0.23203125
1 0.321875 0.43828125 0.334375 0.1828125
0 0.66328125 0.4109375 0.0296875 0.10546875
0 0.54609375 0.415625 0.0234375 0.11015625
0 0.08203125 0.70625 0.1640625 0.559375
0 0.57578125 0.49765625 0.0703125 0.31640625
0 0.490625 0.48515625 0.053125 0.1546875
0 0.1 0.38671875 0.01875 0.01875
12 0.4203125 0.35703125 0.08125 0.08203125
1 0.3515625 0.3796875 0.040625 0.0234375
1 0.1078125 0.453125 0.16875 0.13828125
1 0.4953125 0.37578125 0.0125 0.01171875
1 0.3640625 0.39375 0.05 0.01875
17 0.4546875 0.50078125 0.040625 0.2109375
0 0.60390625 0.38203125 0.0109375 0.0421875
0 0.61328125 0.38046875 0.0109375 0.04921875
0 0.2828125 0.39375 0.009375 0.0234375
