1 0.42265625 0.8703125 0.834375 0.18359375
1 0.3046875 0.72578125 0.18984375 0.09921875
1 0.5328125 0.70546875 0.10625 0.09296875
1 0.64375 0.6921875 0.084375 0.09609375
1 0.66796875 0.6734375 0.0921875 0.09921875
1 0.80234375 0.6265625 0.06796875 0.046875
1 0.8953125 0.6578125 0.065625 0.090625
1 0.88515625 0.59765625 0.05390625 0.02890625
1 0.7828125 0.7625 0.18984375 0.2125
1 0.4671875 0.70234375 0.08984375 0.1109375
1 0.553125 0.70078125 0.10234375 0.1140625
1 0.3828125 0.70390625 0.1859375 0.16640625
1 0.725 0.61484375 0.03828125 0.02890625
1 0.8 0.70078125 0.30390625 0.25390625
10 0.190625 0.6546875 0.0703125 0.59765625
10 0.9390625 0.42890625 0.05 0.7640625
