1 0.39140625 0.78359375 0.1078125 0.06328125
1 0.06640625 0.7765625 0.1328125 0.07734375
1 0.47109375 0.775 0.0546875 0.0421875
1 0.4203125 0.76015625 0.05625 0.03046875
1 0.625 0.7796875 0.05 0.0421875
1 0.21796875 0.784375 0.1734375 0.0984375
1 0.9328125 0.8875 0.13125 0.1875
1 0.9203125 0.78671875 0.15625 0.1546875
1 0.32109375 0.771875 0.0640625 0.03984375
1 0.27734375 0.75859375 0.0515625 0.0375
1 0.51328125 0.77265625 0.0359375 0.0375
1 0.534375 0.7703125 0.028125 0.0328125
12 0.58125 0.77421875 0.05 0.04921875
1 0.45546875 0.7578125 0.0296875 0.02578125
12 0.68203125 0.7703125 0.0296875 0.0375
1 0.6171875 0.76484375 0.146875 0.04453125
10 0.71953125 0.7015625 0.0234375 0.23203125
