1 0.1953125 0.2484375 0.1 0.034375
1 0.4375 0.24609375 0.04375 0.02265625
1 0.11171875 0.25625 0.0890625 0.04296875
0 0.646875 0.47734375 0.471875 0.78125
0 0.11640625 0.23203125 0.0234375 0.05859375
0 0.52265625 0.23828125 0.0109375 0.03828125
0 0.54296875 0.24140625 0.0171875 0.0328125
0 0.7875 0.2078125 0.028125 0.05078125
0 0.83046875 0.2359375 0.0171875 0.046875
0 0.85 0.2421875 0.03125 0.0671875
0 0.86796875 0.2578125 0.0265625 0.08125
1 0.25703125 0.24765625 0.0453125 0.0203125
1 0.31328125 0.24453125 0.0640625 0.0265625
1 0.40390625 0.2484375 0.0546875 0.0265625
1 0.46953125 0.2453125 0.0578125 0.02421875
1 0.01015625 0.2484375 0.0203125 0.046875
