6 0.878125 0.63515625 0.090625 0.0625
1 0.38203125 0.703125 0.2234375 0.32734375
1 0.20625 0.60234375 0.040625 0.0625
1 0.88671875 0.61015625 0.1921875 0.1
7 0.4484375 0.49765625 0.446875 0.39140625
7 0.09765625 0.60703125 0.1953125 0.26875
0 0.5828125 0.77734375 0.403125 0.4125
0 0.7234375 0.60625 0.01875 0.0875
0 0.740625 0.60078125 0.025 0.09765625
0 0.7703125 0.59921875 0.028125 0.08515625
0 0.22109375 0.77890625 0.3140625 0.4125
0 0.440625 0.621875 0.053125 0.06015625
0 0.96015625 0.571875 0.0234375 0.05625
0 0.575 0.52265625 0.046875 0.10859375
0 0.1328125 0.57265625 0.028125 0.03359375
0 0.98359375 0.60859375 0.0296875 0.11640625
6 0.69296875 0.62421875 0.0171875 0.05234375
0 0.88125 0.553125 0.025 0.02265625
0 0.86328125 0.609375 0.0359375 0.11484375
0 0.68984375 0.57421875 0.0265625 0.05234375
0 0.49921875 0.58046875 0.5828125 0.13125
10 0.8375 0.29375 0.034375 0.5125
