1 0.140625 0.5375 0.078125 0.05
1 0.21171875 0.546875 0.0390625 0.03984375
12 0.33125 0.49921875 0.53125 0.58125
12 0.9078125 0.43046875 0.18125 0.34375
0 0.08828125 0.55625 0.0359375 0.08359375
0 0.115625 0.56015625 0.025 0.06640625
0 0.834375 0.58828125 0.046875 0.19765625
0 0.87109375 0.61640625 0.0765625 0.24609375
0 0.76875 0.55625 0.0375 0.09609375
0 0.91640625 0.61640625 0.0515625 0.2125
0 0.73359375 0.515625 0.0234375 0.04765625
0 0.05234375 0.565625 0.0296875 0.08984375
0 0.746875 0.54296875 0.0125 0.08125
0 0.76875 0.50234375 0.0125 0.02109375
0 0.73515625 0.56796875 0.0140625 0.03125
12 0.63984375 0.484375 0.1921875 0.37265625
1 0.071875 0.86640625 0.14375 0.23359375
0 0.85 0.51171875 0.0125 0.03125
