1 0.94296875 0.27109375 0.0578125 0.05859375
1 0.74609375 0.25 0.0546875 0.03359375
12 0.4921875 0.2375 0.428125 0.22890625
17 0.078125 0.68359375 0.103125 0.33359375
0 0.80625 0.265625 0.0875 0.09765625
0 0.98203125 0.265625 0.0203125 0.08125
1 0.92265625 0.23984375 0.0421875 0.03359375
0 0.965625 0.23125 0.0125 0.025
1 0.80859375 0.23984375 0.0546875 0.05
13 0.60390625 0.34921875 0.0171875 0.09375
13 0.71875 0.365625 0.01875 0.11875
13 0.87109375 0.38515625 0.0203125 0.13359375
10 0.89609375 0.15859375 0.0328125 0.3125
14 0.1 0.27109375 0.0375 0.05390625
10 0.2078125 0.25 0.009375 0.09609375
