0 0.40859375 0.8609375 0.0671875 0.1609375
0 0.228125 0.9125 0.109375 0.165625
0 0.484375 0.91953125 0.109375 0.15625
0 0.56640625 0.83203125 0.0484375 0.07890625
0 0.74140625 0.890625 0.0484375 0.19140625
0 0.7125 0.9171875 0.053125 0.1609375
0 0.6390625 0.871875 0.034375 0.11171875
0 0.6171875 0.83203125 0.021875 0.0609375
0 0.9203125 0.853125 0.01875 0.0515625
0 0.590625 0.91171875 0.065625 0.16796875
0 0.36875 0.86015625 0.046875 0.065625
0 0.25390625 0.85703125 0.0609375 0.1609375
0 0.51015625 0.87734375 0.0578125 0.1515625
0 0.4984375 0.8484375 0.996875 0.29375
