1 0.54609375 0.25625 0.1515625 0.121875
1 0.98671875 0.32421875 0.0234375 0.2390625
9 0.453125 0.51640625 0.41875 0.48515625
0 0.459375 0.4171875 0.20625 0.47578125
0 0.19921875 0.35625 0.1546875 0.46015625
0 0.55625 0.225 0.046875 0.11953125
0 0.4703125 0.25078125 0.034375 0.1703125
0 0.984375 0.2 0.028125 0.10078125
12 0.8015625 0.334375 0.38125 0.41171875
0 0.03125 0.5296875 0.0625 0.3421875
0 0.35 0.253125 0.03125 0.11953125
0 0.5109375 0.25859375 0.046875 0.17265625
9 0.0578125 0.546875 0.115625 0.28515625
7 0.4640625 0.14140625 0.259375 0.2828125
