16 0.1796875 0.73046875 0.1234375 0.23828125
16 0.3546875 0.6453125 0.09296875 0.17578125
16 0.56796875 0.584375 0.07578125 0.1515625
16 0.7078125 0.54140625 0.07265625 0.13125
16 0.8125 0.51640625 0.0671875 0.11953125
0 0.49921875 0.37578125 0.03828125 0.1484375
10 0.61015625 0.22421875 0.0203125 0.4484375
10 0.88984375 0.384375 0.01875 0.34453125
10 0.15078125 0.2265625 0.02265625 0.41875
10 0.43671875 0.18046875 0.0125 0.25859375
1 0.35625 0.36328125 0.06171875 0.046875
1 0.27734375 0.37421875 0.11015625 0.06171875
14 0.096875 0.40703125 0.06484375 0.0765625
13 0.66015625 0.34609375 0.01640625 0.234375
13 0.86171875 0.44375 0.01640625 0.2015625
