0 0.653125 0.48828125 0.009375 0.04921875
12 0.7125 0.54453125 0.059375 0.08671875
12 0.69765625 0.41328125 0.0265625 0.04453125
1 0.70234375 0.48359375 0.0515625 0.04921875
1 0.5640625 0.47421875 0.040625 0.04453125
1 0.49765625 0.48828125 0.0671875 0.03984375
1 0.64296875 0.4671875 0.0203125 0.03515625
1 0.659375 0.453125 0.025 0.03515625
1 0.6203125 0.434375 0.021875 0.01171875
1 0.62265625 0.47421875 0.0359375 0.04921875
1 0.69140625 0.428125 0.0203125 0.0328125
1 0.74609375 0.53046875 0.0296875 0.05859375
1 0.346875 0.4796875 0.075 0.046875
1 0.76796875 0.4046875 0.0140625 0.01875
1 0.98359375 0.50234375 0.0265625 0.03984375
1 0.6640625 0.4375 0.178125 0.10390625
10 0.88828125 0.45546875 0.0453125 0.90625
10 0.91953125 0.39140625 0.0328125 0.7828125
10 0.36171875 0.34609375 0.0328125 0.34375
10 0.16640625 0.41640625 0.0296875 0.325
