6 0.075 0.87421875 0.090625 0.19140625
6 0.0296875 0.87109375 0.040625 0.134375
1 0.83515625 0.76171875 0.2859375 0.18046875
1 0.121875 0.703125 0.059375 0.09609375
7 0.39140625 0.60390625 0.5046875 0.58671875
0 0.01953125 0.80390625 0.0390625 0.31015625
0 0.66796875 0.725 0.0203125 0.09375
0 0.81015625 0.71953125 0.0265625 0.04140625
0 0.58671875 0.68125 0.0234375 0.04765625
0 0.6078125 0.69609375 0.0125 0.04140625
0 0.1453125 0.6828125 0.015625 0.02265625
0 0.64765625 0.72265625 0.0234375 0.09375
0 0.028125 0.71015625 0.034375 0.14609375
0 0.63046875 0.728125 0.0140625 0.0546875
0 0.0921875 0.80625 0.096875 0.31953125
