0 0.13359375 0.58046875 0.15859375 0.3015625
0 0.03671875 0.51015625 0.04375 0.1046875
0 0.07265625 0.4765625 0.02890625 0.05625
0 0.17890625 0.46484375 0.025 0.0234375
0 0.0125 0.4859375 0.025 0.090625
0 0.059375 0.48046875 0.01484375 0.0640625
0 0.21953125 0.5171875 0.06015625 0.1375
0 0.91171875 0.43515625 0.08125 0.0484375
7 0.78515625 0.4609375 0.42109375 0.303125
7 0.49296875 0.46015625 0.23515625 0.1796875
7 0.26953125 0.45859375 0.23125 0.1453125
0 0.190625 0.44609375 0.02265625 0.0203125
