1 0.509375 0.28515625 0.090625 0.046875
0 0.6671875 0.4875 0.11875 0.321875
0 0.86328125 0.47265625 0.0921875 0.31640625
0 0.46796875 0.38984375 0.0421875 0.0609375
0 0.55234375 0.38203125 0.0671875 0.071875
0 0.80703125 0.39375 0.0609375 0.05625
0 0.17578125 0.36640625 0.0359375 0.1
0 0.06171875 0.36328125 0.0515625 0.1015625
0 0.44296875 0.396875 0.0359375 0.046875
0 0.5984375 0.3609375 0.05 0.109375
0 0.98359375 0.36640625 0.0296875 0.13125
0 0.26015625 0.521875 0.2828125 0.71484375
1 0.915625 0.2734375 0.128125 0.03125
10 0.6140625 0.278125 0.0375 0.553125
10 0.9625 0.28046875 0.03125 0.5609375
10 0.26796875 0.08203125 0.0359375 0.1640625
