15 0.71953125 0.778125 0.14296875 0.41015625
15 0.3734375 0.36640625 0.05859375 0.16328125
15 0.28515625 0.2796875 0.03671875 0.10546875
15 0.18671875 0.1875 0.01875 0.05546875
15 0.159375 0.1609375 0.01484375 0.04609375
15 0.23203125 0.22109375 0.021875 0.07578125
15 0.84765625 0.24296875 0.03125 0.08203125
15 0.57109375 0.184375 0.01875 0.05234375
15 0.51015625 0.17109375 0.01484375 0.04296875
9 0.4484375 0.1890625 0.06015625 0.12265625
0 0.44921875 0.1453125 0.0484375 0.15625
0 0.5640625 0.12265625 0.02109375 0.07578125
9 0.56328125 0.14453125 0.0578125 0.06484375
1 0.62265625 0.12734375 0.08671875 0.06953125
0 0.6734375 0.1125 0.015625 0.04765625
1 0.53046875 0.11796875 0.04453125 0.05546875
1 0.4875 0.11875 0.05546875 0.06640625
7 0.4015625 0.0796875 0.11640625 0.13828125
1 0.309375 0.1296875 0.0859375 0.090625
