6 0.91015625 0.596875 0.0765625 0.12265625
1 0.2 0.62421875 0.04375 0.08125
17 0.46484375 0.80546875 0.2109375 0.38515625
0 0.49375 0.25 0.375 0.5
0 0.165625 0.603125 0.05625 0.25234375
0 0.11328125 0.596875 0.0484375 0.22734375
0 0.9828125 0.57578125 0.03125 0.12265625
0 0.23671875 0.59140625 0.0453125 0.18359375
0 0.90703125 0.546875 0.0734375 0.15234375
0 0.94296875 0.53515625 0.0203125 0.06640625
0 0.32109375 0.59375 0.0328125 0.15390625
0 0.04453125 0.58828125 0.0640625 0.25234375
6 0.04375 0.64921875 0.084375 0.09765625
0 0.86953125 0.55703125 0.0328125 0.12265625
0 0.9625 0.5625 0.021875 0.125
