6 0.215625 0.77421875 0.04375 0.03515625
1 0.76015625 0.79375 0.2546875 0.24140625
1 0.890625 0.7 0.065625 0.05390625
1 0.9734375 0.68046875 0.040625 0.05625
0 0.21875 0.76015625 0.040625 0.125
0 0.60546875 0.70390625 0.0171875 0.0375
0 0.084375 0.725 0.009375 0.01640625
0 0.0703125 0.759375 0.028125 0.09375
0 0.3015625 0.74296875 0.0125 0.06015625
0 0.31875 0.73203125 0.009375 0.04375
0 0.628125 0.70546875 0.009375 0.03984375
0 0.01796875 0.76640625 0.0203125 0.0875
0 0.49765625 0.70703125 0.0109375 0.02734375
0 0.68671875 0.69453125 0.0109375 0.03125
1 0.53359375 0.72734375 0.0921875 0.0625
1 0.70703125 0.70078125 0.0453125 0.04375
1 0.94609375 0.67734375 0.0171875 0.02890625
1 0.84296875 0.678125 0.0296875 0.02265625
0 0.09609375 0.76015625 0.0171875 0.0875
0 0.65625 0.70625 0.009375 0.03359375
0 0.73359375 0.728125 0.0515625 0.04375
6 0.18203125 0.78125 0.0203125 0.02890625
0 0.3078125 0.76796875 0.371875 0.16015625
10 0.04296875 0.74453125 0.0234375 0.27265625
