1 0.29765625 0.8125 0.1671875 0.2671875
1 0.37265625 0.35 0.0765625 0.09140625
1 0.43203125 0.24140625 0.0546875 0.065625
1 0.34453125 0.4671875 0.0984375 0.11484375
1 0.18125 0.459375 0.103125 0.1359375
1 0.25 0.37734375 0.078125 0.0984375
1 0.0765625 0.77421875 0.153125 0.19921875
1 0.240625 0.19921875 0.053125 0.05625
1 0.39453125 0.29609375 0.0671875 0.10546875
7 0.640625 0.52109375 0.2125 0.43828125
7 0.52265625 0.284375 0.1296875 0.23671875
7 0.67421875 0.26015625 0.1078125 0.225
12 0.29375 0.559375 0.128125 0.196875
0 0.921875 0.48359375 0.034375 0.12890625
0 0.96171875 0.4171875 0.0359375 0.1453125
1 0.29609375 0.31015625 0.0765625 0.10078125
12 0.03984375 0.37109375 0.0796875 0.22734375
12 0.34609375 0.1296875 0.0640625 0.08203125
12 0.6234375 0.0546875 0.05 0.06796875
12 0.90390625 0.05625 0.0578125 0.103125
0 0.90390625 0.3375 0.0328125 0.1125
0 0.87265625 0.34921875 0.0328125 0.103125
0 0.85234375 0.375 0.0296875 0.121875
0 0.78515625 0.328125 0.0234375 0.13125
0 0.09296875 0.73203125 0.0359375 0.04453125
0 0.26171875 0.7515625 0.0421875 0.05625
0 0.33046875 0.74453125 0.0453125 0.0515625
0 0.2203125 0.1265625 0.0125 0.0421875
0 0.99140625 0.496875 0.0140625 0.1265625
0 0.6875 0.540625 0.04375 0.05625
1 0.34765625 0.23515625 0.0609375 0.07734375
12 0.49921875 0.08984375 0.0796875 0.09609375
12 0.978125 0.12265625 0.040625 0.07734375
0 0.9140625 0.32578125 0.01875 0.121875
1 0.46796875 0.16875 0.0484375 0.0515625
0 0.4328125 0.39375 0.840625 0.73046875
1 0.26328125 0.159375 0.0453125 0.0515625
