7 0.4921875 0.525 0.54375 0.725
0 0.89765625 0.6375 0.0296875 0.10859375
0 0.93828125 0.64609375 0.0359375 0.14140625
0 0.9609375 0.62265625 0.021875 0.08359375
0 0.33828125 0.61640625 0.0828125 0.125
0 0.775 0.60234375 0.009375 0.0375
0 0.146875 0.62109375 0.028125 0.03359375
0 0.86171875 0.61640625 0.0140625 0.05859375
0 0.5859375 0.62890625 0.015625 0.07890625
12 0.1640625 0.65 0.11875 0.1875
12 0.06015625 0.65078125 0.0828125 0.12265625
0 0.91796875 0.63359375 0.0203125 0.1
0 0.67109375 0.61953125 0.0359375 0.06875
0 0.78515625 0.615625 0.0078125 0.05234375
10 0.9171875 0.31484375 0.025 0.51640625
