15 0.31171875 0.81171875 0.13125 0.36875
15 0.03203125 0.50234375 0.06171875 0.19453125
15 0.5125 0.33359375 0.02578125 0.07890625
15 0.134375 0.25625 0.01484375 0.04453125
1 0.26875 0.2796875 0.2421875 0.1984375
0 0.55546875 0.24296875 0.0171875 0.07109375
0 0.4421875 0.23046875 0.01953125 0.0609375
9 0.44375 0.24921875 0.0328125 0.053125
1 0.03203125 0.215625 0.05859375 0.11796875
7 0.05625 0.16640625 0.11171875 0.146875
1 0.13515625 0.21015625 0.05 0.06796875
1 0.346875 0.2234375 0.0546875 0.05703125
7 0.83828125 0.50078125 0.32265625 0.99609375
12 0.32421875 0.1890625 0.24765625 0.14140625
