0 0.2171875 0.79609375 0.24765625 0.4046875
0 0.56328125 0.803125 0.32265625 0.390625
0 0.7734375 0.8125 0.22421875 0.29375
0 0.0265625 0.87265625 0.053125 0.2390625
0 0.47578125 0.70078125 0.01640625 0.0203125
0 0.378125 0.71953125 0.0375 0.0484375
0 0.90859375 0.72109375 0.084375 0.1484375
0 0.97578125 0.70546875 0.04453125 0.0734375
0 0.459375 0.70625 0.02109375 0.01875
0 0.74765625 0.6859375 0.0140625 0.01875
0 0.8609375 0.73515625 0.175 0.1609375
0 0.934375 0.68828125 0.0328125 0.0515625
0 0.3515625 0.7234375 0.02109375 0.046875
