7 0.8125 0.69609375 0.08125 0.07109375
0 0.41015625 0.653125 0.0078125 0.03515625
0 0.4703125 0.659375 0.009375 0.02734375
0 0.5015625 0.65390625 0.015625 0.04140625
0 0.490625 0.64609375 0.009375 0.025
0 0.97890625 0.628125 0.0078125 0.02265625
0 0.95234375 0.63125 0.0078125 0.01640625
0 0.90078125 0.63125 0.0109375 0.02109375
0 0.91796875 0.628125 0.0109375 0.02265625
0 0.39765625 0.653125 0.0109375 0.03515625
0 0.390625 0.65703125 0.00625 0.02734375
0 0.35625 0.65625 0.0125 0.03359375
1 0.76484375 0.84609375 0.0671875 0.04140625
1 0.87421875 0.85859375 0.0546875 0.04609375
1 0.8890625 0.88046875 0.065625 0.05234375
1 0.8390625 0.82265625 0.075 0.0375
1 0.628125 0.84765625 0.075 0.05
1 0.9703125 0.88046875 0.040625 0.05625
1 0.78984375 0.803125 0.0578125 0.03515625
1 0.70625 0.84765625 0.059375 0.05
1 0.97265625 0.74375 0.0515625 0.04140625
1 0.93828125 0.87890625 0.0671875 0.05390625
1 0.83515625 0.80390625 0.0546875 0.02890625
1 0.8921875 0.81171875 0.065625 0.03984375
0 0.565625 0.640625 0.009375 0.02734375
1 0.81875 0.85078125 0.0625 0.03515625
12 0.56640625 0.82890625 0.0796875 0.05859375
0 0.45546875 0.64375 0.0046875 0.0125
0 0.6140625 0.65078125 0.765625 0.06875
1 0.7078125 0.69375 0.578125 0.19609375
