6 0.16328125 0.7109375 0.2671875 0.4609375
0 0.45859375 0.5984375 0.2015625 0.66640625
0 0.046875 0.44375 0.05625 0.06328125
0 0.05859375 0.31796875 0.0953125 0.1078125
0 0.7703125 0.6015625 0.371875 0.66640625
1 0.196875 0.55859375 0.39375 0.37421875
1 0.66171875 0.371875 0.1546875 0.1875
1 0.91015625 0.36953125 0.1578125 0.13984375
1 0.61328125 0.34921875 0.1765625 0.16796875
1 0.428125 0.42109375 0.246875 0.19375
1 0.54921875 0.3109375 0.0671875 0.1078125
1 0.4265625 0.27578125 0.103125 0.06328125
1 0.95390625 0.29921875 0.0859375 0.0796875
1 0.91640625 0.26484375 0.1609375 0.0828125
1 0.96796875 0.4671875 0.0609375 0.2640625
12 0.4 0.23515625 0.096875 0.05078125
0 0.634375 0.20859375 0.025 0.02265625
0 0.06875 0.28046875 0.03125 0.06171875
1 0.16328125 0.30703125 0.1359375 0.121875
1 0.33203125 0.34453125 0.1671875 0.0828125
1 0.13984375 0.2359375 0.0671875 0.0390625
1 0.42734375 0.3 0.8515625 0.378125
