7 0.6046875 0.24375 0.1 0.2296875
7 0.46796875 0.11484375 0.0359375 0.075
7 0.3484375 0.24375 0.103125 0.1828125
12 0.32578125 0.64453125 0.1484375 0.3125
0 0.77578125 0.83359375 0.0609375 0.1828125
0 0.634375 0.5484375 0.0375 0.05859375
0 0.51875 0.8015625 0.075 0.17578125
0 0.584375 0.7359375 0.059375 0.15234375
0 0.63046875 0.6984375 0.0515625 0.14765625
0 0.19296875 0.74296875 0.0578125 0.15703125
0 0.0953125 0.73203125 0.05 0.140625
0 0.0390625 0.73359375 0.053125 0.16171875
0 0.09375 0.38125 0.01875 0.05390625
1 0.5234375 0.61015625 0.103125 0.1875
1 0.38671875 0.44375 0.0859375 0.1078125
1 0.41484375 0.378125 0.0640625 0.0984375
1 0.4296875 0.32421875 0.05625 0.075
1 0.53125 0.47265625 0.084375 0.12890625
1 0.41875 0.165625 0.025 0.03515625
1 0.1453125 0.6125 0.15625 0.20625
7 0.56796875 0.1703125 0.0671875 0.18515625
7 0.60546875 0.1140625 0.0515625 0.06796875
12 0.46015625 0.14765625 0.0265625 0.0375
0 0.4390625 0.70546875 0.06875 0.16171875
1 0.515625 0.36640625 0.05625 0.084375
1 0.4390625 0.2703125 0.046875 0.065625
1 0.52421875 0.24375 0.0421875 0.065625
1 0.625 0.4578125 0.06875 0.121875
0 0.1984375 0.42578125 0.028125 0.06328125
1 0.24140625 0.4765625 0.1046875 0.13125
7 0.50546875 0.16171875 0.0484375 0.09375
12 0.2796875 0.35703125 0.1 0.15
12 0.446875 0.20625 0.040625 0.0796875
12 0.7328125 0.4328125 0.125 0.21328125
0 0.23203125 0.659375 0.0484375 0.1359375
0 0.121875 0.509375 0.0375 0.084375
0 0.50234375 0.56484375 0.9859375 0.7296875
1 0.471875 0.35703125 0.9375 0.52578125
