12 0.97890625 0.453125 0.0359375 0.02109375
12 0.21484375 0.47265625 0.0734375 0.05625
0 0.521875 0.64140625 0.025 0.08203125
0 0.5484375 0.6953125 0.01875 0.09140625
0 0.5625 0.64921875 0.021875 0.0890625
0 0.58984375 0.68671875 0.0265625 0.10390625
0 0.5328125 0.69375 0.015625 0.0890625
0 0.61484375 0.634375 0.0140625 0.04453125
0 0.63359375 0.6515625 0.0171875 0.0796875
0 0.6546875 0.6421875 0.015625 0.09375
0 0.61171875 0.69140625 0.0171875 0.084375
0 0.70703125 0.64453125 0.0171875 0.084375
0 0.58984375 0.63203125 0.0140625 0.03984375
0 0.60625 0.6421875 0.009375 0.046875
0 0.6875 0.64453125 0.01875 0.0890625
12 0.134375 0.47265625 0.025 0.01875
7 0.78515625 0.50390625 0.3984375 0.3765625
0 0.6359375 0.6140625 0.01875 0.0328125
15 0.05625 0.66015625 0.01875 0.04921875
15 0.753125 0.6703125 0.01875 0.0375
15 0.68671875 0.6765625 0.0171875 0.03984375
15 0.7265625 0.66484375 0.01875 0.03984375
