1 0.959375 0.95546875 0.075 0.08515625
1 0.46171875 0.83515625 0.1109375 0.075
1 0.39140625 0.79140625 0.0421875 0.04609375
1 0.36171875 0.75546875 0.0265625 0.02734375
1 0.44609375 0.74921875 0.0234375 0.02734375
1 0.60546875 0.86171875 0.1046875 0.09765625
0 0.25703125 0.76640625 0.0109375 0.0375
1 0.415625 0.75859375 0.025 0.02890625
1 0.309375 0.78359375 0.0375 0.05
1 0.40390625 0.78046875 0.0359375 0.03984375
1 0.40703125 0.74765625 0.0234375 0.02109375
1 0.43671875 0.725 0.0171875 0.025
1 0.39921875 0.69921875 0.0171875 0.01015625
1 0.41953125 0.70859375 0.0140625 0.01640625
1 0.42265625 0.71484375 0.0640625 0.09609375
10 0.70390625 0.61796875 0.0390625 0.76015625
10 0.59453125 0.58515625 0.0296875 0.825
