0 0.53671875 0.48125 0.0140625 0.08671875
0 0.63515625 0.528125 0.0703125 0.29296875
0 0.32890625 0.5515625 0.0515625 0.33984375
0 0.1140625 0.66875 0.1625 0.6203125
0 0.27265625 0.54765625 0.0765625 0.403125
0 0.22265625 0.53515625 0.0453125 0.21328125
0 0.78125 0.48125 0.04375 0.12421875
0 0.73046875 0.48359375 0.0234375 0.11953125
0 0.04609375 0.56171875 0.0921875 0.403125
0 0.59453125 0.55625 0.0828125 0.30703125
0 0.70078125 0.48125 0.0203125 0.09609375
1 0.19765625 0.48828125 0.1015625 0.04921875
0 0.44375 0.62421875 0.221875 0.6953125
6 0.86328125 0.4828125 0.0421875 0.0515625
6 0.1828125 0.53046875 0.053125 0.07265625
6 0.978125 0.48359375 0.040625 0.02578125
0 0.82578125 0.46484375 0.0140625 0.07265625
0 0.509375 0.53046875 0.971875 0.25078125
10 0.5296875 0.50078125 0.021875 0.62734375
