9 0.06015625 0.6546875 0.11171875 0.36875
9 0.2078125 0.52890625 0.13046875 0.146875
9 0.59765625 0.45625 0.04453125 0.07421875
9 0.70546875 0.46328125 0.05390625 0.07109375
14 0.53515625 0.63671875 0.11171875 0.225
10 0.78046875 0.38125 0.0296875 0.43984375
10 0.45859375 0.54453125 0.01796875 0.3984375
6 0.89609375 0.48515625 0.03984375 0.0703125
6 0.9390625 0.48828125 0.0390625 0.071875
0 0.5078125 0.48125 0.028125 0.0953125
0 0.696875 0.41484375 0.02734375 0.06875
9 0.76171875 0.48046875 0.02265625 0.09296875
17 0.4125 0.521875 0.0140625 0.05859375
14 0.31484375 0.48828125 0.05234375 0.08984375
0 0.3390625 0.4328125 0.02109375 0.034375
9 0.35234375 0.47890625 0.03203125 0.0796875
11 0.35078125 0.4328125 0.07890625 0.08984375
