1 0.16953125 0.625 0.0390625 0.04609375
1 0.18671875 0.61015625 0.0171875 0.02109375
7 0.590625 0.61875 0.775 0.52109375
0 0.146875 0.63984375 0.0125 0.07109375
0 0.11171875 0.63203125 0.0171875 0.04765625
0 0.06875 0.65390625 0.025 0.075
0 0.04296875 0.65078125 0.0234375 0.09375
0 0.0203125 0.64453125 0.01875 0.08984375
0 0.12109375 0.62421875 0.0078125 0.05234375
0 0.09765625 0.62734375 0.0171875 0.05859375
0 0.08515625 0.63984375 0.0171875 0.07109375
0 0.0609375 0.63203125 0.01875 0.05234375
0 0.03203125 0.63984375 0.0140625 0.07109375
1 0.19609375 0.60625 0.0140625 0.01640625
1 0.115625 0.59765625 0.01875 0.00859375
0 0.05859375 0.58828125 0.0140625 0.02265625
0 0.95546875 0.62421875 0.0203125 0.08125
0 0.98828125 0.640625 0.0203125 0.10625
0 0.075 0.640625 0.15 0.11015625
15 0.40546875 0.86484375 0.0765625 0.1625
10 0.13671875 0.42578125 0.0421875 0.53515625
17 0.09609375 0.684375 0.0265625 0.05625
