7 0.62734375 0.62421875 0.18984375 0.16640625
1 0.4484375 0.65546875 0.0640625 0.05546875
1 0.40703125 0.64921875 0.02265625 0.01796875
1 0.37890625 0.64765625 0.0390625 0.02421875
1 0.3390625 0.64765625 0.040625 0.03125
1 0.28828125 0.646875 0.02421875 0.02578125
1 0.1703125 0.6578125 0.09453125 0.0734375
1 0.50390625 0.6484375 0.034375 0.02265625
1 0.25703125 0.6484375 0.04765625 0.0421875
1 0.31015625 0.65234375 0.02265625 0.01953125
10 0.03046875 0.43984375 0.04375 0.49375
10 0.1 0.496875 0.0359375 0.359375
10 0.76953125 0.559375 0.0359375 0.23359375
