7 0.75390625 0.5484375 0.4015625 0.54140625
0 0.14375 0.84140625 0.109375 0.3109375
0 0.26328125 0.79453125 0.0484375 0.2609375
0 0.86953125 0.784375 0.2578125 0.425
0 0.5375 0.878125 0.06875 0.20546875
0 0.72890625 0.815625 0.1390625 0.3640625
0 0.5859375 0.87109375 0.228125 0.253125
0 0.015625 0.85703125 0.03125 0.28046875
0 0.090625 0.85390625 0.0625 0.2859375
0 0.5125 0.8234375 0.075 0.203125
0 0.03125 0.75859375 0.040625 0.15
0 0.015625 0.75546875 0.03125 0.171875
0 0.0625 0.78203125 0.028125 0.09140625
0 0.23359375 0.85546875 0.0609375 0.28359375
0 0.4984375 0.80703125 0.996875 0.34140625
