1 0.890625 0.3390625 0.090625 0.06796875
1 0.96796875 0.37421875 0.0578125 0.0640625
1 0.82109375 0.3265625 0.0515625 0.04765625
1 0.778125 0.315625 0.059375 0.0453125
1 0.95 0.36484375 0.084375 0.05390625
1 0.93671875 0.35390625 0.0828125 0.0515625
1 0.83984375 0.33828125 0.0265625 0.06171875
1 0.240625 0.28046875 0.046875 0.0453125
1 0.8296875 0.33125 0.028125 0.04765625
1 0.75859375 0.30859375 0.0515625 0.04296875
1 0.80234375 0.31875 0.0546875 0.04296875
0 0.634375 0.5484375 0.03125 0.0375
10 0.7953125 0.4578125 0.01875 0.20234375
