8 0.38203125 0.42890625 0.1203125 0.2
6 0.2015625 0.61171875 0.025 0.20625
6 0.41484375 0.68515625 0.0890625 0.325
1 0.54375 0.584375 0.115625 0.28125
1 0.153125 0.64765625 0.240625 0.15390625
1 0.3078125 0.65 0.109375 0.15390625
1 0.0578125 0.63046875 0.115625 0.09765625
0 0.409375 0.46953125 0.1875 0.62265625
0 0.203125 0.49765625 0.1125 0.35
12 0.78125 0.41796875 0.434375 0.59765625
1 0.59140625 0.625 0.0703125 0.19140625
12 0.5265625 0.39453125 0.15 0.34765625
7 0.24296875 0.44296875 0.1984375 0.42734375
12 0.540625 0.57734375 0.1375 0.27890625
