0 0.51484375 0.3265625 0.3203125 0.6390625
1 0.665625 0.25625 0.13125 0.13359375
1 0.86171875 0.27421875 0.2015625 0.140625
1 0.51875 0.29296875 0.240625 0.24375
1 0.2734375 0.24140625 0.121875 0.140625
1 0.36171875 0.2375 0.0890625 0.09140625
12 0.0265625 0.215625 0.028125 0.046875
1 0.59296875 0.2328125 0.0828125 0.11484375
1 0.20703125 0.2234375 0.0265625 0.06328125
1 0.08671875 0.2203125 0.0234375 0.0328125
1 0.09375 0.2046875 0.01875 0.01171875
12 0.1484375 0.1828125 0.084375 0.1546875
1 0.92578125 0.22109375 0.0765625 0.03984375
10 0.2546875 0.21796875 0.04375 0.4359375
10 0.13515625 0.121875 0.0203125 0.24375
