1 0.978125 0.46328125 0.040625 0.0734375
1 0.915625 0.459375 0.028125 0.03828125
1 0.96328125 0.45234375 0.0640625 0.06171875
0 0.47109375 0.55703125 0.0828125 0.409375
0 0.7375 0.61328125 0.053125 0.38828125
0 0.56875 0.5953125 0.078125 0.4
0 0.63203125 0.58828125 0.1015625 0.35234375
0 0.65390625 0.5640625 0.0640625 0.4
0 0.7953125 0.5296875 0.046875 0.259375
0 0.8390625 0.57265625 0.071875 0.440625
0 0.22265625 0.634375 0.1140625 0.3640625
0 0.54765625 0.41640625 0.0421875 0.12890625
0 0.31640625 0.565625 0.0984375 0.459375
0 0.70078125 0.4703125 0.0203125 0.10234375
0 0.71484375 0.4640625 0.0171875 0.0859375
1 0.90546875 0.44140625 0.0171875 0.01640625
10 0.41640625 0.4890625 0.0546875 0.73125
14 0.9140625 0.64296875 0.078125 0.2140625
10 0.88203125 0.24140625 0.0484375 0.4828125
