1 0.80390625 0.81953125 0.1546875 0.15625
1 0.75703125 0.79140625 0.0921875 0.11640625
0 0.3734375 0.84921875 0.128125 0.27265625
0 0.8109375 0.86875 0.125 0.25859375
0 0.7390625 0.7125 0.009375 0.0375
0 0.72421875 0.70546875 0.0109375 0.03515625
0 0.7734375 0.71015625 0.009375 0.03359375
0 0.76484375 0.71484375 0.0109375 0.0375
0 0.81484375 0.71328125 0.0078125 0.03984375
0 0.6546875 0.75234375 0.028125 0.1125
0 0.803125 0.715625 0.0125 0.03515625
0 0.79375 0.69609375 0.00625 0.025
0 0.60625 0.853125 0.128125 0.28515625
1 0.76484375 0.67890625 0.0140625 0.01640625
0 0.753125 0.71171875 0.009375 0.04375
10 0.49140625 0.78671875 0.0484375 0.42265625
