0 0.60078125 0.49921875 0.56015625 0.99765625
0 0.27109375 0.41171875 0.246875 0.74765625
0 0.9125 0.52421875 0.1703125 0.628125
0 0.79140625 0.27265625 0.12578125 0.2296875
0 0.71171875 0.221875 0.0515625 0.0921875
17 0.428125 0.80703125 0.2828125 0.378125
0 0.90390625 0.2546875 0.04453125 0.065625
0 0.9640625 0.203125 0.05859375 0.05
0 0.89765625 0.2109375 0.06015625 0.09765625
0 0.66796875 0.22578125 0.08515625 0.1203125
0 0.85234375 0.18984375 0.01796875 0.03203125
0 0.36875 0.22421875 0.0875 0.12421875
0 0.84609375 0.2171875 0.05625 0.09765625
0 0.73203125 0.2421875 0.02890625 0.09609375
10 0.15390625 0.27109375 0.0515625 0.53828125
