10 0.228125 0.31328125 0.05859375 0.61015625
10 0.70546875 0.48359375 0.03359375 0.821875
14 0.47109375 0.58828125 0.171875 0.3796875
9 0.95 0.39453125 0.09609375 0.18671875
9 0.0984375 0.290625 0.0453125 0.053125
1 0.01953125 0.26640625 0.03828125 0.0390625
9 0.79921875 0.378125 0.09296875 0.16953125
0 0.8859375 0.35078125 0.02578125 0.165625
9 0.67109375 0.3640625 0.05390625 0.14921875
9 0.6390625 0.3609375 0.06015625 0.14375
9 0.6046875 0.35703125 0.04296875 0.1453125
9 0.54375 0.34609375 0.07890625 0.13359375
9 0.0140625 0.36171875 0.02734375 0.0890625
14 0.84453125 0.71875 0.2046875 0.5453125
14 0.6625 0.646875 0.19296875 0.4234375
11 0.428125 0.31796875 0.10703125 0.15
1 0.309375 0.3265625 0.08359375 0.121875
14 0.0609375 0.29140625 0.02421875 0.04140625
