6 0.66953125 0.83671875 0.0578125 0.17734375
6 0.7953125 0.81328125 0.040625 0.11875
7 0.1359375 0.63828125 0.2625 0.46484375
0 0.67734375 0.76328125 0.0640625 0.26484375
0 0.89296875 0.74375 0.0453125 0.20859375
7 0.4234375 0.64609375 0.33125 0.34609375
0 0.83984375 0.72578125 0.0234375 0.08515625
0 0.86328125 0.71796875 0.0296875 0.08984375
7 0.61953125 0.653125 0.0984375 0.26484375
0 0.79140625 0.75625 0.0484375 0.17109375
7 0.8015625 0.65625 0.09375 0.16640625
0 0.76484375 0.75078125 0.0234375 0.06484375
7 0.69609375 0.659375 0.0546875 0.10625
