1 0.753125 0.74296875 0.4671875 0.1296875
1 0.96328125 0.7171875 0.06796875 0.065625
0 0.96328125 0.80546875 0.06796875 0.0890625
0 0.8390625 0.8953125 0.0703125 0.20625
0 0.2625 0.734375 0.07578125 0.109375
0 0.009375 0.77578125 0.01796875 0.1109375
0 0.48828125 0.9109375 0.109375 0.171875
0 0.9453125 0.90546875 0.1046875 0.1859375
0 0.928125 0.815625 0.0546875 0.053125
0 0.8734375 0.88984375 0.09140625 0.2171875
0 0.66875 0.8859375 0.11484375 0.225
10 0.47265625 0.52421875 0.1515625 0.9484375
