6 0.95 0.6546875 0.0359375 0.0828125
1 0.603125 0.625 0.05 0.034375
1 0.64609375 0.61328125 0.03203125 0.03203125
1 0.6953125 0.60703125 0.01796875 0.01875
1 0.0453125 0.69453125 0.07421875 0.109375
0 0.8859375 0.65078125 0.01171875 0.02109375
0 0.8578125 0.61171875 0.0203125 0.06171875
12 0.04609375 0.690625 0.0640625 0.11171875
0 0.91796875 0.646875 0.028125 0.071875
1 0.675 0.60703125 0.02578125 0.02421875
1 0.7171875 0.60546875 0.021875 0.02109375
1 0.74921875 0.60234375 0.02578125 0.0265625
0 0.8828125 0.615625 0.034375 0.090625
10 0.80390625 0.35859375 0.1 0.70703125
10 0.35390625 0.3296875 0.028125 0.253125
