12 0.703125 0.66640625 0.15 0.26640625
12 0.36484375 0.45625 0.1265625 0.14609375
0 0.51015625 0.30546875 0.0140625 0.07265625
0 0.64453125 0.465625 0.0390625 0.04765625
1 0.34140625 0.67265625 0.1140625 0.1125
1 0.7328125 0.90625 0.146875 0.15390625
1 0.3484375 0.60859375 0.1125 0.07109375
1 0.14921875 0.68984375 0.1140625 0.12109375
1 0.21015625 0.58046875 0.0921875 0.11875
12 0.52578125 0.57421875 0.1484375 0.26484375
1 0.52578125 0.76875 0.1203125 0.12890625
1 0.21484375 0.509375 0.0921875 0.09765625
1 0.28125 0.409375 0.065625 0.09375
1 0.43046875 0.278125 0.0578125 0.06875
1 0.6703125 0.50859375 0.090625 0.0625
1 0.509375 0.41484375 0.065625 0.0875
1 0.6078125 0.67734375 0.05 0.10859375
1 0.3171875 0.33046875 0.05625 0.06015625
9 0.64296875 0.459375 0.0484375 0.02734375
1 0.4375 0.3375 0.6 0.55390625
1 0.6046875 0.26875 0.05 0.05
1 0.446875 0.196875 0.04375 0.04375
