0 0.146875 0.79296875 0.11875 0.41015625
0 0.12421875 0.6078125 0.0546875 0.13359375
0 0.31171875 0.72265625 0.0640625 0.33984375
0 0.284375 0.715625 0.0375 0.30703125
0 0.48046875 0.80078125 0.0796875 0.3890625
0 0.58984375 0.7859375 0.1015625 0.42421875
0 0.53203125 0.80546875 0.0640625 0.35625
0 0.41015625 0.74375 0.0515625 0.27890625
0 0.36015625 0.73984375 0.0546875 0.3046875
0 0.83515625 0.8125 0.1546875 0.3703125
0 0.22578125 0.74609375 0.0796875 0.36796875
0 0.0484375 0.75390625 0.09375 0.3609375
0 0.96953125 0.715625 0.0484375 0.22734375
0 0.64140625 0.709375 0.6265625 0.4359375
