0 0.209375 0.4265625 0.065625 0.3046875
0 0.3046875 0.36640625 0.01875 0.10546875
0 0.2828125 0.3375 0.01875 0.0515625
0 0.27109375 0.303125 0.0140625 0.02109375
0 0.24921875 0.35859375 0.0265625 0.1078125
0 0.2375 0.33828125 0.015625 0.06328125
0 0.234375 0.303125 0.009375 0.01640625
6 0.2703125 0.3828125 0.021875 0.05859375
1 0.6703125 0.44609375 0.225 0.16171875
1 0.9640625 0.47890625 0.06875 0.11953125
1 0.0890625 0.35 0.0875 0.08203125
1 0.165625 0.35625 0.075 0.1125
1 0.35390625 0.38203125 0.0703125 0.084375
1 0.32734375 0.36796875 0.0296875 0.065625
12 0.0421875 0.3125 0.065625 0.08671875
12 0.12578125 0.30703125 0.0890625 0.065625
12 0.05234375 0.32421875 0.0546875 0.06328125
12 0.37265625 0.32578125 0.0640625 0.0328125
12 0.5359375 0.32421875 0.065625 0.03984375
0 0.56640625 0.51875 0.0796875 0.41953125
0 0.63515625 0.4078125 0.0296875 0.0234375
1 0.3734375 0.32421875 0.06875 0.03515625
1 0.42578125 0.378125 0.1140625 0.10546875
1 0.05078125 0.32421875 0.0484375 0.06796875
1 0.23125 0.359375 0.015625 0.06328125
1 0.47734375 0.32890625 0.0203125 0.03515625
1 0.28984375 0.38203125 0.0203125 0.0609375
7 0.04296875 0.31015625 0.0640625 0.08671875
9 0.5171875 0.57578125 0.171875 0.4359375
10 0.834375 0.2703125 0.03125 0.44765625
