6 0.7921875 0.803125 0.18125 0.1375
1 0.03515625 0.75234375 0.0609375 0.07421875
1 0.14140625 0.7703125 0.1359375 0.16015625
1 0.06796875 0.77109375 0.0578125 0.11171875
0 0.5078125 0.75234375 0.053125 0.26796875
0 0.3859375 0.75625 0.078125 0.22578125
0 0.71796875 0.76796875 0.0609375 0.228125
0 0.6765625 0.80390625 0.046875 0.15625
0 0.63515625 0.7734375 0.0671875 0.2296875
0 0.825 0.76875 0.046875 0.24296875
0 0.79140625 0.70390625 0.0328125 0.12890625
0 0.80234375 0.75859375 0.0453125 0.2296875
0 0.740625 0.6859375 0.025 0.071875
1 0.009375 0.74375 0.01875 0.0484375
0 0.53984375 0.78046875 0.0859375 0.27421875
0 0.690625 0.734375 0.028125 0.08046875
0 0.39921875 0.746875 0.0859375 0.18125
10 0.15859375 0.34921875 0.0578125 0.66875
10 0.75859375 0.6515625 0.0234375 0.17734375
