9 0.0859375 0.46171875 0.05625 0.06171875
9 0.0484375 0.4703125 0.028125 0.059375
12 0.6546875 0.4578125 0.55 0.33671875
0 0.1640625 0.60234375 0.13125 0.403125
0 0.3046875 0.5484375 0.06875 0.11640625
0 0.396875 0.5484375 0.078125 0.14140625
0 0.6171875 0.6296875 0.1 0.43828125
0 0.71796875 0.60234375 0.0921875 0.165625
0 0.86171875 0.60625 0.1078125 0.2125
0 0.9703125 0.5359375 0.05625 0.35390625
0 0.48046875 0.55078125 0.0859375 0.17109375
0 0.56953125 0.5828125 0.0453125 0.1265625
0 0.35703125 0.49375 0.0515625 0.1859375
0 0.3375 0.49765625 0.05 0.0640625
9 0.275 0.46640625 0.034375 0.096875
9 0.31484375 0.45546875 0.0328125 0.06953125
12 0.30703125 0.42734375 0.0578125 0.096875
0 0.25 0.58046875 0.0625 0.3140625
1 0.93671875 0.43828125 0.0578125 0.10859375
1 0.38125 0.43671875 0.071875 0.12109375
