12 0.5484375 0.34609375 0.325 0.50390625
0 0.84609375 0.40703125 0.0453125 0.11015625
0 0.815625 0.40859375 0.028125 0.1125
0 0.20625 0.375 0.034375 0.1
0 0.41640625 0.35625 0.0984375 0.09140625
0 0.29921875 0.29765625 0.0109375 0.02890625
0 0.31171875 0.29921875 0.0109375 0.01875
1 0.08125 0.47265625 0.1625 0.19140625
1 0.16640625 0.45 0.1390625 0.16640625
1 0.7421875 0.3875 0.090625 0.1125
1 0.85625 0.33046875 0.06875 0.04765625
1 0.28984375 0.36875 0.0421875 0.0625
12 0.4546875 0.50234375 0.353125 0.45390625
0 0.35625 0.3 0.009375 0.025
0 0.6109375 0.25390625 0.059375 0.0625
1 0.765625 0.33125 0.10625 0.05859375
1 0.24375 0.35234375 0.06875 0.03359375
1 0.95390625 0.334375 0.0453125 0.02265625
1 0.70703125 0.33125 0.0296875 0.05
1 0.34375 0.35234375 0.034375 0.05390625
0 0.23828125 0.40234375 0.0359375 0.125
