1 0.86484375 0.82734375 0.2640625 0.340625
1 0.8171875 0.76171875 0.2875 0.27265625
1 0.40546875 0.69921875 0.0765625 0.10703125
1 0.6578125 0.74296875 0.215625 0.26796875
1 0.56875 0.72265625 0.153125 0.22734375
1 0.53515625 0.7046875 0.1703125 0.21328125
1 0.38671875 0.63203125 0.0515625 0.03203125
1 0.31328125 0.690625 0.1328125 0.16796875
0 0.3203125 0.6953125 0.06875 0.1953125
0 0.1796875 0.7125 0.01875 0.084375
0 0.1109375 0.7078125 0.034375 0.1296875
0 0.221875 0.709375 0.0625 0.17265625
0 0.01640625 0.71171875 0.0328125 0.18203125
0 0.12734375 0.70546875 0.0234375 0.1296875
0 0.36171875 0.553125 0.0140625 0.065625
0 0.33828125 0.553125 0.0140625 0.06171875
0 0.309375 0.58203125 0.025 0.059375
0 0.56640625 0.55078125 0.0140625 0.04765625
0 0.4875 0.57421875 0.021875 0.06171875
0 0.27421875 0.59765625 0.0171875 0.02734375
1 0.4265625 0.5578125 0.075 0.06171875
1 0.5203125 0.553125 0.065625 0.065625
17 0.1515625 0.74453125 0.015625 0.05234375
0 0.68203125 0.59453125 0.0140625 0.03828125
1 0.4484375 0.6921875 0.025 0.04765625
0 0.30625 0.578125 0.409375 0.15234375
10 0.91171875 0.36953125 0.0421875 0.49765625
