6 0.12421875 0.4390625 0.0296875 0.046875
6 0.12578125 0.4578125 0.0203125 0.0421875
1 0.6265625 0.3890625 0.040625 0.04453125
0 0.46484375 0.453125 0.0546875 0.17265625
1 0.371875 0.3578125 0.04375 0.0421875
1 0.29921875 0.4265625 0.0546875 0.03046875
6 0.1203125 0.45078125 0.015625 0.028125
1 0.703125 0.40625 0.053125 0.0515625
1 0.721875 0.3578125 0.028125 0.0328125
1 0.65390625 0.3046875 0.0640625 0.03046875
1 0.23828125 0.36484375 0.0859375 0.0375
10 0.09140625 0.30859375 0.0328125 0.3921875
10 0.175 0.30625 0.025 0.36484375
10 0.25078125 0.33671875 0.0203125 0.28984375
