6 0.23828125 0.84921875 0.1515625 0.240625
0 0.221875 0.72890625 0.128125 0.43359375
0 0.9859375 0.56875 0.025 0.17421875
0 0.12734375 0.60625 0.0359375 0.15078125
0 0.9234375 0.578125 0.0375 0.12265625
1 0.4265625 0.546875 0.01875 0.0234375
0 0.83828125 0.57421875 0.0421875 0.134375
0 0.05390625 0.60234375 0.0359375 0.125
0 0.609375 0.553125 0.0125 0.04921875
0 0.5828125 0.55546875 0.0125 0.05859375
0 0.325 0.5578125 0.0125 0.04921875
0 0.17421875 0.5515625 0.0171875 0.0328125
0 0.30078125 0.5609375 0.0109375 0.046875
0 0.59765625 0.5515625 0.0140625 0.05625
0 0.615625 0.5640625 0.003125 0.0328125
0 0.5109375 0.7015625 0.9625 0.45078125
10 0.484375 0.44921875 0.021875 0.346875
10 0.77578125 0.5671875 0.0171875 0.18125
