0 0.5171875 0.52109375 0.29375 0.915625
0 0.80546875 0.6203125 0.1703125 0.62734375
0 0.9265625 0.584375 0.14375 0.5640625
0 0.36171875 0.46953125 0.0328125 0.17109375
0 0.31796875 0.4578125 0.0421875 0.18984375
0 0.10078125 0.45546875 0.0421875 0.16640625
0 0.1734375 0.4671875 0.03125 0.16171875
0 0.146875 0.46015625 0.028125 0.16171875
0 0.04765625 0.47109375 0.0453125 0.16875
0 0.2078125 0.46875 0.0375 0.1546875
0 0.22578125 0.434375 0.0359375 0.11953125
1 0.671875 0.40390625 0.0375 0.03515625
1 0.2890625 0.43359375 0.059375 0.103125
12 0.73046875 0.440625 0.1484375 0.0890625
12 0.9390625 0.42421875 0.11875 0.1171875
12 0.3609375 0.378125 0.08125 0.07265625
0 0.3 0.440625 0.03125 0.1453125
12 0.43671875 0.328125 0.1140625 0.0515625
0 0.18671875 0.44140625 0.3734375 0.18984375
10 0.7484375 0.309375 0.05 0.61328125
