6 0.43828125 0.86640625 0.0484375 0.1375
1 0.534375 0.81796875 0.134375 0.09375
7 0.46328125 0.721875 0.5578125 0.24765625
0 0.609375 0.803125 0.021875 0.08515625
0 0.7359375 0.80078125 0.03125 0.08515625
0 0.70859375 0.79765625 0.0203125 0.08359375
0 0.6640625 0.76171875 0.01875 0.02734375
0 0.64765625 0.76484375 0.0140625 0.025
1 0.75234375 0.80546875 0.0234375 0.05234375
0 0.4640625 0.75390625 0.0125 0.02890625
0 0.12734375 0.753125 0.0203125 0.04765625
1 0.07734375 0.759375 0.0515625 0.03984375
0 0.30546875 0.74375 0.0203125 0.03359375
10 0.70546875 0.58203125 0.0203125 0.23984375
10 0.2765625 0.771875 0.015625 0.15625
10 0.4546875 0.73125 0.015625 0.15
10 0.31640625 0.78671875 0.0109375 0.13515625
10 0.83203125 0.775 0.0140625 0.15859375
13 0.875 0.81796875 0.015625 0.06484375
