1 0.971875 0.58046875 0.053125 0.19375
12 0.59140625 0.48828125 0.6515625 0.49375
0 0.2265625 0.54765625 0.040625 0.19609375
0 0.1359375 0.46875 0.015625 0.0625
0 0.10859375 0.465625 0.0328125 0.06484375
0 0.9328125 0.50078125 0.01875 0.08515625
0 0.99140625 0.46640625 0.0140625 0.01640625
12 0.0375 0.44375 0.075 0.05859375
0 0.9515625 0.503125 0.021875 0.08515625
0 0.97421875 0.46796875 0.0140625 0.01875
0 0.93125 0.46015625 0.021875 0.03359375
0 0.1609375 0.45546875 0.0125 0.05625
10 0.51015625 0.11640625 0.0296875 0.2328125
