0 0.41171875 0.96484375 0.0265625 0.065625
0 0.5921875 0.9625 0.01875 0.0703125
0 0.81015625 0.975 0.0140625 0.04453125
0 0.71640625 0.97890625 0.0140625 0.0328125
0 0.93046875 0.91328125 0.0078125 0.0234375
0 0.76640625 0.9796875 0.0109375 0.03515625
12 0.975 0.9515625 0.046875 0.08203125
1 0.97734375 0.9421875 0.0265625 0.02109375
7 0.8578125 0.94921875 0.05625 0.08671875
12 0.840625 0.96953125 0.05 0.05625
0 0.36328125 0.9796875 0.0453125 0.03515625
10 0.57578125 0.82421875 0.0328125 0.34765625
10 0.646875 0.9015625 0.034375 0.1921875
