10 0.178125 0.57109375 0.04921875 0.48671875
0 0.834375 0.48203125 0.10234375 0.2015625
0 0.6046875 0.38203125 0.0796875 0.15703125
0 0.20390625 0.26171875 0.0328125 0.10234375
0 0.27421875 0.15703125 0.01875 0.02578125
0 0.16015625 0.159375 0.02265625 0.04140625
1 0.51796875 0.15546875 0.05625 0.0359375
0 0.05625 0.2578125 0.0328125 0.09375
0 0.03671875 0.2359375 0.03203125 0.09609375
11 0.396875 0.17421875 0.07890625 0.03984375
11 0.2984375 0.178125 0.1015625 0.03671875
11 0.46875 0.16875 0.0796875 0.04140625
0 0.1859375 0.16484375 0.021875 0.02109375
9 0.1203125 0.2015625 0.0515625 0.01953125
11 0.61484375 0.1515625 0.04296875 0.034375
11 0.6734375 0.16171875 0.053125 0.0296875
9 0.62578125 0.1703125 0.04765625 0.015625
