1 0.41015625 0.31328125 0.0578125 0.01953125
12 0.9390625 0.3046875 0.115625 0.04609375
0 0.31953125 0.5390625 0.1796875 0.71875
0 0.55625 0.615625 0.128125 0.73046875
0 0.68359375 0.58125 0.1015625 0.70625
0 0.62109375 0.26796875 0.0484375 0.13828125
0 0.771875 0.33828125 0.04375 0.1671875
0 0.80703125 0.3578125 0.0453125 0.11875
0 0.2296875 0.31328125 0.021875 0.07734375
0 0.18671875 0.32890625 0.0203125 0.08046875
0 0.75703125 0.33984375 0.0515625 0.1359375
0 0.84140625 0.35703125 0.0234375 0.10703125
0 0.9546875 0.3546875 0.025 0.0875
0 0.64765625 0.29453125 0.0546875 0.1234375
1 0.2453125 0.30546875 0.025 0.01953125
0 0.3984375 0.34921875 0.021875 0.07265625
0 0.63984375 0.45625 0.3953125 0.38828125
10 0.8140625 0.15390625 0.028125 0.3078125
10 0.85625 0.1453125 0.01875 0.290625
