10 0.2421875 0.31953125 0.059375 0.6390625
10 0.871875 0.4921875 0.05078125 0.984375
14 0.5421875 0.63515625 0.19921875 0.44453125
9 0.08203125 0.30078125 0.04375 0.0484375
9 0.55234375 0.3609375 0.08125 0.11171875
9 0.7046875 0.36640625 0.08828125 0.15859375
9 0.82109375 0.375 0.078125 0.16640625
9 0.765625 0.3734375 0.06484375 0.15703125
9 0.97109375 0.4015625 0.05703125 0.21875
14 0.79140625 0.7015625 0.24296875 0.50390625
14 0.9625 0.7328125 0.07421875 0.5234375
11 0.42890625 0.32109375 0.11171875 0.15546875
1 0.30859375 0.33359375 0.084375 0.12890625
9 0.49765625 0.3484375 0.04609375 0.11875
9 0.61875 0.3578125 0.0515625 0.14375
9 0.6484375 0.37109375 0.04609375 0.128125
14 0.04296875 0.3 0.02421875 0.04453125
1 0.01015625 0.27109375 0.0203125 0.0328125
