1 0.13359375 0.41953125 0.0421875 0.028125
1 0.040625 0.4296875 0.021875 0.03515625
1 0.17265625 0.42265625 0.0265625 0.03046875
1 0.01171875 0.4171875 0.0234375 0.0328125
9 0.13359375 0.4546875 0.0109375 0.028125
7 0.07890625 0.403125 0.0671875 0.0515625
0 0.43984375 0.68984375 0.2453125 0.6015625
0 0.26015625 0.56328125 0.0640625 0.27421875
0 0.1984375 0.5265625 0.05625 0.2390625
0 0.365625 0.52578125 0.071875 0.18046875
0 0.28203125 0.46875 0.0265625 0.0796875
0 0.13359375 0.43671875 0.0140625 0.02578125
12 0.078125 0.4765625 0.078125 0.10546875
0 0.22578125 0.49765625 0.0234375 0.11015625
1 0.02734375 0.41328125 0.0046875 0.02109375
14 0.071875 0.690625 0.096875 0.196875
