0 0.1734375 0.8203125 0.1515625 0.34453125
0 0.11171875 0.81953125 0.06796875 0.33515625
1 0.5234375 0.784375 0.49765625 0.4296875
1 0.24375 0.703125 0.1484375 0.21484375
1 0.1453125 0.63828125 0.10078125 0.1
7 0.059375 0.5796875 0.10859375 0.18671875
10 0.4484375 0.45859375 0.02109375 0.23984375
0 0.7 0.65703125 0.06171875 0.1546875
1 0.9125 0.63359375 0.16015625 0.13046875
1 0.82421875 0.628125 0.13984375 0.1265625
1 0.78828125 0.6109375 0.140625 0.134375
1 0.68125 0.60390625 0.11875 0.0953125
0 0.615625 0.63125 0.021875 0.06328125
