8 0.9703125 0.85078125 0.053125 0.10234375
0 0.88984375 0.76328125 0.0828125 0.28515625
0 0.5203125 0.75625 0.090625 0.2875
0 0.41640625 0.75546875 0.0984375 0.21015625
0 0.8390625 0.76015625 0.040625 0.15
0 0.01875 0.80625 0.01875 0.075
0 0.64140625 0.80703125 0.0234375 0.03515625
0 0.0078125 0.79375 0.015625 0.1
0 0.15625 0.7875 0.01875 0.09609375
0 0.6671875 0.79375 0.01875 0.08359375
0 0.703125 0.80859375 0.01875 0.05859375
0 0.75234375 0.80859375 0.0171875 0.05390625
0 0.17109375 0.78671875 0.0234375 0.10234375
