17 0.43046875 0.71796875 0.21875 0.2703125
0 0.353125 0.625 0.43984375 0.359375
0 0.90234375 0.50546875 0.19140625 0.2265625
0 0.065625 0.79140625 0.12734375 0.3734375
0 0.04453125 0.28203125 0.0890625 0.2984375
0 0.57109375 0.278125 0.0625 0.134375
0 0.4875 0.2640625 0.06640625 0.10625
0 0.309375 0.265625 0.06484375 0.134375
0 0.26875 0.26484375 0.04140625 0.1234375
0 0.43828125 0.2578125 0.06015625 0.103125
0 0.88828125 0.778125 0.21875 0.440625
0 0.90703125 0.51640625 0.16015625 0.1296875
0 0.87265625 0.31796875 0.10390625 0.2265625
7 0.89921875 0.21484375 0.13984375 0.0578125
0 0.959375 0.28125 0.05234375 0.1
0 0.52109375 0.2703125 0.87890625 0.1375
