6 0.67265625 0.65 0.31796875 0.19375
1 0.209375 0.52109375 0.26328125 0.1109375
1 0.52578125 0.50546875 0.11171875 0.0703125
0 0.36796875 0.43515625 0.11328125 0.18515625
0 0.80078125 0.50390625 0.05234375 0.14921875
0 0.90234375 0.5 0.05 0.13203125
1 0.08203125 0.51484375 0.12734375 0.07265625
1 0.025 0.503125 0.05 0.06171875
1 0.459375 0.49609375 0.0546875 0.09765625
12 0.834375 0.50234375 0.3046875 0.1234375
0 0.64296875 0.55 0.25 0.30390625
1 0.471875 0.47109375 0.0203125 0.02734375
1 0.13671875 0.48828125 0.0453125 0.02734375
12 0.63203125 0.42734375 0.2 0.08515625
