1 0.128125 0.34375 0.115625 0.17109375
0 0.30078125 0.34921875 0.0609375 0.28984375
0 0.20546875 0.37265625 0.0703125 0.27109375
0 0.0484375 0.34296875 0.090625 0.45234375
12 0.76328125 0.37109375 0.4703125 0.74140625
0 0.24765625 0.34140625 0.0484375 0.19140625
12 0.48671875 0.31875 0.0953125 0.14609375
0 0.65625 0.571875 0.0625 0.15625
0 0.325 0.240625 0.015625 0.06484375
0 0.60703125 0.54453125 0.0421875 0.12265625
10 0.121875 0.25390625 0.034375 0.40390625
17 0.27890625 0.58046875 0.1828125 0.32265625
