12 0.56953125 0.74609375 0.3234375 0.1921875
0 0.4078125 0.6375 0.0125 0.02109375
0 0.371875 0.6171875 0.021875 0.09375
0 0.7265625 0.94453125 0.040625 0.10078125
0 0.74765625 0.9421875 0.0578125 0.11015625
0 0.665625 0.946875 0.040625 0.10078125
0 0.56015625 0.94921875 0.0546875 0.09140625
0 0.45234375 0.96015625 0.0578125 0.0703125
0 0.3859375 0.95625 0.046875 0.08203125
0 0.509375 0.9484375 0.071875 0.0984375
0 0.88828125 0.92734375 0.0578125 0.09375
0 0.17265625 0.659375 0.0171875 0.046875
0 0.9375 0.915625 0.04375 0.103125
0 0.84921875 0.934375 0.0484375 0.1265625
0 0.4984375 0.77109375 0.996875 0.4484375
10 0.88359375 0.40703125 0.0390625 0.8140625
10 0.63984375 0.36875 0.0265625 0.40859375
10 0.2515625 0.4109375 0.0375 0.46953125
