0 0.10390625 0.746875 0.0359375 0.13359375
0 0.2296875 0.746875 0.04375 0.16015625
0 0.44375 0.70859375 0.0125 0.015625
8 0.4796875 0.7109375 0.01875 0.02109375
0 0.4671875 0.76796875 0.04375 0.07109375
0 0.559375 0.73203125 0.028125 0.13125
0 0.7875 0.68671875 0.0125 0.065625
0 0.68984375 0.69296875 0.0140625 0.07890625
0 0.75 0.8359375 0.128125 0.1234375
0 0.6015625 0.72734375 0.028125 0.13671875
0 0.72578125 0.690625 0.0171875 0.09453125
0 0.67890625 0.6796875 0.0109375 0.05234375
0 0.9828125 0.70234375 0.03125 0.1390625
0 0.271875 0.6953125 0.0125 0.0421875
8 0.5046875 0.7046875 0.01875 0.02890625
