0 0.97734375 0.6765625 0.0328125 0.10859375
0 0.5078125 0.65703125 0.0125 0.053125
0 0.53125 0.640625 0.009375 0.03046875
1 0.46796875 0.67890625 0.0734375 0.0859375
1 0.96640625 0.796875 0.0578125 0.2109375
1 0.24609375 0.653125 0.0484375 0.071875
1 0.078125 0.80546875 0.15625 0.38359375
1 0.13203125 0.684375 0.0921875 0.11953125
12 0.65625 0.684375 0.084375 0.125
0 0.52890625 0.6734375 0.0109375 0.0359375
1 0.59453125 0.7 0.1109375 0.121875
1 0.7953125 0.70390625 0.1375 0.15859375
1 0.3203125 0.65859375 0.04375 0.05546875
1 0.2921875 0.64453125 0.03125 0.0609375
1 0.1453125 0.809375 0.078125 0.2359375
1 0.721875 0.684375 0.05625 0.10859375
1 0.35078125 0.6234375 0.0171875 0.025
1 0.425 0.6625 0.053125 0.08046875
1 0.39921875 0.66796875 0.5921875 0.175
