6 0.6625 0.371875 0.046875 0.07734375
6 0.89375 0.321875 0.10625 0.15625
6 0.40390625 0.37578125 0.0453125 0.07265625
6 0.48984375 0.35 0.1140625 0.10859375
6 0.7109375 0.36796875 0.05625 0.06875
0 0.23203125 0.56640625 0.1453125 0.5
12 0.45078125 0.45234375 0.8390625 0.525
0 0.25078125 0.34375 0.0640625 0.09609375
6 0.6140625 0.37109375 0.53125 0.07890625
6 0.54140625 0.36640625 0.0421875 0.07890625
6 0.74140625 0.3375 0.0390625 0.12890625
6 0.63828125 0.375 0.0265625 0.05859375
6 0.67109375 0.35703125 0.0421875 0.09375
6 0.58359375 0.34375 0.0734375 0.125
6 0.240625 0.534375 0.134375 0.44765625
