0 0.81328125 0.78125 0.0265625 0.10546875
0 0.24453125 0.61328125 0.0171875 0.0703125
0 0.0546875 0.6546875 0.0125 0.07265625
0 0.071875 0.6484375 0.0125 0.065625
0 0.10859375 0.64765625 0.0265625 0.06328125
0 0.16015625 0.578125 0.0109375 0.065625
0 0.0890625 0.64375 0.009375 0.0609375
0 0.05234375 0.61953125 0.0140625 0.04453125
1 0.61875 0.73984375 0.1625 0.0890625
1 0.05390625 0.94375 0.1078125 0.1078125
1 0.52578125 0.671875 0.0609375 0.065625
1 0.4109375 0.59453125 0.028125 0.0375
1 0.5953125 0.6484375 0.053125 0.0328125
0 0.953125 0.88203125 0.05625 0.06796875
0 0.9703125 0.9546875 0.04375 0.08671875
1 0.2625 0.56796875 0.0375 0.03984375
1 0.4640625 0.47890625 0.015625 0.02109375
1 0.54140625 0.59375 0.0359375 0.04453125
1 0.51796875 0.62890625 0.0421875 0.02578125
1 0.415625 0.64296875 0.01875 0.05390625
1 0.2296875 0.57734375 0.03125 0.04453125
12 0.1 0.85234375 0.125 0.16875
0 0.746875 0.6640625 0.025 0.06796875
0 0.15546875 0.6265625 0.0234375 0.06328125
0 0.021875 0.6953125 0.021875 0.084375
0 0.42890625 0.615625 0.8578125 0.3375
10 0.90390625 0.60625 0.0359375 0.78203125
