7 0.5625 0.5734375 0.846875 0.371875
0 0.05 0.59140625 0.025 0.09375
0 0.05703125 0.58515625 0.0140625 0.08203125
0 0.1546875 0.58203125 0.0125 0.0515625
0 0.09453125 0.60625 0.0171875 0.11484375
0 0.0859375 0.58515625 0.0125 0.07265625
0 0.91796875 0.55625 0.0203125 0.0375
0 0.27734375 0.55859375 0.0109375 0.0328125
0 0.7875 0.55 0.01875 0.03515625
10 0.53046875 0.3875 0.0765625 0.775
10 0.11328125 0.39140625 0.0453125 0.59140625
10 0.24765625 0.19765625 0.0265625 0.39453125
10 0.0734375 0.48984375 0.03125 0.38515625
