1 0.275 0.54765625 0.0859375 0.11328125
1 0.36796875 0.51953125 0.06796875 0.08515625
1 0.41875 0.515625 0.0421875 0.06328125
0 0.64765625 0.76875 0.215625 0.45546875
0 0.32890625 0.5703125 0.0421875 0.159375
0 0.47734375 0.5703125 0.03828125 0.14453125
0 0.54765625 0.5828125 0.03984375 0.1203125
0 0.6140625 0.6875 0.128125 0.31484375
0 0.4453125 0.5265625 0.01796875 0.05625
0 0.52109375 0.5421875 0.02578125 0.08828125
0 0.028125 0.65 0.05625 0.3671875
0 0.16875 0.59921875 0.10625 0.29296875
0 0.209375 0.5109375 0.01796875 0.0390625
0 0.12109375 0.69765625 0.15390625 0.47734375
