10 0.3203125 0.46328125 0.1 0.90625
10 0.7203125 0.38125 0.1203125 0.7515625
9 0.02421875 0.40390625 0.046875 0.08515625
9 0.07578125 0.40234375 0.0625 0.0828125
0 0.07421875 0.3609375 0.034375 0.0546875
9 0.128125 0.39921875 0.05 0.0828125
9 0.171875 0.39765625 0.034375 0.07421875
0 0.18046875 0.36015625 0.01796875 0.03203125
10 0.1921875 0.215625 0.046875 0.43125
9 0.240625 0.39453125 0.0578125 0.06953125
9 0.2703125 0.39609375 0.0296875 0.0640625
6 0.35390625 0.39375 0.034375 0.05
9 0.4046875 0.3875 0.03359375 0.059375
0 0.46953125 0.35625 0.01796875 0.02734375
0 0.50625 0.35625 0.0234375 0.02109375
9 0.528125 0.38046875 0.0546875 0.05390625
0 0.603125 0.36484375 0.0203125 0.0546875
0 0.65546875 0.36796875 0.025 0.0375
0 0.628125 0.353125 0.01640625 0.021875
9 0.44921875 0.3875 0.04296875 0.05
9 0.48046875 0.38828125 0.028125 0.04765625
11 0.83515625 0.36328125 0.0515625 0.03515625
0 0.78984375 0.34609375 0.01796875 0.01796875
9 0.8734375 0.36328125 0.01484375 0.034375
