1 0.85390625 0.4640625 0.2890625 0.36796875
1 0.7046875 0.2609375 0.259375 0.15703125
1 0.859375 0.25546875 0.1375 0.09296875
1 0.5015625 0.1984375 0.05625 0.2015625
12 0.45703125 0.434375 0.8046875 0.73671875
0 0.77421875 0.19140625 0.0328125 0.09765625
0 0.959375 0.1890625 0.075 0.21171875
0 0.0359375 0.128125 0.025 0.04296875
0 0.07421875 0.1875 0.0203125 0.15234375
0 0.128125 0.1671875 0.03125 0.09765625
1 0.03515625 0.21171875 0.0703125 0.1375
12 0.853125 0.459375 0.290625 0.36796875
0 0.7921875 0.20078125 0.025 0.0828125
0 0.10390625 0.196875 0.0453125 0.15703125
