1 0.22890625 0.79140625 0.10390625 0.0546875
1 0.40703125 0.7734375 0.05625 0.034375
1 0.48984375 0.765625 0.02109375 0.015625
1 0.66953125 0.784375 0.03515625 0.040625
1 0.69921875 0.790625 0.05234375 0.06875
1 0.728125 0.796875 0.06875 0.090625
1 0.84296875 0.82578125 0.25625 0.1703125
1 0.340625 0.78359375 0.08125 0.0390625
1 0.665625 0.77265625 0.04375 0.0390625
1 0.896875 0.88359375 0.20234375 0.2234375
1 0.44609375 0.76796875 0.02109375 0.0171875
1 0.58125 0.76875 0.02890625 0.01875
12 0.10703125 0.828125 0.2140625 0.184375
1 0.56015625 0.76015625 0.1375 0.0234375
