1 0.08125 0.77734375 0.06875 0.08203125
1 0.13984375 0.76484375 0.0265625 0.0578125
1 0.60546875 0.75625 0.0265625 0.0234375
1 0.66015625 0.746875 0.0296875 0.03203125
1 0.10546875 0.75859375 0.0609375 0.08203125
1 0.175 0.76640625 0.04375 0.034375
1 0.26640625 0.75234375 0.0078125 0.015625
1 0.02578125 0.7703125 0.0515625 0.12109375
1 0.2515625 0.7609375 0.015625 0.02890625
1 0.75859375 0.73515625 0.0109375 0.0078125
12 0.20078125 0.7609375 0.0640625 0.04453125
12 0.71640625 0.74296875 0.0453125 0.034375
1 0.77890625 0.73125 0.0109375 0.015625
