15 0.6875 0.41953125 0.0265625 0.07890625
15 0.4921875 0.45625 0.02421875 0.0921875
1 0.25078125 0.50546875 0.49765625 0.48515625
0 0.45234375 0.32109375 0.02265625 0.08203125
0 0.59375 0.31484375 0.02109375 0.07421875
0 0.65 0.3171875 0.0140625 0.06640625
10 0.3265625 0.23515625 0.02109375 0.23046875
15 0.9703125 0.378125 0.0234375 0.059375
10 0.95 0.25859375 0.021875 0.12265625
0 0.53125 0.309375 0.01640625 0.05
9 0.534375 0.3296875 0.0203125 0.046875
15 0.4921875 0.3296875 0.009375 0.03203125
