15 0.4984375 0.434375 0.059375 0.09609375
15 0.6875 0.428125 0.05078125 0.08125
15 0.2296875 0.35703125 0.03359375 0.05625
6 0.05078125 0.41328125 0.09765625 0.24375
9 0.1296875 0.3125 0.06328125 0.08671875
0 0.1328125 0.29921875 0.0546875 0.10234375
0 0.0703125 0.28203125 0.03203125 0.09453125
7 0.06796875 0.24453125 0.0828125 0.08125
10 0.56796875 0.21953125 0.02265625 0.159375
10 0.53828125 0.259375 0.01171875 0.07734375
10 0.2765625 0.1703125 0.02109375 0.20546875
10 0.09375 0.1578125 0.015625 0.09453125
0 0.3453125 0.27109375 0.0078125 0.02578125
0 0.3625 0.2734375 0.01015625 0.034375
0 0.375 0.27421875 0.0109375 0.034375
0 0.38671875 0.27890625 0.0125 0.0265625
0 0.40078125 0.275 0.01171875 0.0359375
0 0.41015625 0.27734375 0.01171875 0.0359375
0 0.4265625 0.27734375 0.01171875 0.03671875
0 0.43671875 0.27734375 0.01171875 0.03828125
0 0.44296875 0.28203125 0.0109375 0.0296875
0 0.45703125 0.27734375 0.0109375 0.04140625
0 0.5078125 0.28125 0.0109375 0.0328125
0 0.5203125 0.2796875 0.02109375 0.04765625
14 0.5 0.28984375 0.021875 0.0234375
0 0.61328125 0.27578125 0.01015625 0.0125
0 0.653125 0.2796875 0.0109375 0.01015625
0 0.73671875 0.28359375 0.0109375 0.0109375
1 0.26875 0.26640625 0.034375 0.01796875
12 0.3171875 0.25625 0.06328125 0.0296875
11 0.19375 0.26484375 0.0421875 0.03984375
