12 0.47578125 0.65078125 0.9515625 0.4921875
0 0.478125 0.48984375 0.240625 0.4078125
0 0.64375 0.40078125 0.10625 0.290625
0 0.57890625 0.346875 0.0890625 0.2015625
0 0.41328125 0.46953125 0.1734375 0.43359375
0 0.3875 0.40390625 0.06875 0.18046875
0 0.74453125 0.36171875 0.1015625 0.17109375
0 0.50234375 0.25625 0.0640625 0.11953125
0 0.81640625 0.4015625 0.0828125 0.27890625
0 0.86171875 0.434375 0.0640625 0.22734375
0 0.91484375 0.40625 0.0953125 0.28359375
0 0.7375 0.30234375 0.040625 0.075
