0 0.55 0.68984375 0.059375 0.0953125
6 0.5921875 0.60390625 0.0375 0.1234375
6 0.64609375 0.60390625 0.0421875 0.12890625
1 0.14375 0.77890625 0.153125 0.1796875
1 0.703125 0.55 0.05625 0.0671875
1 0.63203125 0.753125 0.1265625 0.1953125
1 0.9359375 0.753125 0.11875 0.13359375
1 0.81328125 0.71953125 0.0515625 0.0875
7 0.10703125 0.30625 0.0359375 0.05625
1 0.44921875 0.7609375 0.1171875 0.2265625
1 0.7609375 0.7109375 0.08125 0.059375
1 0.89140625 0.71875 0.1078125 0.171875
1 0.3359375 0.76875 0.046875 0.16484375
1 0.38828125 0.753125 0.0953125 0.2109375
1 0.7546875 0.759375 0.09375 0.11015625
1 0.528125 0.39453125 0.0625 0.08984375
1 0.9875 0.70703125 0.021875 0.04609375
0 0.5203125 0.671875 0.03125 0.07421875
1 0.16875 0.3171875 0.08125 0.04921875
