8 0.45234375 0.378125 0.32265625 0.36875
0 0.2234375 0.7453125 0.36171875 0.40625
0 0.684375 0.4421875 0.1125 0.225
0 0.72890625 0.4625 0.11484375 0.15
0 0.55 0.47109375 0.13046875 0.2296875
0 0.91015625 0.5015625 0.1515625 0.215625
0 0.915625 0.3890625 0.10546875 0.1
0 0.75546875 0.5671875 0.12890625 0.1125
0 0.19140625 0.3953125 0.07265625 0.121875
0 0.06875 0.425 0.12734375 0.209375
0 0.29375 0.38203125 0.06875 0.1265625
0 0.82109375 0.48203125 0.10078125 0.1328125
0 0.67265625 0.5921875 0.05078125 0.065625
0 0.6125 0.61875 0.07578125 0.15
10 0.38984375 0.15625 0.0390625 0.3125
