1 0.6484375 0.38671875 0.1 0.08125
0 0.2859375 0.425 0.03125 0.16640625
1 0.23671875 0.36328125 0.0171875 0.01875
1 0.56640625 0.34765625 0.0609375 0.02890625
1 0.3140625 0.36171875 0.025 0.02265625
1 0.22265625 0.36796875 0.0265625 0.02265625
12 0.77421875 0.35546875 0.0953125 0.14765625
1 0.0359375 0.38203125 0.071875 0.03984375
1 0.3046875 0.36640625 0.0125 0.025
1 0.24609375 0.36328125 0.0109375 0.01484375
1 0.29609375 0.36328125 0.0140625 0.02265625
10 0.81015625 0.42265625 0.0484375 0.48359375
13 0.60859375 0.434375 0.0140625 0.06875
10 0.54609375 0.35390625 0.0140625 0.15
10 0.084375 0.31875 0.0125 0.15859375
