0 0.1078125 0.5125 0.1125 0.478125
0 0.59609375 0.59609375 0.1453125 0.32109375
0 0.72734375 0.4921875 0.4953125 0.98359375
0 0.04921875 0.50703125 0.0953125 0.48515625
1 0.17265625 0.4828125 0.0390625 0.0703125
1 0.37265625 0.49765625 0.0796875 0.06328125
0 0.2703125 0.61015625 0.221875 0.39609375
0 0.47890625 0.440625 0.0109375 0.0234375
0 0.4078125 0.43671875 0.015625 0.03515625
1 0.49765625 0.4921875 0.1421875 0.0890625
1 0.00859375 0.50078125 0.0171875 0.065625
1 0.4203125 0.48359375 0.075 0.06328125
12 0.4984375 0.48515625 0.140625 0.084375
