0 0.25546875 0.334375 0.0859375 0.22109375
0 0.3296875 0.284375 0.075 0.16796875
0 0.2078125 0.3359375 0.034375 0.09765625
0 0.01171875 0.4390625 0.0234375 0.0953125
0 0.1625 0.4140625 0.025 0.08125
0 0.14765625 0.41484375 0.0140625 0.07890625
0 0.44453125 0.36484375 0.0140625 0.03984375
12 0.47890625 0.3359375 0.0953125 0.11640625
0 0.03046875 0.3859375 0.0140625 0.03046875
12 0.82109375 0.29375 0.3546875 0.5875
0 0.415625 0.3609375 0.0125 0.0328125
0 0.08828125 0.3796875 0.0109375 0.0328125
0 0.05625 0.434375 0.025 0.1
0 0.55625 0.34296875 0.009375 0.0140625
0 0.1765625 0.409375 0.0125 0.06328125
0 0.253125 0.38359375 0.49375 0.0765625
