7 0.7015625 0.77265625 0.2375 0.26953125
0 0.4171875 0.80703125 0.025 0.09296875
1 0.09296875 0.82109375 0.0734375 0.07734375
1 0.12578125 0.78359375 0.0890625 0.0578125
1 0.84140625 0.7765625 0.0484375 0.0234375
1 0.515625 0.81796875 0.10625 0.07109375
1 0.32109375 0.7875 0.0703125 0.0625
1 0.04453125 0.78203125 0.0890625 0.04296875
1 0.2046875 0.78671875 0.065625 0.06015625
1 0.94609375 0.82109375 0.1046875 0.07734375
1 0.43125 0.79453125 0.053125 0.04921875
1 0.8171875 0.771875 0.03125 0.03046875
1 0.22890625 0.77890625 0.0359375 0.03203125
1 0.0265625 0.809375 0.053125 0.05390625
