9 0.284375 0.72265625 0.353125 0.50859375
9 0.71796875 0.73359375 0.5609375 0.49609375
12 0.36328125 0.33515625 0.2171875 0.14609375
0 0.4953125 0.540625 0.14375 0.38515625
0 0.74765625 0.67734375 0.2296875 0.64140625
0 0.13125 0.60546875 0.146875 0.51484375
0 0.29453125 0.4625 0.0796875 0.1625
0 0.42109375 0.46171875 0.0703125 0.17734375
0 0.8984375 0.503125 0.1 0.27265625
0 0.61015625 0.43828125 0.0890625 0.26484375
0 0.1953125 0.434375 0.04375 0.10625
0 0.34765625 0.46015625 0.0578125 0.13359375
0 0.2375 0.43671875 0.046875 0.08515625
0 0.959375 0.428125 0.078125 0.18515625
0 0.0453125 0.51875 0.075 0.33359375
0 0.696875 0.453125 0.146875 0.23515625
0 0.4984375 0.51015625 0.996875 0.32890625
