12 0.92109375 0.36015625 0.1546875 0.65390625
0 0.16015625 0.44296875 0.2265625 0.78515625
0 0.6453125 0.515625 0.025 0.11484375
0 0.659375 0.52109375 0.015625 0.07109375
0 0.5203125 0.515625 0.01875 0.05234375
0 0.584375 0.51640625 0.015625 0.05390625
0 0.53203125 0.51015625 0.0078125 0.0375
1 0.33046875 0.51328125 0.0390625 0.04765625
1 0.29375 0.51484375 0.05 0.08359375
1 0.6203125 0.521875 0.034375 0.03984375
12 0.20390625 0.528125 0.0765625 0.11875
12 0.25234375 0.51640625 0.0796875 0.09609375
12 0.04453125 0.51953125 0.0890625 0.22265625
0 0.66953125 0.51484375 0.0078125 0.03359375
0 0.6859375 0.52109375 0.01875 0.075
1 0.3171875 0.515625 0.01875 0.04765625
12 0.78671875 0.50546875 0.1046875 0.09765625
10 0.25390625 0.525 0.0640625 0.64140625
