0 0.26015625 0.63515625 0.2265625 0.45390625
0 0.234375 0.63203125 0.115625 0.33515625
0 0.596875 0.56171875 0.059375 0.29765625
0 0.65234375 0.5125 0.0515625 0.22890625
0 0.7125 0.48515625 0.05 0.19609375
0 0.484375 0.53515625 0.04375 0.16640625
0 0.88125 0.46953125 0.034375 0.13515625
0 0.3890625 0.53671875 0.05 0.18515625
0 0.79375 0.49296875 0.06875 0.11015625
0 0.35546875 0.584375 0.0734375 0.22265625
0 0.846875 0.47734375 0.046875 0.14609375
0 0.440625 0.490625 0.025 0.12265625
7 0.0375 0.47578125 0.075 0.08125
0 0.5046875 0.50078125 0.95 0.17265625
10 0.7859375 0.28671875 0.03125 0.56875
10 0.97734375 0.32109375 0.0265625 0.50390625
10 0.42578125 0.33359375 0.0296875 0.43359375
10 0.4703125 0.26484375 0.028125 0.32890625
