1 0.9421875 0.80390625 0.1125 0.09140625
1 0.88046875 0.796875 0.0703125 0.08125
1 0.84296875 0.78671875 0.0734375 0.07265625
1 0.65625 0.765625 0.065625 0.07265625
1 0.79765625 0.76640625 0.0921875 0.09140625
1 0.525 0.8 0.053125 0.075
1 0.74375 0.76015625 0.021875 0.03359375
0 0.3625 0.83125 0.053125 0.2
0 0.55703125 0.81015625 0.0453125 0.125
0 0.61328125 0.821875 0.0203125 0.14765625
0 0.31875 0.81953125 0.034375 0.13984375
0 0.2828125 0.82890625 0.040625 0.12890625
0 0.55546875 0.7625 0.0296875 0.05859375
0 0.8875 0.73984375 0.01875 0.0375
0 0.428125 0.78203125 0.025 0.10234375
0 0.34296875 0.81953125 0.0203125 0.14375
12 0.7953125 0.76640625 0.090625 0.09140625
12 0.63125 0.73671875 0.053125 0.07265625
12 0.709375 0.80234375 0.109375 0.10390625
0 0.40390625 0.784375 0.0234375 0.09765625
0 0.303125 0.75390625 0.01875 0.04140625
0 0.34296875 0.82109375 0.1109375 0.21640625
10 0.59453125 0.653125 0.0546875 0.68984375
10 0.5140625 0.709375 0.034375 0.44375
10 0.2390625 0.65234375 0.03125 0.525
