1 0.43515625 0.67734375 0.0703125 0.0875
1 0.3640625 0.65234375 0.053125 0.07109375
1 0.115625 0.66171875 0.115625 0.07265625
0 0.3953125 0.77421875 0.134375 0.30625
0 0.265625 0.6375 0.009375 0.01640625
0 0.93828125 0.74140625 0.0421875 0.21640625
0 0.534375 0.78671875 0.05 0.24375
0 0.61796875 0.79453125 0.0890625 0.28515625
0 0.709375 0.78515625 0.09375 0.26640625
0 0.803125 0.74765625 0.05625 0.16640625
0 0.8640625 0.74921875 0.046875 0.22265625
0 0.478125 0.740625 0.05625 0.18125
0 0.8421875 0.721875 0.03125 0.14375
0 0.3390625 0.7375 0.071875 0.225
7 0.5078125 0.63359375 0.10625 0.12109375
17 0.5875 0.82578125 0.021875 0.08515625
0 0.75234375 0.6875 0.0234375 0.09609375
1 0.14765625 0.82578125 0.2953125 0.31875
0 0.78046875 0.67109375 0.0203125 0.0625
0 0.5171875 0.803125 0.959375 0.38515625
10 0.565625 0.77421875 0.021875 0.41484375
