0 0.4 0.49453125 0.0375 0.0609375
12 0.12578125 0.5328125 0.1078125 0.12890625
1 0.7421875 0.6171875 0.109375 0.13359375
1 0.93515625 0.66484375 0.1265625 0.140625
1 0.053125 0.60390625 0.103125 0.1734375
12 0.0578125 0.603125 0.096875 0.16171875
12 0.6484375 0.59921875 0.10625 0.13125
0 0.36015625 0.5125 0.0171875 0.0234375
1 0.85546875 0.65078125 0.1078125 0.1265625
1 0.78671875 0.63671875 0.1109375 0.1171875
1 0.0375 0.6453125 0.075 0.23203125
1 0.49921875 0.64296875 0.9984375 0.23671875
1 0.228125 0.4453125 0.015625 0.0234375
1 0.084375 0.4828125 0.0375 0.0421875
1 0.1890625 0.50078125 0.025 0.0421875
1 0.64453125 0.59921875 0.1015625 0.13125
1 0.09765625 0.4625 0.0203125 0.01640625
10 0.75625 0.29765625 0.028125 0.50078125
10 0.64140625 0.33828125 0.0234375 0.38671875
10 0.59765625 0.35703125 0.0234375 0.37734375
