1 0.196875 0.63984375 0.19375 0.13515625
1 0.38359375 0.6125 0.1953125 0.15703125
7 0.62109375 0.47890625 0.2015625 0.48203125
0 0.81484375 0.671875 0.0796875 0.28984375
0 0.409375 0.6390625 0.0375 0.20390625
0 0.34609375 0.65234375 0.0453125 0.22578125
0 0.82421875 0.559375 0.0234375 0.078125
1 0.4953125 0.6 0.053125 0.10234375
0 0.2671875 0.57734375 0.01875 0.03828125
0 0.1109375 0.57734375 0.0125 0.03828125
0 0.16640625 0.57578125 0.0328125 0.05
0 0.91875 0.7421875 0.15625 0.5109375
0 0.8890625 0.578125 0.028125 0.09765625
12 0.41640625 0.49375 0.2140625 0.15703125
0 0.63671875 0.52734375 0.0390625 0.05234375
0 0.5875 0.34765625 0.03125 0.03125
0 0.84375 0.56328125 0.015625 0.08046875
0 0.44453125 0.5 0.8890625 0.3875
