6 0.8 0.93515625 0.178125 0.1
0 0.1984375 0.86484375 0.05 0.2
0 0.76171875 0.88359375 0.1390625 0.18359375
0 0.690625 0.82109375 0.059375 0.17890625
0 0.73828125 0.76875 0.0328125 0.125
0 0.825 0.76796875 0.03125 0.10625
0 0.87109375 0.75859375 0.0265625 0.09609375
0 0.9109375 0.75546875 0.021875 0.11015625
0 0.959375 0.775 0.05625 0.14140625
0 0.7859375 0.746875 0.028125 0.08984375
0 0.7609375 0.72578125 0.015625 0.07265625
0 0.80625 0.76640625 0.025 0.125
0 0.6609375 0.88671875 0.0625 0.21015625
0 0.06328125 0.85546875 0.0546875 0.21484375
0 0.515625 0.61640625 0.696875 0.4
10 0.49609375 0.61484375 0.0796875 0.75859375
