1 0.825 0.93359375 0.346875 0.12890625
1 0.97578125 0.771875 0.0453125 0.11953125
1 0.50859375 0.71328125 0.0640625 0.10546875
7 0.64140625 0.64609375 0.2109375 0.4875
0 0.06796875 0.784375 0.0484375 0.196875
0 0.0296875 0.8828125 0.046875 0.2296875
0 0.89921875 0.60625 0.0140625 0.0609375
0 0.91015625 0.60625 0.0140625 0.0609375
0 0.884375 0.60546875 0.009375 0.05859375
0 0.846875 0.60546875 0.01875 0.06796875
0 0.83203125 0.61953125 0.0109375 0.04453125
7 0.4578125 0.575 0.0875 0.18515625
7 0.38046875 0.72578125 0.1609375 0.3421875
7 0.7640625 0.59140625 0.053125 0.23671875
7 0.51953125 0.56171875 0.0453125 0.2015625
12 0.378125 0.715625 0.15625 0.32578125
0 0.82578125 0.584375 0.0078125 0.03046875
0 0.8734375 0.6015625 0.015625 0.075
0 0.83046875 0.58984375 0.0109375 0.0328125
1 0.746875 0.73046875 0.015625 0.0796875
1 0.909375 0.59375 0.04375 0.04921875
10 0.24609375 0.4921875 0.0328125 0.67890625
