1 0.31328125 0.8609375 0.0828125 0.11171875
1 0.26640625 0.85078125 0.0515625 0.09765625
1 0.06796875 0.81484375 0.0296875 0.0359375
1 0.15078125 0.81171875 0.0234375 0.04765625
1 0.12890625 0.81875 0.0203125 0.028125
0 0.515625 0.88984375 0.04375 0.1921875
1 0.2375 0.83671875 0.059375 0.09765625
0 0.5859375 0.89453125 0.025 0.14453125
0 0.63359375 0.871875 0.0296875 0.1890625
0 0.72578125 0.86640625 0.0265625 0.1890625
0 0.603125 0.87734375 0.03125 0.17265625
0 0.54921875 0.88046875 0.0328125 0.18359375
0 0.03515625 0.86796875 0.0484375 0.1921875
0 0.4890625 0.88046875 0.025 0.23359375
0 0.17109375 0.82578125 0.0140625 0.06953125
0 0.2 0.82421875 0.01875 0.0609375
1 0.17734375 0.8234375 0.0421875 0.0640625
10 0.703125 0.5109375 0.046875 0.8828125
13 0.9421875 0.84296875 0.021875 0.15859375
