6 0.253125 0.5515625 0.21796875 0.26328125
9 0.2078125 0.515625 0.3640625 0.228125
10 0.303125 0.221875 0.0625 0.43671875
10 0.13046875 0.26796875 0.01640625 0.2359375
10 0.53203125 0.29609375 0.021875 0.1859375
10 0.3734375 0.29609375 0.01171875 0.07890625
10 0.82421875 0.33515625 0.02109375 0.1609375
0 0.0125 0.396875 0.01875 0.08984375
0 0.02734375 0.3921875 0.02109375 0.05546875
0 0.04609375 0.3890625 0.021875 0.053125
0 0.06875 0.384375 0.0203125 0.0328125
0 0.234375 0.390625 0.01640625 0.034375
6 0.23515625 0.4015625 0.015625 0.02734375
7 0.415625 0.3734375 0.16015625 0.0984375
0 0.3484375 0.39609375 0.02578125 0.04453125
15 0.484375 0.475 0.03046875 0.053125
0 0.55234375 0.4296875 0.04296875 0.1265625
0 0.665625 0.44921875 0.08359375 0.146875
9 0.665625 0.46953125 0.10703125 0.134375
9 0.76796875 0.4484375 0.0953125 0.1
0 0.75625 0.42421875 0.0453125 0.09921875
0 0.59453125 0.3921875 0.0078125 0.025
0 0.61171875 0.39296875 0.0109375 0.0328125
9 0.63515625 0.40546875 0.03359375 0.0390625
0 0.6375 0.39765625 0.015625 0.0390625
0 0.68359375 0.39453125 0.009375 0.03671875
0 0.6921875 0.39921875 0.01328125 0.02890625
0 0.70390625 0.3953125 0.0125 0.03984375
0 0.77421875 0.3875 0.0140625 0.03359375
0 0.78515625 0.39765625 0.02578125 0.03046875
10 0.79296875 0.35703125 0.00703125 0.05234375
15 0.7515625 0.5546875 0.06328125 0.10078125
15 0.96796875 0.55234375 0.0625 0.08828125
7 0.309375 0.37421875 0.05546875 0.06015625
1 0.52421875 0.3890625 0.03515625 0.02109375
12 0.56875 0.378125 0.06015625 0.03125
