1 0.3765625 0.85390625 0.371875 0.26484375
1 0.08515625 0.859375 0.1703125 0.16875
1 0.5640625 0.75625 0.0875 0.0703125
1 0.634375 0.7515625 0.053125 0.046875
17 0.13671875 0.76953125 0.0203125 0.03515625
1 0.70703125 0.74140625 0.0453125 0.03984375
1 0.74296875 0.73671875 0.0296875 0.03515625
1 0.765625 0.7375 0.025 0.028125
1 0.87421875 0.753125 0.0546875 0.08203125
12 0.84296875 0.76953125 0.0953125 0.10546875
10 0.91015625 0.6203125 0.0703125 0.459375
10 0.2796875 0.54453125 0.05 0.38671875
