1 0.6421875 0.49609375 0.165625 0.228125
1 0.86953125 0.50859375 0.1453125 0.19765625
1 0.775 0.4515625 0.1125 0.18359375
1 0.62578125 0.34140625 0.0359375 0.08671875
7 0.33203125 0.36875 0.5453125 0.31484375
0 0.415625 0.56015625 0.084375 0.37890625
0 0.10859375 0.51640625 0.0578125 0.26484375
0 0.96328125 0.4453125 0.0359375 0.16171875
0 0.9859375 0.41640625 0.025 0.11953125
0 0.92109375 0.4265625 0.0234375 0.08359375
0 0.871875 0.38125 0.01875 0.028125
0 0.93984375 0.42734375 0.0203125 0.08046875
1 0.6203125 0.30390625 0.04375 0.05
1 0.8125 0.36328125 0.065625 0.0921875
0 0.92265625 0.3703125 0.0296875 0.05
12 0.6203125 0.30625 0.040625 0.05546875
12 0.66875 0.3625 0.0875 0.13359375
