1 0.9765625 0.55234375 0.04375 0.1515625
0 0.58046875 0.58671875 0.2515625 0.62578125
0 0.78046875 0.6125 0.1546875 0.66796875
0 0.90234375 0.671875 0.1484375 0.646875
0 0.68046875 0.64140625 0.1015625 0.2359375
0 0.2015625 0.55703125 0.1125 0.69375
0 0.028125 0.49453125 0.05625 0.296875
0 0.50078125 0.66796875 0.0921875 0.15390625
0 0.32265625 0.421875 0.0234375 0.03515625
17 0.690625 0.5125 0.01875 0.05390625
0 0.1140625 0.58203125 0.09375 0.3875
0 0.284375 0.4296875 0.021875 0.0375
10 0.58125 0.20078125 0.05 0.396875
10 0.36015625 0.3 0.0265625 0.2828125
