9 0.83125 0.48046875 0.25859375 0.18359375
0 0.70078125 0.4390625 0.04609375 0.1390625
14 0.6109375 0.51953125 0.1203125 0.16171875
10 0.209375 0.49375 0.16640625 0.978125
1 0.40546875 0.39375 0.13828125 0.075
1 0.584375 0.40625 0.1703125 0.07578125
10 0.67578125 0.44296875 0.02578125 0.26640625
10 0.55625 0.34296875 0.02578125 0.21171875
10 0.03828125 0.375 0.01875 0.315625
6 0.13046875 0.47890625 0.07265625 0.0859375
1 0.25703125 0.42109375 0.25390625 0.09453125
14 0.37265625 0.4578125 0.0609375 0.07578125
14 0.40078125 0.45 0.05703125 0.0796875
11 0.915625 0.39296875 0.08203125 0.0703125
