9 0.515625 0.48515625 0.05078125 0.071875
9 0.04296875 0.665625 0.08203125 0.359375
9 0.1453125 0.54921875 0.13515625 0.14921875
14 0.484375 0.6625 0.11015625 0.2046875
10 0.70234375 0.41640625 0.03203125 0.45625
10 0.41484375 0.56328125 0.02109375 0.3859375
0 0.58671875 0.46796875 0.0203125 0.10703125
0 0.43203125 0.51640625 0.025 0.109375
11 0.85390625 0.525 0.18515625 0.2296875
9 0.67890625 0.515625 0.03046875 0.09375
9 0.62734375 0.50078125 0.040625 0.0609375
17 0.3390625 0.54765625 0.01328125 0.053125
11 0.37265625 0.47421875 0.04140625 0.09921875
11 0.2671875 0.45625 0.0765625 0.09375
14 0.240625 0.5125 0.05546875 0.09140625
