1 0.83984375 0.17734375 0.3140625 0.1625
1 0.63359375 0.13828125 0.2703125 0.11484375
1 0.87578125 0.07578125 0.1703125 0.03984375
0 0.66875 0.56484375 0.475 0.84140625
1 0.57265625 0.09140625 0.0734375 0.0375
1 0.7328125 0.08671875 0.1375 0.04765625
1 0.06953125 0.12890625 0.0578125 0.025
1 0.39375 0.13828125 0.23125 0.12734375
1 0.14140625 0.13359375 0.0640625 0.07890625
1 0.465625 0.090625 0.11875 0.05234375
1 0.25546875 0.12265625 0.1859375 0.12890625
1 0.52265625 0.10859375 0.0890625 0.0375
1 0.034375 0.12421875 0.03125 0.02265625
0 0.16171875 0.575 0.3234375 0.84609375
