8 0.35 0.6171875 0.028125 0.06640625
8 0.521875 0.64140625 0.034375 0.07265625
8 0.48671875 0.63671875 0.0515625 0.0875
8 0.42421875 0.6265625 0.0296875 0.07265625
8 0.453125 0.63125 0.034375 0.06328125
8 0.38984375 0.6203125 0.0328125 0.06015625
8 0.26171875 0.5828125 0.0203125 0.02734375
0 0.7796875 0.61484375 0.0625 0.33125
0 0.27578125 0.56640625 0.0171875 0.07265625
0 0.24765625 0.56640625 0.0109375 0.05390625
8 0.371875 0.61328125 0.015625 0.05703125
0 0.17734375 0.56328125 0.0078125 0.02421875
8 0.40625 0.6234375 0.0125 0.0359375
