1 0.14765625 0.86875 0.0625 0.028125
1 0.06953125 0.8765625 0.07265625 0.034375
1 0.01796875 0.88046875 0.03515625 0.0359375
0 0.70078125 0.89453125 0.02734375 0.0609375
0 0.02578125 0.8578125 0.01484375 0.01875
0 0.56015625 0.89765625 0.025 0.0640625
1 0.265625 0.86640625 0.01015625 0.0203125
0 0.565625 0.86796875 0.01015625 0.0171875
0 0.61328125 0.88046875 0.02265625 0.0359375
0 0.2875 0.859375 0.00859375 0.021875
1 0.82890625 0.89765625 0.125 0.0734375
12 0.22109375 0.86171875 0.0875 0.0421875
0 0.59609375 0.9015625 0.01640625 0.05625
12 0.43125 0.86640625 0.01640625 0.0109375
0 0.58125 0.9 0.02109375 0.0625
10 0.4875 0.66171875 0.18359375 0.6546875
