1 0.9421875 0.70546875 0.1125 0.16484375
0 0.4328125 0.77421875 0.0375 0.1359375
0 0.4546875 0.81640625 0.05 0.153125
0 0.59375 0.85078125 0.059375 0.16015625
0 0.6515625 0.9078125 0.05 0.15546875
0 0.8171875 0.559375 0.01875 0.09296875
0 0.35703125 0.75546875 0.0265625 0.13125
0 0.4515625 0.68984375 0.021875 0.12890625
0 0.63828125 0.7625 0.0296875 0.0453125
0 0.6796875 0.746875 0.04375 0.0765625
0 0.75078125 0.5296875 0.0234375 0.090625
0 0.6890625 0.878125 0.03125 0.14296875
0 0.8375 0.50234375 0.0125 0.09296875
10 0.5296875 0.6203125 0.025 0.37265625
10 0.2828125 0.81171875 0.021875 0.253125
10 0.17890625 0.8734375 0.0203125 0.24375
10 0.728125 0.95 0.01875 0.0953125
