10 0.58671875 0.3609375 0.04375 0.7125
0 0.67421875 0.621875 0.04453125 0.11015625
9 0.4796875 0.63203125 0.12265625 0.0796875
0 0.2 0.6421875 0.065625 0.18125
1 0.09375 0.59375 0.15234375 0.06484375
10 0.4125 0.56953125 0.00859375 0.06875
14 0.39921875 0.63828125 0.0390625 0.0734375
11 0.30859375 0.59296875 0.046875 0.0640625
9 0.36796875 0.603125 0.0265625 0.04375
0 0.36875 0.5921875 0.02109375 0.03828125
9 0.2578125 0.6 0.05703125 0.040625
14 0.03515625 0.6203125 0.0453125 0.05390625
14 0.0484375 0.61640625 0.0390625 0.05703125
11 0.703125 0.6203125 0.2203125 0.14765625
