1 0.05390625 0.56328125 0.1078125 0.06875
1 0.41640625 0.54765625 0.0421875 0.025
1 0.446875 0.54453125 0.025 0.02734375
0 0.68203125 0.56796875 0.0296875 0.08515625
0 0.6515625 0.56796875 0.01875 0.07734375
1 0.53515625 0.54765625 0.0328125 0.025
1 0.3625 0.54453125 0.053125 0.04375
1 0.496875 0.54609375 0.021875 0.02109375
17 0.203125 0.76640625 0.065625 0.12890625
1 0.6203125 0.546875 0.01875 0.01875
1 0.19921875 0.55625 0.0578125 0.04140625
1 0.30234375 0.54609375 0.0046875 0.03359375
1 0.3984375 0.54609375 0.01875 0.025
1 0.5140625 0.54375 0.01875 0.02109375
12 0.8109375 0.55 0.146875 0.07890625
12 0.471875 0.54140625 0.028125 0.03359375
1 0.3140625 0.55078125 0.578125 0.09375
10 0.321875 0.43671875 0.078125 0.68984375
10 0.26484375 0.47734375 0.0765625 0.54609375
14 0.57734375 0.59453125 0.0453125 0.07265625
