7 0.58125 0.67265625 0.09375 0.29453125
0 0.2125 0.7421875 0.025 0.10078125
0 0.00859375 0.81640625 0.0171875 0.128125
0 0.06875 0.77109375 0.034375 0.1078125
0 0.103125 0.75546875 0.028125 0.08671875
0 0.12734375 0.753125 0.0265625 0.10546875
0 0.31875 0.684375 0.015625 0.065625
0 0.30546875 0.69296875 0.0171875 0.06796875
0 0.28046875 0.69140625 0.0109375 0.0609375
0 0.85 0.73125 0.015625 0.0515625
0 0.50703125 0.63203125 0.0078125 0.03515625
12 0.7578125 0.66953125 0.1375 0.1375
7 0.675 0.6078125 0.115625 0.14921875
0 0.90078125 0.7578125 0.0203125 0.09609375
0 0.93671875 0.78359375 0.0328125 0.11953125
0 0.51796875 0.6671875 0.7515625 0.2171875
10 0.0765625 0.56796875 0.028125 0.5703125
14 0.26171875 0.73359375 0.0265625 0.05625
