6 0.71171875 0.896875 0.2078125 0.19765625
6 0.5 0.90859375 0.23125 0.17890625
6 0.2375 0.9125 0.340625 0.17109375
6 0.92265625 0.90859375 0.1515625 0.17890625
6 0.740625 0.6875 0.20625 0.04609375
6 0.4828125 0.68359375 0.0125 0.04609375
12 0.11484375 0.63125 0.2296875 0.30859375
0 0.46953125 0.6375 0.0046875 0.025
0 0.60390625 0.66328125 0.0265625 0.11015625
0 0.5828125 0.66640625 0.021875 0.1
0 0.44921875 0.66328125 0.0390625 0.12265625
0 0.63046875 0.66796875 0.0265625 0.14375
0 0.61875 0.640625 0.0125 0.06875
0 0.6546875 0.628125 0.0125 0.04375
0 0.490625 0.65546875 0.025 0.10234375
0 0.83359375 0.64921875 0.0140625 0.11015625
0 0.8984375 0.6375 0.009375 0.06640625
0 0.30234375 0.65859375 0.0171875 0.06640625
6 0.80546875 0.68125 0.0765625 0.05859375
6 0.85078125 0.65859375 0.0234375 0.03359375
6 0.68046875 0.684375 0.0234375 0.03125
6 0.8765625 0.65 0.03125 0.05
6 0.91015625 0.659375 0.0203125 0.02734375
0 0.81796875 0.65078125 0.0234375 0.13515625
6 0.7 0.68125 0.01875 0.03359375
0 0.24609375 0.675 0.0421875 0.11640625
6 0.92578125 0.65859375 0.0171875 0.025
6 0.28984375 0.95078125 0.0890625 0.08515625
0 0.60390625 0.665625 0.7265625 0.26484375
10 0.1046875 0.4125 0.053125 0.825
10 0.95234375 0.4375 0.0703125 0.875
