1 0.13046875 0.91953125 0.2546875 0.12890625
1 0.90625 0.896875 0.184375 0.1453125
1 0.3703125 0.86328125 0.05 0.03515625
0 0.56796875 0.91328125 0.0296875 0.16875
0 0.23984375 0.875 0.0265625 0.05859375
0 0.60625 0.87734375 0.01875 0.07734375
0 0.5953125 0.840625 0.009375 0.028125
0 0.6296875 0.8609375 0.015625 0.06796875
0 0.22265625 0.86796875 0.0140625 0.06796875
0 0.1515625 0.85234375 0.01875 0.0421875
0 0.075 0.8515625 0.03125 0.04921875
0 0.309375 0.89140625 0.015625 0.11953125
0 0.4265625 0.840625 0.009375 0.01875
0 0.4359375 0.83984375 0.00625 0.01640625
1 0.425 0.875 0.08125 0.05390625
1 0.32265625 0.859375 0.0390625 0.0515625
1 0.06328125 0.96484375 0.1265625 0.0609375
0 0.246875 0.865625 0.009375 0.03046875
1 0.759375 0.8453125 0.065625 0.0421875
0 0.19140625 0.85859375 0.0203125 0.05859375
1 0.17890625 0.84765625 0.0171875 0.0328125
1 0.23359375 0.87109375 0.0765625 0.075
1 0.83203125 0.8453125 0.0203125 0.028125
1 0.13203125 0.85 0.0140625 0.0234375
0 0.26484375 0.86328125 0.4640625 0.07734375
