1 0.46328125 0.66328125 0.0609375 0.04375
1 0.53125 0.653125 0.03125 0.04375
1 0.5546875 0.65625 0.021875 0.03359375
1 0.58125 0.65234375 0.028125 0.02890625
1 0.59921875 0.65 0.0203125 0.025
0 0.7984375 0.67421875 0.021875 0.06484375
1 0.653125 0.66640625 0.059375 0.05390625
1 0.62109375 0.646875 0.0234375 0.02265625
1 0.6953125 0.66171875 0.01875 0.04375
1 0.7046875 0.65546875 0.028125 0.03984375
17 0.1109375 0.68359375 0.0125 0.025
1 0.49921875 0.65703125 0.0390625 0.04375
1 0.678125 0.66796875 0.0375 0.04765625
10 0.38671875 0.71640625 0.0421875 0.375
