1 0.92890625 0.31640625 0.1078125 0.08515625
0 0.46015625 0.43359375 0.1640625 0.6140625
0 0.2765625 0.58046875 0.240625 0.80546875
0 0.12734375 0.49296875 0.2546875 0.98515625
0 0.66015625 0.4984375 0.5171875 0.996875
1 0.9765625 0.2890625 0.04375 0.053125
1 0.9015625 0.28125 0.084375 0.06328125
0 0.6140625 0.34453125 0.040625 0.15078125
0 0.56484375 0.35078125 0.0546875 0.22578125
0 0.346875 0.31953125 0.05625 0.23046875
0 0.36484375 0.49765625 0.0734375 0.15546875
0 0.6546875 0.2890625 0.05 0.1015625
0 0.15859375 0.28671875 0.0890625 0.1890625
0 0.1640625 0.20546875 0.053125 0.08984375
