1 0.1375 0.9 0.053125 0.01640625
1 0.59140625 0.8671875 0.0765625 0.03515625
7 0.23671875 0.8453125 0.0640625 0.075
1 0.35703125 0.8640625 0.0328125 0.0375
1 0.41640625 0.85078125 0.0171875 0.02109375
7 0.6328125 0.8453125 0.04375 0.0703125
1 0.17109375 0.88046875 0.0265625 0.0234375
1 0.1875 0.87421875 0.03125 0.02578125
1 0.14296875 0.88359375 0.0421875 0.02109375
1 0.43203125 0.85078125 0.0140625 0.02109375
1 0.53125 0.85 0.015625 0.01875
1 0.31953125 0.85703125 0.0234375 0.0140625
1 0.903125 0.89921875 0.071875 0.0609375
7 0.39140625 0.8453125 0.0234375 0.028125
