1 0.06796875 0.6 0.1140625 0.1375
7 0.128125 0.50390625 0.128125 0.175
7 0.03359375 0.50390625 0.0671875 0.17109375
0 0.9859375 0.521875 0.025 0.07265625
0 0.13515625 0.56171875 0.0234375 0.10234375
0 0.15546875 0.56640625 0.0171875 0.09609375
0 0.8015625 0.52578125 0.015625 0.07734375
0 0.82578125 0.53046875 0.0171875 0.06875
0 0.865625 0.521875 0.021875 0.08515625
0 0.1671875 0.56328125 0.021875 0.09765625
12 0.446875 0.55078125 0.596875 0.50234375
0 0.84765625 0.50859375 0.0109375 0.0375
0 0.7875 0.53515625 0.0125 0.05859375
0 0.85703125 0.52265625 0.0109375 0.08359375
0 0.75234375 0.53359375 0.0171875 0.07109375
1 0.77421875 0.53203125 0.0453125 0.06875
10 0.8984375 0.465625 0.021875 0.26875
