0 0.55 0.55390625 0.00625 0.02578125
1 0.090625 0.45234375 0.015625 0.0234375
1 0.11484375 0.4546875 0.0296875 0.01875
1 0.20078125 0.45234375 0.0328125 0.01875
1 0.28359375 0.4484375 0.0265625 0.02109375
1 0.49765625 0.4453125 0.0265625 0.01875
1 0.6984375 0.43671875 0.028125 0.02109375
1 0.72109375 0.43828125 0.0203125 0.0140625
1 0.021875 0.459375 0.01875 0.0140625
1 0.16875 0.45 0.03125 0.0234375
1 0.25859375 0.4484375 0.0328125 0.02578125
1 0.47265625 0.4453125 0.0265625 0.0234375
1 0.565625 0.440625 0.03125 0.0234375
1 0.7390625 0.43671875 0.025 0.01640625
12 0.6484375 0.43828125 0.034375 0.0234375
12 0.4765625 0.44375 0.03125 0.01640625
1 0.34609375 0.45 0.6921875 0.0515625
10 0.5828125 0.3328125 0.015625 0.3515625
10 0.43671875 0.28203125 0.0265625 0.5453125
