12 0.30234375 0.553125 0.4640625 0.21875
0 0.28984375 0.90859375 0.0578125 0.175
0 0.34140625 0.94140625 0.0640625 0.1125
0 0.49453125 0.89921875 0.0734375 0.18125
0 0.59453125 0.89765625 0.0453125 0.175
0 0.64453125 0.90703125 0.0421875 0.18125
0 0.83828125 0.47265625 0.0453125 0.15859375
0 0.428125 0.94296875 0.046875 0.11015625
0 0.6875 0.51328125 0.05 0.16484375
0 0.8953125 0.48203125 0.0375 0.13984375
0 0.09921875 0.40703125 0.0578125 0.13984375
0 0.01640625 0.30234375 0.0328125 0.15
0 0.5125 0.94765625 0.05 0.1
0 0.36953125 0.89765625 0.0515625 0.19140625
0 0.33203125 0.88828125 0.0609375 0.09765625
10 0.96875 0.446875 0.028125 0.41015625
