1 0.06875 0.178125 0.1375 0.17734375
1 0.16015625 0.15390625 0.1984375 0.1375
1 0.21640625 0.13046875 0.1546875 0.13984375
1 0.96953125 0.31484375 0.0578125 0.2375
1 0.409375 0.10859375 0.134375 0.13359375
1 0.11015625 0.06953125 0.1015625 0.03515625
0 0.71640625 0.53515625 0.3421875 0.70390625
0 0.29921875 0.13671875 0.0328125 0.19375
1 0.5296875 0.090625 0.1125 0.07734375
1 0.5625 0.07890625 0.09375 0.075
0 0.334375 0.13125 0.04375 0.19609375
12 0.92734375 0.090625 0.1390625 0.12734375
12 0.50078125 0.1125 0.0953125 0.07890625
