6 0.15625 0.77421875 0.3125 0.40234375
6 0.87109375 0.55546875 0.1984375 0.23984375
6 0.59375 0.78828125 0.775 0.31015625
0 0.5515625 0.59296875 0.384375 0.80625
0 0.78046875 0.41953125 0.0328125 0.05625
6 0.7875 0.478125 0.0625 0.06015625
6 0.753125 0.45390625 0.015625 0.0125
6 0.1625 0.20390625 0.0625 0.07890625
6 0.86171875 0.49296875 0.1109375 0.13515625
6 0.85 0.44453125 0.05625 0.03125
6 0.1671875 0.125 0.065625 0.08359375
6 0.7375 0.459375 0.071875 0.03515625
10 0.853125 0.48125 0.04375 0.4375
10 0.13828125 0.61171875 0.0515625 0.68515625
10 0.325 0.49765625 0.0375 0.35390625
