1 0.603125 0.68046875 0.04375 0.04375
1 0.528125 0.684375 0.034375 0.03125
1 0.5734375 0.675 0.025 0.02890625
1 0.440625 0.67734375 0.040625 0.01640625
1 0.9 0.63828125 0.103125 0.04375
1 0.72421875 0.671875 0.0546875 0.03125
0 0.778125 0.66953125 0.021875 0.05234375
1 0.54921875 0.67421875 0.0109375 0.01484375
1 0.553125 0.66328125 0.0125 0.01484375
1 0.3203125 0.67734375 0.028125 0.03359375
17 0.7109375 0.68125 0.009375 0.025
10 0.8171875 0.41953125 0.046875 0.60625
10 0.2 0.634375 0.009375 0.17734375
