7 0.315625 0.509375 0.1375 0.33046875
7 0.6875 0.64765625 0.2 0.44296875
7 0.4859375 0.62265625 0.171875 0.39375
0 0.02265625 0.575 0.0296875 0.05390625
0 0.02109375 0.66953125 0.0328125 0.140625
0 0.04375 0.63203125 0.0375 0.1546875
0 0.090625 0.63359375 0.034375 0.15234375
0 0.1140625 0.5890625 0.025 0.06796875
0 0.1 0.50703125 0.03125 0.11484375
0 0.0859375 0.33046875 0.01875 0.0890625
0 0.06328125 0.51875 0.0421875 0.12421875
0 0.83359375 0.596875 0.0328125 0.084375
12 0.5328125 0.234375 0.084375 0.159375
12 0.771875 0.88515625 0.2 0.225
12 0.9265625 0.45234375 0.134375 0.3046875
0 0.01328125 0.51015625 0.0265625 0.1265625
0 0.0609375 0.6765625 0.034375 0.1359375
6 0.85546875 0.6203125 0.0296875 0.0421875
1 0.88125 0.725 0.128125 0.16171875
1 0.92578125 0.88046875 0.1171875 0.15
1 0.953125 0.9171875 0.090625 0.16171875
1 0.47734375 0.84453125 0.1484375 0.22734375
1 0.56640625 0.33984375 0.0578125 0.0515625
1 0.51484375 0.96484375 0.1453125 0.065625
1 0.2234375 0.72265625 0.1625 0.07734375
1 0.64296875 0.32890625 0.0640625 0.07734375
7 0.6421875 0.26953125 0.0875 0.1453125
7 0.45078125 0.3171875 0.1015625 0.20859375
7 0.44375 0.19765625 0.065625 0.12421875
12 0.203125 0.86875 0.30625 0.2296875
1 0.81328125 0.70390625 0.0609375 0.13359375
1 0.37265625 0.271875 0.0484375 0.0609375
1 0.5390625 0.328125 0.059375 0.084375
1 0.30625 0.72734375 0.109375 0.13359375
0 0.18515625 0.65078125 0.0390625 0.13125
1 0.54921875 0.81015625 0.0578125 0.1453125
7 0.68984375 0.47109375 0.3390625 0.2203125
0 0.50390625 0.46640625 0.8921875 0.459375
1 0.33984375 0.5421875 0.6796875 0.90625
