1 0.44765625 0.84609375 0.50859375 0.2953125
1 0.73359375 0.72890625 0.0625 0.0609375
7 0.36953125 0.68359375 0.43515625 0.3015625
7 0.85703125 0.6796875 0.18515625 0.2
0 0.11796875 0.7640625 0.03984375 0.115625
0 0.065625 0.7125 0.01875 0.021875
0 0.05546875 0.765625 0.03125 0.096875
0 0.12890625 0.721875 0.02109375 0.034375
0 0.16953125 0.7515625 0.04765625 0.13125
0 0.696875 0.72578125 0.01875 0.0453125
0 0.69921875 0.703125 0.01484375 0.015625
0 0.08671875 0.76015625 0.03515625 0.1015625
7 0.60625 0.66015625 0.09609375 0.1015625
0 0.02734375 0.7546875 0.0375 0.096875
0 0.05 0.71015625 0.025 0.0265625
7 0.96796875 0.6828125 0.05625 0.0875
0 0.06328125 0.72421875 0.01875 0.0203125
0 0.67890625 0.7265625 0.025 0.04375
0 0.97421875 0.75234375 0.04765625 0.2734375
0 0.47890625 0.70390625 0.9578125 0.2453125
