0 0.4125 0.94453125 0.040625 0.10625
0 0.21328125 0.91171875 0.0296875 0.06796875
1 0.1125 0.87734375 0.0375 0.0375
12 0.653125 0.90625 0.103125 0.075
0 0.290625 0.89609375 0.009375 0.0421875
0 0.31484375 0.89296875 0.0109375 0.03984375
0 0.515625 0.92109375 0.009375 0.04453125
0 0.3671875 0.9 0.0125 0.04921875
0 0.3828125 0.8984375 0.0125 0.0609375
0 0.47890625 0.91875 0.0171875 0.05859375
0 0.6625 0.91640625 0.015625 0.06796875
0 0.25625 0.91171875 0.015625 0.08671875
0 0.04296875 0.89765625 0.0359375 0.07734375
0 0.30859375 0.9234375 0.0140625 0.03984375
0 0.2765625 0.9015625 0.009375 0.0328125
0 0.328125 0.91796875 0.65625 0.15546875
