13 0.375 0.2921875 0.01796875 0.1453125
13 0.2421875 0.31484375 0.02109375 0.1609375
13 0.325 0.28828125 0.021875 0.11484375
15 0.31875 0.36328125 0.06328125 0.18125
15 0.51171875 0.453125 0.09296875 0.25625
0 0.65625 0.1234375 0.04921875 0.178125
10 0.40625 0.2015625 0.00859375 0.05859375
1 0.04375 0.13359375 0.08359375 0.0484375
0 0.28828125 0.103125 0.01953125 0.06875
0 0.47421875 0.1046875 0.0203125 0.11328125
1 0.35625 0.10859375 0.02578125 0.0515625
1 0.096875 0.12109375 0.0609375 0.05
13 0.1015625 0.24296875 0.01015625 0.06640625
13 0.7359375 0.4515625 0.0328125 0.56171875
