1 0.50625 0.5734375 0.05625 0.05
1 0.60390625 0.57578125 0.0484375 0.0875
1 0.7375 0.584375 0.05 0.08046875
12 0.79453125 0.56875 0.0703125 0.11171875
0 0.6546875 0.66875 0.084375 0.40625
0 0.3421875 0.6734375 0.09375 0.37265625
0 0.096875 0.62109375 0.040625 0.2734375
0 0.89765625 0.6328125 0.0546875 0.23515625
0 0.1875 0.55234375 0.021875 0.059375
0 0.4421875 0.54765625 0.028125 0.078125
1 0.946875 0.57578125 0.1 0.13046875
1 0.84140625 0.584375 0.0765625 0.090625
1 0.99140625 0.590625 0.0140625 0.10234375
0 0.11328125 0.565625 0.0234375 0.109375
1 0.1484375 0.54765625 0.025 0.0359375
1 0.2828125 0.559375 0.021875 0.02578125
12 0.375 0.5296875 0.11875 0.1140625
0 0.16484375 0.55234375 0.0234375 0.059375
0 0.41015625 0.69140625 0.0640625 0.31328125
1 0.2515625 0.575 0.01875 0.03359375
1 0.271875 0.57109375 0.015625 0.02578125
10 0.94609375 0.2875 0.0296875 0.4421875
10 0.54921875 0.30625 0.0296875 0.575
10 0.3234375 0.31328125 0.01875 0.2140625
