1 0.8171875 0.4796875 0.1 0.08671875
1 0.8546875 0.44921875 0.04375 0.10078125
12 0.81171875 0.40859375 0.1296875 0.140625
0 0.13828125 0.49375 0.1453125 0.5796875
0 0.34296875 0.5015625 0.0546875 0.21328125
0 0.05390625 0.48125 0.0609375 0.159375
0 0.37578125 0.45625 0.0234375 0.04921875
6 0.04765625 0.565625 0.0953125 0.0984375
0 0.70234375 0.66328125 0.0703125 0.303125
0 0.75078125 0.42265625 0.0328125 0.196875
0 0.32734375 0.4296875 0.0140625 0.01875
6 0.065625 0.54140625 0.0875 0.17578125
10 0.81015625 0.259375 0.0328125 0.51875
15 0.221875 0.54453125 0.03125 0.0703125
