1 0.72421875 0.56640625 0.1359375 0.0875
1 0.17734375 0.53984375 0.0171875 0.01640625
12 0.3734375 0.54453125 0.353125 0.40625
0 0.55 0.64765625 0.096875 0.32109375
0 0.75078125 0.75390625 0.0578125 0.2625
0 0.87109375 0.65625 0.1359375 0.49140625
1 0.096875 0.52734375 0.009375 0.0125
1 0.10234375 0.525 0.0046875 0.00859375
1 0.1375 0.53828125 0.015625 0.01484375
1 0.90859375 0.56328125 0.1796875 0.48515625
1 0.1515625 0.54140625 0.009375 0.00859375
1 0.15234375 0.525 0.0109375 0.00859375
12 0.909375 0.5625 0.178125 0.50859375
