1 0.303125 0.77734375 0.1125 0.125
1 0.3796875 0.72578125 0.0375 0.02734375
1 0.49921875 0.76953125 0.1609375 0.23125
1 0.784375 0.83984375 0.425 0.31640625
7 0.8578125 0.61875 0.28125 0.3625
1 0.59609375 0.72421875 0.0390625 0.05625
12 0.13359375 0.78125 0.2390625 0.27109375
1 0.2484375 0.72109375 0.034375 0.03359375
1 0.40390625 0.73125 0.0109375 0.01640625
1 0.284375 0.70546875 0.040625 0.01875
1 0.40625 0.71484375 0.03125 0.02890625
10 0.06640625 0.29296875 0.0296875 0.58515625
10 0.85859375 0.225 0.0359375 0.42890625
10 0.74921875 0.35390625 0.0296875 0.34609375
