10 0.92890625 0.35 0.0546875 0.3765625
1 0.8546875 0.66015625 0.2890625 0.26796875
1 0.678125 0.575 0.1140625 0.096875
1 0.2203125 0.6546875 0.27578125 0.17109375
1 0.525 0.50703125 0.0234375 0.0171875
1 0.571875 0.51875 0.034375 0.0375
1 0.240625 0.53984375 0.08828125 0.0453125
0 0.4671875 0.51640625 0.009375 0.03046875
0 0.5359375 0.5296875 0.01875 0.034375
0 0.67890625 0.51484375 0.0171875 0.0265625
1 0.628125 0.54453125 0.06875 0.053125
0 0.7421875 0.5265625 0.02109375 0.046875
0 0.771875 0.52109375 0.0109375 0.04375
1 0.73125 0.51171875 0.05703125 0.0296875
1 0.65 0.5125 0.05 0.025
1 0.6 0.5296875 0.053125 0.03828125
1 0.48515625 0.5109375 0.025 0.021875
0 0.44921875 0.51640625 0.01171875 0.0265625
1 0.371875 0.51875 0.040625 0.025
1 0.096875 0.55390625 0.0984375 0.04765625
7 0.528125 0.48984375 0.0171875 0.0171875
1 0.50546875 0.4984375 0.0140625 0.01171875
1 0.5578125 0.50078125 0.01875 0.015625
10 0.590625 0.446875 0.00859375 0.10703125
0 0.59140625 0.50546875 0.009375 0.01328125
1 0.665625 0.496875 0.028125 0.021875
0 0.68125 0.5015625 0.00859375 0.0140625
7 0.4296875 0.49296875 0.065625 0.02578125
10 0.4234375 0.5078125 0.00390625 0.028125
1 0.40546875 0.5140625 0.01484375 0.0203125
1 0.2921875 0.5234375 0.03515625 0.02578125
1 0.32890625 0.51875 0.0421875 0.021875
