1 0.1140625 0.31015625 0.2125 0.33046875
1 0.16015625 0.06328125 0.1109375 0.1125
0 0.02890625 0.51953125 0.0578125 0.328125
0 0.7140625 0.2703125 0.059375 0.24609375
0 0.7765625 0.29296875 0.0875 0.3234375
0 0.45234375 0.2796875 0.0703125 0.35859375
0 0.190625 0.39453125 0.04375 0.27890625
0 0.62265625 0.578125 0.3109375 0.81015625
0 0.75625 0.54296875 0.071875 0.4125
17 0.296875 0.7625 0.090625 0.32578125
17 0.321875 0.39140625 0.040625 0.1640625
0 0.5078125 0.08515625 0.046875 0.16640625
0 0.46015625 0.09140625 0.0296875 0.1078125
1 0.14609375 0.13203125 0.1328125 0.06328125
0 0.41875 0.12265625 0.0375 0.18984375
1 0.01171875 0.23515625 0.0234375 0.18515625
1 0.06640625 0.02421875 0.0703125 0.0484375
0 0.3671875 0.3234375 0.06875 0.309375
10 0.228125 0.5 0.078125 0.9953125
