0 0.23125 0.75078125 0.05 0.14375
0 0.196875 0.71875 0.021875 0.075
0 0.11171875 0.73515625 0.0203125 0.08359375
0 0.08515625 0.76171875 0.0328125 0.12265625
0 0.6828125 0.77265625 0.08125 0.2125
0 0.90234375 0.80859375 0.1921875 0.35
0 0.778125 0.76640625 0.08125 0.15859375
0 0.38203125 0.825 0.0703125 0.2625
0 0.23125 0.6875 0.0125 0.02109375
0 0.17265625 0.7125 0.0109375 0.0375
0 0.04765625 0.76796875 0.0296875 0.11484375
0 0.76484375 0.68984375 0.0234375 0.025
0 0.34140625 0.75 0.0421875 0.13359375
0 0.43203125 0.825 0.7515625 0.28359375
