1 0.796875 0.8265625 0.09140625 0.121875
1 0.95234375 0.75 0.0828125 0.075
1 0.78046875 0.4625 0.0328125 0.03125
1 0.73046875 0.46171875 0.02890625 0.0234375
1 0.49375 0.7359375 0.08515625 0.084375
1 0.7890625 0.42109375 0.025 0.0203125
1 0.9171875 0.39140625 0.02109375 0.0140625
0 0.8671875 0.49140625 0.0125 0.0328125
0 0.6984375 0.553125 0.01484375 0.028125
1 0.978125 0.48203125 0.03515625 0.0265625
12 0.76796875 0.61640625 0.11171875 0.1140625
12 0.8046875 0.3515625 0.01875 0.034375
1 0.80625 0.97109375 0.1140625 0.0484375
1 0.78359375 0.4421875 0.03515625 0.021875
1 0.7171875 0.415625 0.01875 0.025
1 0.75078125 0.40546875 0.0265625 0.0234375
7 0.93671875 0.63203125 0.0890625 0.0921875
0 0.67421875 0.5 0.01484375 0.021875
0 0.7109375 0.378125 0.00625 0.0125
1 0.55078125 0.6484375 0.0703125 0.05625
12 0.78671875 0.33671875 0.01640625 0.0140625
1 0.778125 0.48125 0.43515625 0.4
