12 0.54296875 0.51875 0.5015625 0.6375
0 0.0859375 0.48359375 0.01875 0.10390625
0 0.17578125 0.47734375 0.0328125 0.11640625
0 0.19921875 0.47265625 0.0328125 0.10859375
0 0.2265625 0.478125 0.028125 0.11875
0 0.0703125 0.48125 0.025 0.10390625
0 0.0390625 0.47890625 0.021875 0.1
0 0.9171875 0.47890625 0.0375 0.125
0 0.109375 0.484375 0.025 0.09765625
0 0.95234375 0.47578125 0.0328125 0.13125
0 0.41640625 0.37109375 0.0984375 0.12890625
0 0.01171875 0.48359375 0.0234375 0.08359375
0 0.053125 0.48203125 0.021875 0.10625
0 0.64453125 0.37734375 0.0984375 0.13359375
0 0.6140625 0.48125 0.7375 0.11640625
10 0.14296875 0.31328125 0.0609375 0.6265625
