1 0.42890625 0.81015625 0.1546875 0.08359375
1 0.20390625 0.88203125 0.3171875 0.1859375
0 0.23203125 0.86640625 0.0578125 0.2046875
0 0.565625 0.7890625 0.015625 0.0625
0 0.7234375 0.77734375 0.0125 0.02734375
12 0.72578125 0.79453125 0.1859375 0.1234375
0 0.28046875 0.8578125 0.0359375 0.18828125
0 0.975 0.74921875 0.009375 0.0125
1 0.9578125 0.78984375 0.08125 0.11875
1 0.06875 0.8109375 0.1375 0.06875
1 0.7265625 0.79296875 0.1875 0.12109375
1 0.0640625 0.875 0.128125 0.1375
1 0.31015625 0.8328125 0.1328125 0.0921875
1 0.915625 0.79453125 0.10625 0.0859375
0 0.8140625 0.76328125 0.01875 0.06015625
0 0.78984375 0.76640625 0.0203125 0.05390625
15 0.85703125 0.86015625 0.0265625 0.07109375
