1 0.60625 0.46953125 0.228125 0.2046875
1 0.7953125 0.390625 0.053125 0.0890625
1 0.1265625 0.36015625 0.178125 0.15078125
1 0.80859375 0.3765625 0.0578125 0.084375
0 0.86328125 0.44453125 0.0671875 0.29609375
12 0.4609375 0.35625 0.509375 0.265625
0 0.90078125 0.4 0.0296875 0.15078125
0 0.9125 0.384375 0.01875 0.1015625
0 0.9453125 0.36015625 0.0125 0.05625
0 0.29921875 0.27734375 0.0359375 0.0609375
0 0.45390625 0.29609375 0.0234375 0.0375
0 0.43671875 0.2890625 0.0234375 0.0515625
12 0.8203125 0.32578125 0.065625 0.07265625
17 0.64296875 0.57265625 0.0390625 0.1671875
0 0.93125 0.35625 0.015625 0.05859375
10 0.4859375 0.42265625 0.03125 0.80703125
15 0.93984375 0.50390625 0.0453125 0.0984375
14 0.80859375 0.56484375 0.0765625 0.15546875
