0 0.88828125 0.62265625 0.0265625 0.021875
0 0.828125 0.60078125 0.01484375 0.0296875
0 0.80859375 0.62421875 0.01796875 0.015625
1 0.6734375 0.5078125 0.01484375 0.01171875
1 0.68671875 0.48203125 0.0359375 0.01171875
1 0.6953125 0.528125 0.01796875 0.015625
0 0.84140625 0.621875 0.02421875 0.0203125
0 0.91015625 0.62265625 0.01171875 0.0140625
1 0.6625 0.55 0.02421875 0.01171875
1 0.675 0.51875 0.01796875 0.0140625
1 0.68984375 0.46484375 0.0296875 0.00625
12 0.7640625 0.59921875 0.1015625 0.034375
12 0.75546875 0.57421875 0.05390625 0.015625
0 0.92265625 0.62578125 0.01171875 0.0078125
1 0.72421875 0.50625 0.02109375 0.01171875
1 0.71953125 0.57890625 0.059375 0.01015625
1 0.6375 0.59609375 0.0390625 0.0203125
1 0.665625 0.53828125 0.02421875 0.01171875
10 0.12109375 0.275 0.04453125 0.38984375
