1 0.17734375 0.51796875 0.1796875 0.12265625
12 0.86015625 0.43984375 0.2265625 0.228125
0 0.2 0.6265625 0.16875 0.5796875
0 0.678125 0.490625 0.03125 0.18359375
0 0.7796875 0.49140625 0.03125 0.15859375
0 0.909375 0.484375 0.046875 0.1953125
0 0.53203125 0.4875 0.0234375 0.1390625
0 0.5109375 0.49140625 0.01875 0.125
0 0.4140625 0.45546875 0.025 0.05859375
0 0.38984375 0.43984375 0.0328125 0.078125
0 0.3671875 0.49296875 0.025 0.15078125
0 0.41875 0.484375 0.034375 0.1390625
1 0.97734375 0.47734375 0.0390625 0.17578125
0 0.33046875 0.63671875 0.1671875 0.59296875
0 0.93203125 0.484375 0.0453125 0.1890625
10 0.54921875 0.32734375 0.0328125 0.46484375
15 0.096875 0.91640625 0.046875 0.16171875
15 0.45625 0.96640625 0.0375 0.0609375
