0 0.52421875 0.975 0.015625 0.0453125
0 0.46015625 0.96953125 0.0203125 0.05078125
0 0.24765625 0.96171875 0.02421875 0.06640625
1 0.29296875 0.84921875 0.0296875 0.02421875
7 0.59375 0.86796875 0.1203125 0.05625
0 0.29375 0.9734375 0.028125 0.04765625
0 0.2578125 0.95703125 0.015625 0.04765625
0 0.49921875 0.971875 0.02578125 0.0453125
0 0.953125 0.97890625 0.02578125 0.0375
0 0.60625 0.97578125 0.0203125 0.04296875
0 0.31796875 0.96796875 0.028125 0.05859375
0 0.83828125 0.89765625 0.0203125 0.01875
0 0.0140625 0.96796875 0.015625 0.053125
0 0.54375 0.984375 0.01171875 0.02109375
0 0.659375 0.975 0.02578125 0.0453125
12 0.48203125 0.86796875 0.071875 0.0453125
