7 0.62734375 0.421875 0.2390625 0.40078125
0 0.1765625 0.725 0.10625 0.48515625
0 0.32265625 0.51015625 0.0234375 0.10703125
0 0.8484375 0.48515625 0.04375 0.05625
0 0.07265625 0.4828125 0.0171875 0.065625
0 0.3984375 0.46015625 0.015625 0.04453125
0 0.053125 0.5 0.01875 0.0953125
0 0.45234375 0.459375 0.0078125 0.0328125
12 0.625 0.440625 0.234375 0.35859375
0 0.35625 0.4734375 0.0125 0.046875
0 0.7828125 0.47890625 0.025 0.05390625
0 0.1484375 0.51484375 0.028125 0.0703125
0 0.14140625 0.478125 0.0171875 0.065625
9 0.3953125 0.50234375 0.028125 0.06796875
0 0.16796875 0.49765625 0.0203125 0.1
