9 0.24296875 0.890625 0.0328125 0.1015625
9 0.15625 0.93515625 0.040625 0.09140625
12 0.70078125 0.84140625 0.1703125 0.2234375
12 0.8921875 0.7046875 0.18125 0.2046875
0 0.2421875 0.80703125 0.04375 0.0984375
0 0.15703125 0.8796875 0.0484375 0.15078125
0 0.26796875 0.5796875 0.0421875 0.08671875
0 0.8765625 0.66796875 0.05625 0.0515625
0 0.921875 0.6578125 0.03125 0.06796875
0 0.9453125 0.66796875 0.071875 0.0609375
0 0.0328125 0.2765625 0.015625 0.06328125
1 0.57890625 0.665625 0.1265625 0.14609375
1 0.73515625 0.57890625 0.1234375 0.13203125
1 0.440625 0.85546875 0.159375 0.190625
1 0.16328125 0.6953125 0.1328125 0.2
1 0.6203125 0.43515625 0.075 0.10859375
1 0.9421875 0.44453125 0.0875 0.14609375
1 0.91171875 0.4234375 0.0765625 0.11796875
1 0.478125 0.5015625 0.05 0.11328125
1 0.32890625 0.54609375 0.0765625 0.12734375
12 0.97421875 0.15859375 0.0453125 0.115625
0 0.15234375 0.0859375 0.0109375 0.03046875
0 0.16015625 0.0515625 0.0078125 0.0234375
0 0.15546875 0.82578125 0.0578125 0.084375
0 0.921875 0.36015625 0.025 0.0234375
1 0.159375 0.471875 0.090625 0.1296875
9 0.2671875 0.6203125 0.04375 0.1109375
0 0.284375 0.0796875 0.0125 0.0234375
1 0.325 0.228125 0.046875 0.065625
12 0.96640625 0.465625 0.0640625 0.16015625
12 0.1875 0.04453125 0.025 0.0515625
9 0.15390625 0.09765625 0.0078125 0.02109375
12 0.41015625 0.20390625 0.0578125 0.06796875
12 0.95546875 0.2953125 0.0859375 0.1109375
1 0.5390625 0.265625 0.915625 0.53125
10 0.83828125 0.24609375 0.0234375 0.48671875
