0 0.58828125 0.54453125 0.6171875 0.69375
0 0.8140625 0.546875 0.36875 0.67421875
0 0.87890625 0.42109375 0.1421875 0.615625
0 0.68671875 0.31875 0.1796875 0.41953125
0 0.4515625 0.178125 0.025 0.04453125
0 0.08046875 0.53984375 0.1609375 0.86796875
0 0.575 0.23203125 0.05625 0.1109375
0 0.15703125 0.2890625 0.0546875 0.24765625
0 0.309375 0.5609375 0.228125 0.67421875
0 0.65859375 0.2484375 0.1046875 0.3234375
0 0.6203125 0.7734375 0.209375 0.240625
8 0.134375 0.36640625 0.1 0.096875
0 0.9546875 0.28203125 0.0375 0.171875
0 0.53671875 0.19921875 0.0421875 0.1015625
