1 0.80234375 0.603125 0.1234375 0.08203125
1 0.75078125 0.5734375 0.0359375 0.0328125
0 0.6484375 0.51953125 0.18125 0.4734375
0 0.484375 0.73046875 0.2125 0.51953125
1 0.92890625 0.55703125 0.0421875 0.028125
1 0.89765625 0.5609375 0.0140625 0.00703125
1 0.87109375 0.55625 0.0453125 0.02109375
1 0.84375 0.55859375 0.03125 0.02109375
1 0.79296875 0.55234375 0.0234375 0.0140625
0 0.3984375 0.51953125 0.121875 0.50078125
0 0.98359375 0.56640625 0.0171875 0.0703125
1 0.953125 0.5546875 0.025 0.0328125
1 0.90703125 0.55625 0.0109375 0.01171875
