7 0.10703125 0.459375 0.0640625 0.06015625
12 0.57421875 0.496875 0.7296875 0.49765625
0 0.20546875 0.51796875 0.0234375 0.08984375
0 0.159375 0.52109375 0.034375 0.09609375
0 0.13984375 0.51796875 0.0234375 0.08515625
0 0.12265625 0.52265625 0.0203125 0.0875
0 0.01328125 0.5125 0.0265625 0.09609375
0 0.034375 0.51171875 0.021875 0.09375
0 0.9546875 0.61796875 0.0875 0.30625
0 0.34296875 0.421875 0.0265625 0.04375
0 0.17265625 0.51875 0.0203125 0.09609375
0 0.0421875 0.51484375 0.03125 0.075
0 0.0984375 0.52578125 0.0375 0.09765625
7 0.190625 0.47421875 0.103125 0.07265625
7 0.20078125 0.42578125 0.0828125 0.02734375
0 0.0828125 0.51640625 0.034375 0.09140625
