1 0.16796875 0.559375 0.2171875 0.15234375
1 0.784375 0.49765625 0.09375 0.09609375
1 0.64453125 0.496875 0.0890625 0.08984375
1 0.30546875 0.53671875 0.2328125 0.165625
0 0.10625 0.68203125 0.209375 0.60703125
0 0.28046875 0.584375 0.0890625 0.2109375
0 0.43828125 0.56875 0.0953125 0.25546875
0 0.559375 0.50703125 0.03125 0.1109375
0 0.571875 0.49375 0.021875 0.09609375
0 0.6015625 0.49296875 0.021875 0.0859375
0 0.6921875 0.5 0.028125 0.10078125
0 0.95078125 0.65390625 0.0953125 0.68828125
0 0.73671875 0.478125 0.0203125 0.06875
12 0.51953125 0.48046875 0.1015625 0.12734375
0 0.48828125 0.51953125 0.0453125 0.15234375
0 0.521875 0.5125 0.03125 0.13359375
1 0.39609375 0.51953125 0.0890625 0.0984375
1 0.7171875 0.48203125 0.034375 0.04375
0 0.6390625 0.515625 0.034375 0.11953125
1 0.82734375 0.48046875 0.0234375 0.05625
10 0.86171875 0.2921875 0.0328125 0.58359375
