0 0.25390625 0.6578125 0.2203125 0.67421875
0 0.3859375 0.575 0.009375 0.05859375
1 0.859375 0.72265625 0.278125 0.5265625
1 0.80078125 0.61796875 0.2015625 0.384375
1 0.7 0.59921875 0.04375 0.1078125
1 0.6140625 0.58984375 0.065625 0.0609375
1 0.42109375 0.57265625 0.0828125 0.04921875
1 0.0359375 0.57109375 0.071875 0.046875
1 0.54765625 0.58671875 0.0734375 0.05390625
1 0.60234375 0.5703125 0.0515625 0.03515625
1 0.6640625 0.596875 0.040625 0.0796875
1 0.06484375 0.56875 0.0578125 0.046875
1 0.68203125 0.6015625 0.0359375 0.0890625
10 0.55546875 0.37734375 0.0359375 0.54296875
