12 0.609375 0.59453125 0.078125 0.10234375
12 0.41171875 0.58671875 0.0953125 0.10625
0 0.065625 0.24609375 0.01875 0.05
0 0.00546875 0.0875 0.0109375 0.075
9 0.52890625 0.44609375 0.0828125 0.07109375
9 0.62578125 0.44921875 0.0765625 0.06484375
9 0.42578125 0.44765625 0.0953125 0.0625
12 0.7078125 0.45859375 0.084375 0.10859375
12 0.5125 0.590625 0.0875 0.10625
12 0.68359375 0.59765625 0.0765625 0.10859375
12 0.78828125 0.45859375 0.0859375 0.11640625
12 0.5609375 0.46484375 0.084375 0.125
12 0.6359375 0.4625 0.0875 0.125
12 0.53671875 0.59921875 0.6078125 0.21875
12 0.4203125 0.45859375 0.096875 0.125
12 0.4890625 0.459375 0.0875 0.12265625
1 0.78203125 0.59921875 0.0765625 0.10625
12 0.32578125 0.45078125 0.1265625 0.11875
0 0.08515625 0.221875 0.0171875 0.03515625
9 0.46328125 0.59375 0.0328125 0.09609375
9 0.74375 0.60234375 0.028125 0.11640625
12 0.1265625 0.53046875 0.253125 0.28984375
