1 0.5046875 0.53203125 0.41875 0.26015625
1 0.24921875 0.275 0.0828125 0.0875
1 0.3078125 0.27265625 0.05625 0.07109375
1 0.04453125 0.2625 0.0890625 0.1125
12 0.84765625 0.33828125 0.2984375 0.29765625
12 0.10546875 0.24921875 0.2046875 0.14765625
0 0.47109375 0.31171875 0.1078125 0.21875
0 0.31328125 0.396875 0.1796875 0.35625
1 0.7046875 0.265625 0.1 0.03515625
1 0.3828125 0.29375 0.1375 0.10859375
0 0.6484375 0.39453125 0.26875 0.41015625
0 0.4859375 0.23828125 0.053125 0.07734375
0 0.54609375 0.2375 0.0421875 0.07890625
