1 0.80390625 0.48828125 0.1328125 0.11015625
1 0.8765625 0.46640625 0.08125 0.07890625
1 0.90859375 0.45625 0.0421875 0.06640625
1 0.0546875 0.503125 0.109375 0.13125
12 0.37421875 0.50546875 0.7359375 0.76484375
1 0.94453125 0.425 0.0515625 0.0375
1 0.971875 0.428125 0.015625 0.03515625
0 0.94296875 0.46640625 0.0328125 0.10859375
1 0.0453125 0.45859375 0.090625 0.07109375
1 0.928125 0.43046875 0.025 0.03515625
1 0.05859375 0.42578125 0.0546875 0.01484375
1 0.08671875 0.43515625 0.0453125 0.03359375
