1 0.05078125 0.7859375 0.1015625 0.28828125
0 0.26015625 0.77890625 0.1203125 0.43828125
0 0.8875 0.58046875 0.065625 0.2203125
0 0.8015625 0.578125 0.075 0.20625
0 0.73125 0.5921875 0.05625 0.215625
0 0.675 0.55234375 0.046875 0.0984375
0 0.540625 0.56171875 0.053125 0.103125
0 0.49921875 0.56640625 0.0359375 0.0796875
0 0.64765625 0.5890625 0.0265625 0.03984375
0 0.38046875 0.565625 0.0265625 0.07734375
0 0.33125 0.57578125 0.0375 0.0703125
0 0.42890625 0.7515625 0.1421875 0.4640625
0 0.590625 0.55625 0.071875 0.09140625
0 0.13984375 0.77421875 0.2234375 0.44765625
