1 0.659375 0.58828125 0.67421875 0.77578125
1 0.92890625 0.1171875 0.11015625 0.13359375
17 0.16328125 0.52265625 0.0859375 0.271875
1 0.32265625 0.1109375 0.0703125 0.0984375
1 0.24375 0.1078125 0.028125 0.034375
1 0.1203125 0.12109375 0.04765625 0.05078125
1 0.03515625 0.14375 0.05390625 0.12265625
1 0.0796875 0.13203125 0.03984375 0.06640625
1 0.2109375 0.1078125 0.034375 0.03984375
1 0.15390625 0.1171875 0.03984375 0.04765625
1 0.271875 0.1078125 0.03203125 0.02421875
1 0.18125 0.1109375 0.034375 0.0453125
1 0.38203125 0.12421875 0.115625 0.10390625
