6 0.52578125 0.84453125 0.1796875 0.30625
6 0.37578125 0.75078125 0.0921875 0.28671875
6 0.13125 0.79375 0.115625 0.36328125
6 0.18828125 0.575 0.0265625 0.13359375
1 0.58515625 0.4875 0.0265625 0.140625
1 0.97734375 0.59375 0.0421875 0.13125
7 0.37890625 0.3890625 0.3828125 0.3578125
0 0.115625 0.634375 0.1625 0.5234375
0 0.4484375 0.47265625 0.0625 0.2046875
0 0.528125 0.6296875 0.190625 0.50859375
0 0.3734375 0.58125 0.10625 0.39765625
0 0.1859375 0.48984375 0.05 0.18046875
0 0.77578125 0.47890625 0.0390625 0.13828125
0 0.84296875 0.47421875 0.0296875 0.10859375
0 0.82578125 0.4578125 0.0234375 0.1109375
0 0.69140625 0.4515625 0.0265625 0.11328125
6 0.05 0.7234375 0.025 0.1578125
6 0.4375 0.71953125 0.028125 0.10625
0 0.05859375 0.53671875 0.0640625 0.33359375
0 0.86171875 0.49296875 0.0359375 0.13125
0 0.9140625 0.49296875 0.040625 0.1359375
7 0.0796875 0.34453125 0.159375 0.27421875
