1 0.7328125 0.5296875 0.165625 0.30546875
1 0.359375 0.4640625 0.053125 0.0484375
1 0.38203125 0.4875 0.0640625 0.065625
0 0.13984375 0.5125 0.0359375 0.1171875
6 0.14140625 0.54296875 0.0421875 0.06875
0 0.17109375 0.52265625 0.0234375 0.103125
0 0.2171875 0.50390625 0.015625 0.08828125
0 0.19609375 0.496875 0.0296875 0.06875
6 0.2171875 0.534375 0.009375 0.06875
1 0.2390625 0.50703125 0.03125 0.08828125
12 0.4578125 0.5140625 0.128125 0.17734375
0 0.4125 0.47421875 0.0125 0.0625
6 0.19453125 0.5484375 0.0078125 0.0515625
6 0.165625 0.56015625 0.01875 0.034375
0 0.165625 0.47265625 0.021875 0.0375
