15 0.6265625 0.41640625 0.0375 0.13359375
15 0.56640625 0.384375 0.03828125 0.11953125
15 0.53984375 0.35546875 0.03203125 0.103125
15 0.403125 0.3265625 0.0296875 0.0859375
15 0.34765625 0.31171875 0.025 0.0796875
13 0.37890625 0.3 0.009375 0.06640625
13 0.3203125 0.30078125 0.01171875 0.07109375
0 0.56484375 0.2234375 0.0203125 0.075
0 0.5265625 0.22890625 0.02265625 0.08984375
0 0.0328125 0.22421875 0.01328125 0.053125
0 0.01875 0.21953125 0.0140625 0.053125
0 0.82109375 0.16640625 0.05859375 0.10078125
1 0.09765625 0.2140625 0.06796875 0.04921875
13 0.2390625 0.28515625 0.0046875 0.0484375
13 0.4359375 0.29921875 0.009375 0.14453125
1 0.43828125 0.20625 0.06328125 0.0515625
