16 0.3 0.77109375 0.2 0.36796875
16 0.4890625 0.61796875 0.13828125 0.24296875
16 0.5859375 0.5328125 0.0984375 0.18828125
10 0.54609375 0.2890625 0.03203125 0.16171875
16 0.6265625 0.4765625 0.0765625 0.13984375
16 0.67265625 0.303125 0.025 0.03984375
16 0.69609375 0.30234375 0.025 0.03515625
16 0.7171875 0.3015625 0.021875 0.03671875
16 0.73828125 0.303125 0.0234375 0.03359375
16 0.45859375 0.32734375 0.0234375 0.04140625
16 0.48046875 0.3296875 0.025 0.04296875
16 0.50390625 0.3328125 0.025 0.0453125
16 0.52890625 0.3359375 0.025 0.0484375
16 0.01953125 0.3125 0.01796875 0.025
16 0.0515625 0.31328125 0.0203125 0.0265625
16 0.0796875 0.3125 0.0203125 0.025
16 0.1078125 0.31015625 0.01484375 0.0234375
16 0.77890625 0.30546875 0.01796875 0.028125
16 0.83671875 0.3078125 0.01640625 0.028125
16 0.871875 0.30859375 0.0203125 0.0296875
16 0.90546875 0.309375 0.025 0.03203125
16 0.940625 0.3109375 0.025 0.03203125
16 0.97890625 0.3109375 0.021875 0.03203125
16 0.13359375 0.3078125 0.01328125 0.025
16 0.15078125 0.31015625 0.01171875 0.0203125
16 0.2109375 0.3125 0.01484375 0.028125
16 0.225 0.3140625 0.01640625 0.028125
16 0.2390625 0.3140625 0.01796875 0.028125
16 0.2578125 0.3140625 0.01484375 0.028125
16 0.2734375 0.31640625 0.0203125 0.0296875
16 0.2921875 0.315625 0.01796875 0.03203125
16 0.3109375 0.3171875 0.01484375 0.03203125
16 0.334375 0.31953125 0.021875 0.03203125
16 0.3546875 0.31953125 0.0234375 0.03515625
16 0.3734375 0.3171875 0.0203125 0.03203125
16 0.39453125 0.32109375 0.021875 0.03828125
16 0.43515625 0.325 0.0234375 0.03984375
16 0.56953125 0.30234375 0.025 0.03203125
16 0.53046875 0.29921875 0.025 0.025
16 0.49765625 0.3015625 0.028125 0.0234375
1 0.353125 0.2828125 0.05 0.03828125
1 0.44921875 0.2765625 0.0515625 0.03359375
10 0.85390625 0.19765625 0.025 0.2453125
