1 0.25625 0.3015625 0.03984375 0.05234375
1 0.39921875 0.2953125 0.065625 0.0703125
1 0.3296875 0.2859375 0.03203125 0.04609375
0 0.74375 0.47578125 0.13203125 0.41875
0 0.9171875 0.40859375 0.09765625 0.296875
0 0.528125 0.35625 0.05234375 0.19296875
0 0.796875 0.31640625 0.0296875 0.0578125
0 0.45625 0.32890625 0.03203125 0.13125
0 0.09765625 0.33671875 0.04375 0.0671875
0 0.97265625 0.3421875 0.034375 0.134375
6 0.453125 0.7765625 0.434375 0.40390625
6 0.73984375 0.59609375 0.115625 0.28125
6 0.91484375 0.53671875 0.08203125 0.2296875
6 0.646875 0.371875 0.04609375 0.0703125
6 0.06171875 0.55703125 0.1234375 0.3140625
6 0.52578125 0.40546875 0.03203125 0.11953125
6 0.1140625 0.53359375 0.13203125 0.2171875
6 0.45625 0.365625 0.02421875 0.0828125
6 0.54921875 0.36875 0.021875 0.0890625
6 0.25234375 0.75078125 0.19609375 0.33359375
6 0.24765625 0.375 0.0359375 0.0640625
0 0.55 0.2953125 0.02421875 0.0578125
0 0.615625 0.31640625 0.015625 0.0703125
0 0.64375 0.30546875 0.0203125 0.0609375
0 0.6703125 0.30546875 0.028125 0.04921875
0 0.3359375 0.2984375 0.03203125 0.0765625
6 0.9671875 0.47265625 0.06171875 0.0765625
1 0.26328125 0.290625 0.034375 0.04921875
0 0.57265625 0.3421875 0.021875 0.134375
6 0.62578125 0.728125 0.1359375 0.2140625
6 0.45 0.60546875 0.82421875 0.61796875
0 0.48984375 0.30859375 0.94765625 0.12265625
