6 0.81015625 0.65 0.06796875 0.13203125
0 0.81171875 0.5265625 0.0921875 0.30546875
1 0.49765625 0.4015625 0.028125 0.0296875
1 0.55625 0.40703125 0.05625 0.0296875
12 0.08828125 0.48671875 0.17578125 0.3140625
1 0.95 0.41015625 0.015625 0.0296875
0 0.68984375 0.528125 0.14375 0.428125
6 0.675 0.7484375 0.134375 0.2515625
1 0.45 0.41640625 0.02421875 0.0296875
1 0.46484375 0.40546875 0.034375 0.0328125
1 0.84375 0.45390625 0.03203125 0.0625
1 0.77734375 0.4265625 0.02578125 0.0390625
13 0.1953125 0.47578125 0.03828125 0.45546875
10 0.65625 0.18984375 0.021875 0.3796875
