1 0.315625 0.8 0.1078125 0.125
1 0.39375 0.765625 0.0796875 0.0984375
1 0.040625 0.84375 0.08125 0.1375
1 0.9859375 0.75390625 0.02421875 0.06875
1 0.8671875 0.71171875 0.0421875 0.04453125
12 0.31484375 0.6921875 0.14609375 0.1671875
12 0.16484375 0.8265625 0.21796875 0.20859375
1 0.459375 0.71171875 0.0421875 0.02109375
1 0.90625 0.7265625 0.0359375 0.04453125
1 0.94765625 0.728125 0.06015625 0.07734375
1 0.45234375 0.74609375 0.0640625 0.065625
1 0.5796875 0.7046875 0.028125 0.0296875
10 0.55234375 0.671875 0.02421875 0.3640625
