6 0.16171875 0.4671875 0.0453125 0.13125
1 0.89609375 0.6140625 0.1984375 0.2703125
1 0.05625 0.4484375 0.1125 0.1265625
0 0.7203125 0.5140625 0.153125 0.54921875
0 0.2953125 0.4796875 0.06875 0.2984375
0 0.45546875 0.46484375 0.0171875 0.075
0 0.4390625 0.46328125 0.021875 0.08203125
0 0.40390625 0.46328125 0.0171875 0.07265625
0 0.33359375 0.4671875 0.0203125 0.1171875
0 0.1609375 0.4484375 0.04375 0.09375
7 0.1203125 0.42109375 0.240625 0.12421875
10 0.66171875 0.340625 0.0609375 0.67109375
15 0.2046875 0.5375 0.0375 0.09375
15 0.23203125 0.525 0.0265625 0.07734375
