8 0.2875 0.51328125 0.4125 0.321875
0 0.6703125 0.4 0.1296875 0.128125
0 0.55546875 0.665625 0.8765625 0.515625
0 0.0484375 0.440625 0.09609375 0.234375
0 0.14453125 0.48203125 0.15625 0.171875
0 0.790625 0.44375 0.19609375 0.16015625
0 0.490625 0.46171875 0.10859375 0.08828125
0 0.921875 0.446875 0.14453125 0.1578125
0 0.26484375 0.465625 0.1265625 0.15625
0 0.3375 0.39296875 0.078125 0.0578125
0 0.5890625 0.375 0.11171875 0.065625
0 0.50625 0.39296875 0.06015625 0.07421875
0 0.14609375 0.3859375 0.0515625 0.0359375
0 0.23671875 0.40625 0.0328125 0.05625
