0 0.271875 0.9640625 0.03203125 0.06171875
0 0.39375 0.9828125 0.03203125 0.0296875
0 0.35 0.92421875 0.015625 0.03984375
0 0.85703125 0.95703125 0.01796875 0.05859375
0 0.29921875 0.9703125 0.05390625 0.053125
12 0.071875 0.9015625 0.05234375 0.04296875
0 0.92109375 0.95625 0.01015625 0.01875
0 0.71171875 0.94375 0.01171875 0.053125
0 0.121875 0.91171875 0.015625 0.04765625
0 0.9671875 0.91484375 0.00625 0.02109375
0 0.8390625 0.965625 0.021875 0.053125
0 0.82109375 0.946875 0.01015625 0.0375
0 0.76796875 0.953125 0.0078125 0.03984375
0 0.0546875 0.96015625 0.065625 0.075
0 0.49765625 0.91484375 0.9953125 0.1171875
