1 0.3734375 0.84921875 0.16875 0.18125
1 0.6890625 0.809375 0.06875 0.04375
12 0.84296875 0.86640625 0.3109375 0.22890625
0 0.34453125 0.884375 0.0734375 0.22734375
0 0.4640625 0.86953125 0.071875 0.25625
0 0.5515625 0.87109375 0.071875 0.22890625
0 0.58046875 0.86875 0.0234375 0.12890625
0 0.61484375 0.83203125 0.0203125 0.08125
0 0.1703125 0.83984375 0.034375 0.125
0 0.0640625 0.84453125 0.021875 0.13984375
0 0.07890625 0.865625 0.0359375 0.14765625
0 0.03359375 0.86796875 0.0453125 0.13984375
0 0.6484375 0.84375 0.025 0.11640625
0 0.015625 0.846875 0.03125 0.14765625
0 0.20703125 0.84140625 0.0234375 0.10859375
1 0.28125 0.85390625 0.05625 0.08359375
12 0.68828125 0.80703125 0.0640625 0.03984375
0 0.3015625 0.80078125 0.021875 0.04375
1 0.83046875 0.821875 0.0765625 0.01484375
1 0.51328125 0.85234375 0.0390625 0.075
1 0.60703125 0.803125 0.0109375 0.01484375
1 0.81328125 0.81484375 0.1203125 0.02109375
0 0.3953125 0.840625 0.721875 0.12265625
