1 0.934375 0.7234375 0.078125 0.2140625
7 0.51640625 0.475 0.2359375 0.66640625
0 0.66875 0.675 0.05 0.178125
0 0.79609375 0.6140625 0.0421875 0.121875
0 0.01171875 0.71796875 0.0234375 0.31953125
0 0.3859375 0.64296875 0.028125 0.16953125
0 0.7328125 0.60546875 0.05 0.10546875
0 0.97890625 0.6984375 0.0390625 0.4640625
0 0.7625 0.5984375 0.03125 0.11953125
0 0.91484375 0.6234375 0.0234375 0.09140625
0 0.94453125 0.59453125 0.0265625 0.071875
0 0.678125 0.61796875 0.01875 0.09140625
0 0.70546875 0.603125 0.0171875 0.09453125
12 0.93828125 0.66796875 0.0859375 0.31953125
0 0.73984375 0.59296875 0.0203125 0.1140625
0 0.759375 0.6 0.01875 0.1109375
0 0.65859375 0.5734375 0.3703125 0.175
