7 0.7390625 0.2296875 0.28125 0.153125
0 0.6390625 0.628125 0.2734375 0.209375
0 0.65859375 0.596875 0.30625 0.23125
0 0.60625 0.4953125 0.22421875 0.134375
0 0.478125 0.43828125 0.13125 0.1734375
0 0.52578125 0.74375 0.259375 0.165625
0 0.4 0.4015625 0.10625 0.16875
0 0.2078125 0.43359375 0.11484375 0.0921875
0 0.13671875 0.44765625 0.14765625 0.0671875
0 0.32109375 0.36015625 0.10078125 0.0890625
1 0.19921875 0.68515625 0.3984375 0.1984375
0 0.54765625 0.4453125 0.13359375 0.121875
0 0.27734375 0.2890625 0.0515625 0.046875
0 0.39765625 0.284375 0.040625 0.034375
1 0.17109375 0.590625 0.34140625 0.128125
1 0.184375 0.57109375 0.36875 0.1859375
1 0.040625 0.45859375 0.08125 0.0453125
1 0.7796875 0.44921875 0.2703125 0.1796875
1 0.85 0.478125 0.13125 0.203125
1 0.58203125 0.33984375 0.21328125 0.0890625
1 0.9265625 0.4578125 0.1421875 0.325
1 0.4015625 0.3109375 0.14765625 0.01875
1 0.11640625 0.38984375 0.23203125 0.0453125
1 0.7203125 0.4109375 0.2265625 0.1375
1 0.11484375 0.33984375 0.2296875 0.0796875
0 0.5015625 0.35703125 0.084375 0.0671875
1 0.9484375 0.678125 0.0984375 0.30625
0 0.5546875 0.33828125 0.81953125 0.3109375
1 0.49765625 0.5046875 0.99453125 0.94375
