0 0.6078125 0.425 0.228125 0.50390625
0 0.9046875 0.61875 0.121875 0.2
0 0.778125 0.41640625 0.08125 0.20390625
0 0.90859375 0.43203125 0.0984375 0.26484375
0 0.22265625 0.48671875 0.0484375 0.09765625
0 0.159375 0.51328125 0.053125 0.06484375
0 0.08046875 0.49765625 0.0640625 0.10390625
0 0.275 0.46796875 0.065625 0.10234375
0 0.44921875 0.46796875 0.0328125 0.06484375
0 0.83359375 0.409375 0.0421875 0.14765625
0 0.36171875 0.47421875 0.0234375 0.08515625
0 0.04140625 0.51484375 0.0515625 0.10390625
6 0.746875 0.575 0.084375 0.1875
1 0.29765625 0.453125 0.1359375 0.08515625
0 0.01640625 0.53125 0.0328125 0.0625
0 0.48359375 0.44375 0.9671875 0.22109375
10 0.38359375 0.253125 0.0578125 0.50625
9 0.61328125 0.52578125 0.2359375 0.49375
