1 0.021875 0.6640625 0.04375 0.30703125
9 0.67421875 0.6453125 0.2265625 0.45234375
9 0.48125 0.36328125 0.096875 0.159375
9 0.4015625 0.32109375 0.078125 0.1359375
9 0.33515625 0.2765625 0.0703125 0.140625
9 0.17890625 0.25390625 0.0390625 0.09609375
12 0.05 0.1625 0.08125 0.15703125
0 0.58203125 0.23984375 0.0390625 0.14765625
0 0.478125 0.2609375 0.06875 0.08671875
0 0.11640625 0.19296875 0.0328125 0.10546875
0 0.18046875 0.18984375 0.0359375 0.05625
0 0.4828125 0.2015625 0.021875 0.0984375
0 0.871875 0.271875 0.034375 0.1546875
0 0.82578125 0.25859375 0.0484375 0.15234375
0 0.67734375 0.35625 0.1578125 0.215625
0 0.98984375 0.26796875 0.0171875 0.15234375
0 0.33125 0.2109375 0.040625 0.075
0 0.37265625 0.1859375 0.0234375 0.07265625
0 0.10546875 0.1953125 0.0171875 0.09140625
0 0.9296875 0.2796875 0.0375 0.14296875
0 0.521875 0.24140625 0.9375 0.234375
