6 0.96328125 0.59921875 0.0671875 0.159375
1 0.28203125 0.5703125 0.2484375 0.12421875
1 0.92265625 0.490625 0.0515625 0.06796875
12 0.64296875 0.565625 0.4890625 0.6390625
0 0.09140625 0.53828125 0.0265625 0.0984375
0 0.06640625 0.54296875 0.0328125 0.103125
12 0.3703125 0.49765625 0.11875 0.13359375
0 0.00703125 0.540625 0.0140625 0.046875
0 0.0421875 0.540625 0.009375 0.0515625
0 0.03203125 0.53984375 0.0109375 0.04921875
0 0.24453125 0.52421875 0.0203125 0.0375
17 0.14375 0.56328125 0.021875 0.04921875
0 0.01640625 0.53828125 0.0140625 0.05625
