12 0.471875 0.32890625 0.134375 0.08671875
0 0.80703125 0.896875 0.0765625 0.178125
0 0.49765625 0.89921875 0.0484375 0.196875
0 0.55390625 0.803125 0.0671875 0.1078125
0 0.278125 0.5265625 0.034375 0.1125
0 0.92734375 0.88203125 0.0640625 0.08671875
0 0.1484375 0.546875 0.04375 0.11953125
0 0.2703125 0.8359375 0.065625 0.3
0 0.9765625 0.896875 0.04375 0.178125
0 0.53671875 0.5140625 0.0484375 0.11953125
0 0.04375 0.753125 0.075 0.23671875
9 0.278125 0.5796875 0.034375 0.10078125
9 0.23984375 0.55859375 0.0546875 0.10546875
9 0.81640625 0.38203125 0.0296875 0.0703125
9 0.61484375 0.43359375 0.0484375 0.065625
9 0.7328125 0.40625 0.06875 0.08203125
9 0.69140625 0.403125 0.0421875 0.084375
0 0.453125 0.89140625 0.059375 0.21328125
0 0.059375 0.92734375 0.11875 0.140625
9 0.10703125 0.5609375 0.0265625 0.09609375
9 0.2671875 0.5265625 0.015625 0.046875
0 0.40078125 0.5234375 0.0515625 0.13359375
12 0.52421875 0.36875 0.1234375 0.04921875
9 0.4921875 0.57578125 0.06875 0.1359375
9 0.54140625 0.55390625 0.0703125 0.11484375
9 0.31875 0.60546875 0.071875 0.12421875
9 0.40625 0.5515625 0.05625 0.11015625
9 0.1546875 0.578125 0.05625 0.103125
0 0.34453125 0.6203125 0.5171875 0.4921875
9 0.30078125 0.47578125 0.0359375 0.046875
10 0.69921875 0.5890625 0.0328125 0.48046875
