8 0.665625 0.60859375 0.14765625 0.1234375
1 0.02734375 0.42734375 0.05390625 0.0546875
1 0.25546875 0.41796875 0.08984375 0.0203125
1 0.38671875 0.41328125 0.03515625 0.0171875
0 0.55859375 0.471875 0.0625 0.171875
0 0.46328125 0.421875 0.01875 0.046875
0 0.45234375 0.41875 0.01640625 0.05
0 0.60859375 0.465625 0.0375 0.1625
0 0.66875 0.42109375 0.02109375 0.0546875
1 0.159375 0.41640625 0.04765625 0.0296875
0 0.58515625 0.47421875 0.02890625 0.1546875
0 0.434375 0.42109375 0.02265625 0.0453125
6 0.965625 0.765625 0.06484375 0.196875
1 0.12265625 0.41875 0.025 0.015625
