1 0.753125 0.70234375 0.21796875 0.19453125
1 0.9171875 0.634375 0.1421875 0.11171875
1 0.61328125 0.5984375 0.034375 0.05078125
1 0.64765625 0.6078125 0.03984375 0.04765625
0 0.2171875 0.66796875 0.06171875 0.2265625
0 0.065625 0.684375 0.06796875 0.2640625
0 0.68203125 0.60703125 0.03203125 0.0828125
0 0.534375 0.6546875 0.04765625 0.146875
0 0.1796875 0.60703125 0.01171875 0.06640625
0 0.36484375 0.59296875 0.01015625 0.0296875
0 0.340625 0.59765625 0.01015625 0.03203125
0 0.2640625 0.6171875 0.01171875 0.06640625
0 0.25 0.61328125 0.01171875 0.0640625
0 0.01328125 0.70234375 0.02578125 0.23203125
1 0.8328125 0.60703125 0.0578125 0.06640625
1 0.7859375 0.61484375 0.09609375 0.06171875
1 0.45625 0.59609375 0.02421875 0.0296875
1 0.58515625 0.59765625 0.02578125 0.0265625
0 0.48671875 0.5890625 0.0140625 0.0265625
0 0.1453125 0.68671875 0.0578125 0.215625
7 0.64609375 0.55703125 0.05625 0.053125
0 0.0921875 0.71328125 0.03203125 0.15703125
1 0.42734375 0.6 0.02578125 0.0265625
10 0.3140625 0.6625 0.06796875 0.4828125
9 0.54609375 0.6796875 0.1203125 0.1171875
