0 0.10546875 0.659375 0.04609375 0.12890625
0 0.24921875 0.68828125 0.04765625 0.15859375
0 0.55703125 0.71796875 0.06796875 0.20546875
0 0.6953125 0.74296875 0.07890625 0.29140625
0 0.740625 0.74140625 0.09140625 0.27421875
9 0.7 0.80078125 0.19296875 0.26328125
9 0.5578125 0.771875 0.1140625 0.1859375
9 0.25703125 0.73828125 0.07421875 0.12421875
9 0.10546875 0.71640625 0.071875 0.103125
10 0.953125 0.48125 0.03359375 0.68671875
1 0.36640625 0.6375 0.14375 0.1265625
1 0.49921875 0.62578125 0.1421875 0.16640625
1 0.90078125 0.64453125 0.19765625 0.20078125
1 0.62265625 0.61953125 0.18984375 0.184375
1 0.23359375 0.6203125 0.1734375 0.1390625
1 0.13125 0.62421875 0.14921875 0.103125
