1 0.15234375 0.8515625 0.20625 0.10625
1 0.26015625 0.78203125 0.0796875 0.0453125
1 0.046875 0.75625 0.0375 0.015625
1 0.103125 0.7546875 0.028125 0.015625
1 0.2375 0.80625 0.10546875 0.0875
1 0.2796875 0.76328125 0.07265625 0.0234375
1 0.08203125 0.7546875 0.0234375 0.0125
1 0.12890625 0.75546875 0.0234375 0.0109375
1 0.1859375 0.82421875 0.16171875 0.0828125
1 0.17890625 0.77734375 0.11484375 0.0265625
1 0.2671875 0.77578125 0.0890625 0.0421875
1 0.06875 0.7546875 0.02109375 0.0125
10 0.50234375 0.8984375 0.06796875 0.2
10 0.3359375 0.73359375 0.06796875 0.3890625
17 0.3171875 0.8859375 0.05859375 0.075
