16 0.68828125 0.38359375 0.07890625 0.14140625
16 0.89296875 0.40234375 0.09375 0.165625
16 0.48125 0.359375 0.06484375 0.125
16 0.3234375 0.3484375 0.06796875 0.12890625
16 0.13125 0.34375 0.07578125 0.1359375
10 0.9625 0.103125 0.02265625 0.20546875
9 0.5890625 0.22734375 0.05390625 0.16171875
0 0.5875 0.18125 0.05078125 0.10625
0 0.7 0.184375 0.02890625 0.10859375
14 0.16328125 0.19921875 0.03203125 0.09375
1 0.95546875 0.25546875 0.08828125 0.146875
14 0.90390625 0.2203125 0.0453125 0.071875
10 0.0453125 0.1984375 0.01796875 0.39453125
