9 0.37734375 0.284375 0.0609375 0.06015625
7 0.609375 0.53671875 0.196875 0.26875
7 0.38046875 0.47578125 0.1921875 0.24375
7 0.26796875 0.44921875 0.1984375 0.24765625
12 0.89296875 0.33984375 0.2109375 0.2875
12 0.78515625 0.309375 0.2390625 0.27734375
12 0.9828125 0.43125 0.03125 0.15859375
1 0.48125 0.77265625 0.096875 0.09140625
1 0.190625 0.68359375 0.115625 0.09140625
1 0.11796875 0.6625 0.1234375 0.09609375
1 0.2546875 0.7125 0.109375 0.0875
1 0.3484375 0.73046875 0.1 0.08515625
1 0.41171875 0.75234375 0.0953125 0.0875
1 0.540625 0.79296875 0.103125 0.09765625
1 0.82265625 0.88359375 0.1046875 0.1
1 0.68125 0.83984375 0.090625 0.1
1 0.74921875 0.859375 0.1015625 0.10234375
1 0.55859375 0.259375 0.0703125 0.07734375
1 0.61328125 0.81796875 0.0828125 0.08515625
0 0.28125 0.72578125 0.021875 0.08515625
0 0.52109375 0.80625 0.0296875 0.09140625
0 0.55546875 0.36171875 0.0203125 0.03515625
0 0.434375 0.26171875 0.01875 0.05234375
1 0.06171875 0.62421875 0.0890625 0.09765625
9 0.11171875 0.903125 0.1078125 0.10625
0 0.56484375 0.82890625 0.0296875 0.09609375
0 0.62578125 0.84375 0.0265625 0.09140625
0 0.62734375 0.40078125 0.0234375 0.06015625
1 0.4984375 0.50859375 0.996875 0.975
