6 0.9484375 0.62421875 0.059375 0.09375
7 0.684375 0.253125 0.20625 0.14375
0 0.5421875 0.45 0.046875 0.15
0 0.8796875 0.55078125 0.0625 0.16484375
0 0.9515625 0.58125 0.059375 0.15859375
0 0.04296875 0.259375 0.0234375 0.06015625
0 0.20078125 0.55078125 0.0203125 0.04765625
1 0.4125 0.76328125 0.375 0.30234375
1 0.20234375 0.58671875 0.3578125 0.28515625
1 0.15078125 0.4 0.2609375 0.14140625
1 0.52734375 0.26640625 0.1171875 0.07109375
1 0.80390625 0.25859375 0.0359375 0.0375
1 0.840625 0.253125 0.04375 0.03984375
1 0.9703125 0.259375 0.053125 0.04765625
1 0.02421875 0.55625 0.0484375 0.12890625
1 0.03359375 0.33203125 0.0671875 0.13984375
1 0.3875 0.20859375 0.028125 0.0375
1 0.2328125 0.17265625 0.025 0.0375
1 0.8953125 0.24453125 0.053125 0.03515625
0 0.0765625 0.275 0.025 0.0875
1 0.4875 0.24609375 0.06875 0.04140625
0 0.41640625 0.440625 0.0609375 0.16015625
1 0.609375 0.22734375 0.775 0.24609375
10 0.2984375 0.15 0.021875 0.29140625
10 0.36953125 0.12734375 0.0234375 0.24609375
15 0.44765625 0.30625 0.0171875 0.0375
15 0.43125 0.29765625 0.0125 0.03359375
