1 0.56875 0.871875 0.03125 0.03125
12 0.628125 0.884375 0.096875 0.11484375
0 0.11796875 0.92734375 0.0328125 0.125
0 0.01875 0.93515625 0.0375 0.125
0 0.18515625 0.92578125 0.0203125 0.10234375
0 0.70234375 0.91953125 0.0203125 0.08125
0 0.72890625 0.86484375 0.0109375 0.02890625
1 0.68515625 0.87109375 0.0234375 0.02890625
0 0.09140625 0.92890625 0.0296875 0.11640625
1 0.709375 0.83984375 0.015625 0.02109375
0 0.7234375 0.95078125 0.0375 0.08984375
0 0.3359375 0.91015625 0.021875 0.08359375
0 0.7234375 0.88203125 0.0125 0.05234375
0 0.44296875 0.87890625 0.0109375 0.05
1 0.7078125 0.86328125 0.0125 0.02734375
1 0.6828125 0.85078125 0.025 0.01484375
0 0.4203125 0.87109375 0.015625 0.05859375
0 0.7734375 0.94609375 0.03125 0.05390625
7 0.62421875 0.8875 0.0921875 0.12109375
0 0.5265625 0.9125 0.4625 0.15390625
10 0.8875 0.65 0.034375 0.69140625
10 0.48515625 0.5 0.0828125 0.99609375
