1 0.3234375 0.5625 0.053125 0.028125
1 0.103125 0.565625 0.075 0.04140625
12 0.6421875 0.54765625 0.1375 0.0734375
12 0.82578125 0.55390625 0.1390625 0.065625
0 0.34453125 0.615625 0.0390625 0.1015625
0 0.1296875 0.5796875 0.021875 0.02578125
0 0.1671875 0.57421875 0.015625 0.04765625
0 0.42578125 0.56328125 0.0109375 0.04609375
0 0.153125 0.57578125 0.0125 0.04609375
7 0.915625 0.53359375 0.06875 0.021875
0 0.6640625 0.56328125 0.009375 0.01796875
0 0.10625 0.58359375 0.021875 0.04609375
0 0.4328125 0.5625 0.0125 0.03984375
1 0.528125 0.5546875 0.025 0.01953125
1 0.5421875 0.55234375 0.01875 0.015625
1 0.56484375 0.55078125 0.0140625 0.015625
1 0.4828125 0.54765625 0.021875 0.0140625
1 0.215625 0.559375 0.040625 0.021875
0 0.8015625 0.5796875 0.021875 0.05
0 0.83828125 0.571875 0.0140625 0.0375
1 0.15 0.57734375 0.084375 0.03359375
0 0.8484375 0.5609375 0.0125 0.01171875
0 0.1421875 0.58671875 0.003125 0.0078125
0 0.77109375 0.5734375 0.0203125 0.0375
0 0.32109375 0.55390625 0.3046875 0.05390625
