1 0.07109375 0.69375 0.0265625 0.02109375
1 0.06171875 0.65859375 0.0078125 0.00859375
1 0.18046875 0.71640625 0.1203125 0.0625
1 0.00859375 0.675 0.0140625 0.01640625
1 0.04765625 0.68515625 0.0265625 0.02109375
1 0.93125 0.77421875 0.128125 0.17265625
1 0.11015625 0.696875 0.0828125 0.09375
1 0.08125 0.675 0.021875 0.0125
1 0.08515625 0.65859375 0.0078125 0.00859375
7 0.39609375 0.71484375 0.2328125 0.24609375
0 0.71328125 0.8375 0.0703125 0.3
0 0.8515625 0.81875 0.075 0.32109375
0 0.2671875 0.72734375 0.025 0.13359375
12 0.11796875 0.68359375 0.0703125 0.10390625
1 0.22890625 0.70546875 0.0609375 0.03125
0 0.7703125 0.834375 0.065625 0.28984375
1 0.03359375 0.66015625 0.0171875 0.0125
