10 0.7359375 0.66328125 0.01875 0.37734375
1 0.94296875 0.83671875 0.0578125 0.0515625
0 0.984375 0.8390625 0.01953125 0.07734375
0 0.8734375 0.84609375 0.0265625 0.071875
1 0.9 0.8328125 0.0375 0.03828125
9 0.7671875 0.8640625 0.05625 0.04375
0 0.790625 0.83203125 0.01640625 0.05
0 0.609375 0.8515625 0.01953125 0.0734375
1 0.57265625 0.83359375 0.034375 0.0390625
0 0.509375 0.85234375 0.0203125 0.075
1 0.4359375 0.84453125 0.06328125 0.08046875
1 0.25703125 0.86171875 0.2328125 0.11796875
0 0.07734375 0.86171875 0.0390625 0.1265625
12 0.83359375 0.8375 0.059375 0.075
