17 0.42265625 0.80625 0.1078125 0.2796875
0 0.66015625 0.490625 0.0390625 0.1265625
0 0.2671875 0.48671875 0.01875 0.10078125
0 0.209375 0.490625 0.028125 0.103125
0 0.24453125 0.49296875 0.0234375 0.103125
0 0.18984375 0.47734375 0.0171875 0.09140625
0 0.52421875 0.5109375 0.0203125 0.08671875
0 0.9 0.51875 0.021875 0.103125
0 0.9125 0.51640625 0.009375 0.1171875
0 0.6 0.4953125 0.021875 0.1171875
0 0.04375 0.49375 0.021875 0.09609375
0 0.03046875 0.49375 0.0109375 0.08203125
0 0.4859375 0.4578125 0.01875 0.05625
0 0.58828125 0.50390625 0.0109375 0.09609375
0 0.3875 0.484375 0.396875 0.11953125
10 0.875 0.41796875 0.053125 0.73671875
10 0.92421875 0.3828125 0.0390625 0.58671875
10 0.22421875 0.36640625 0.0171875 0.35703125
