6 0.5671875 0.86484375 0.10625 0.1140625
7 0.08515625 0.621875 0.1703125 0.390625
7 0.221875 0.39765625 0.13203125 0.21953125
0 0.565625 0.81953125 0.0640625 0.15625
0 0.1578125 0.2265625 0.01171875 0.05703125
7 0.36484375 0.303125 0.10234375 0.18046875
7 0.53828125 0.32578125 0.0921875 0.1828125
7 0.38515625 0.09140625 0.034375 0.06328125
7 0.271875 0.3078125 0.11171875 0.17734375
0 0.19921875 0.1578125 0.0140625 0.0453125
0 0.14921875 0.21640625 0.0140625 0.0421875
0 0.059375 0.29296875 0.01796875 0.075
0 0.19375 0.21953125 0.015625 0.08984375
0 0.03125 0.28984375 0.01796875 0.075
0 0.365625 0.7265625 0.0359375 0.0296875
1 0.38671875 0.6078125 0.10625 0.2015625
1 0.415625 0.47421875 0.071875 0.10234375
0 0.1171875 0.21640625 0.00625 0.0421875
0 0.115625 0.28203125 0.01171875 0.02421875
1 0.44921875 0.3 0.05390625 0.0296875
1 0.184375 0.50625 0.0640625 0.159375
1 0.35 0.75859375 0.12421875 0.17734375
1 0.43828125 0.41328125 0.06796875 0.1234375
1 0.4453125 0.2703125 0.03828125 0.06015625
1 0.45390625 0.21171875 0.03984375 0.0328125
1 0.51328125 0.21328125 0.021875 0.0421875
1 0.459375 0.1609375 0.02578125 0.01484375
1 0.46015625 0.12578125 0.028125 0.02421875
1 0.4609375 0.196875 0.0296875 0.0328125
1 0.453125 0.275 0.03828125 0.02734375
0 0.51328125 0.33203125 0.01796875 0.0328125
0 0.62578125 0.0765625 0.01171875 0.02734375
7 0.35625 0.17734375 0.0640625 0.09609375
1 0.34609375 0.20546875 0.4359375 0.3453125
10 0.69296875 0.56484375 0.02578125 0.4203125
