14 0.56640625 0.65078125 0.21875 0.64609375
9 0.3296875 0.28125 0.10625 0.23046875
9 0.2375 0.28671875 0.08046875 0.26484375
13 0.13359375 0.25625 0.01328125 0.06484375
13 0.1140625 0.253125 0.01328125 0.06640625
10 0.56875 0.16953125 0.0359375 0.31875
9 0.96171875 0.228125 0.07578125 0.15
13 0.03359375 0.2546875 0.0125 0.06328125
13 0.01484375 0.25390625 0.0125 0.06328125
6 0.08828125 0.23203125 0.02265625 0.11171875
0 0.07421875 0.21328125 0.04609375 0.1546875
0 0.02578125 0.20625 0.03046875 0.13984375
