1 0.33828125 0.8171875 0.3609375 0.20625
1 0.62265625 0.7234375 0.0671875 0.075
1 0.6765625 0.6921875 0.025 0.03984375
0 0.69765625 0.6953125 0.0140625 0.0375
0 0.72890625 0.709375 0.0234375 0.0796875
1 0.06484375 0.73046875 0.0921875 0.0421875
1 0.02421875 0.7328125 0.0484375 0.0421875
1 0.1671875 0.725 0.03125 0.03046875
1 0.44375 0.71171875 0.040625 0.028125
12 0.6765625 0.690625 0.025 0.0375
12 0.8578125 0.6640625 0.06875 0.05859375
1 0.7125 0.68125 0.0125 0.028125
1 0.4796875 0.7140625 0.021875 0.0234375
1 0.10625 0.728125 0.01875 0.0328125
10 0.8453125 0.59609375 0.03125 0.42421875
