6 0.365625 0.828125 0.025 0.07734375
1 0.13125 0.79609375 0.21875 0.10390625
0 0.69609375 0.80234375 0.0421875 0.15859375
0 0.36484375 0.78359375 0.0359375 0.13359375
0 0.13125 0.77109375 0.05625 0.11640625
0 0.3328125 0.77421875 0.00625 0.03125
0 0.79453125 0.81015625 0.0390625 0.1375
0 0.27109375 0.76640625 0.0203125 0.06640625
6 0.3140625 0.784375 0.034375 0.03125
0 0.296875 0.76796875 0.01875 0.06484375
0 0.28515625 0.76640625 0.0140625 0.0625
0 0.16328125 0.746875 0.0140625 0.01875
6 0.12734375 0.81875 0.0890625 0.08359375
10 0.73984375 0.46171875 0.0609375 0.92265625
10 0.6375 0.68828125 0.021875 0.42734375
