1 0.63828125 0.68984375 0.0984375 0.10859375
1 0.71953125 0.684375 0.1140625 0.11015625
1 0.553125 0.665625 0.08125 0.07265625
1 0.08671875 0.66796875 0.1453125 0.08125
7 0.3890625 0.64453125 0.240625 0.28515625
0 0.1203125 0.79609375 0.046875 0.2375
0 0.61171875 0.63203125 0.0265625 0.05625
0 0.76640625 0.61953125 0.0359375 0.05625
0 0.17421875 0.7375 0.0296875 0.17109375
0 0.4546875 0.63671875 0.0375 0.04375
1 0.51953125 0.6375 0.0390625 0.025
1 0.51171875 0.675 0.0171875 0.05
10 0.7046875 0.39453125 0.03125 0.46875
10 0.54765625 0.44921875 0.0265625 0.36875
10 0.19453125 0.38515625 0.0359375 0.68359375
14 0.21796875 0.840625 0.0796875 0.13984375
