1 0.07265625 0.60078125 0.0453125 0.03515625
1 0.57578125 0.6234375 0.1234375 0.053125
1 0.8 0.6828125 0.346875 0.17734375
1 0.32109375 0.61875 0.0296875 0.03515625
0 0.44453125 0.634375 0.0203125 0.075
0 0.5046875 0.63828125 0.01875 0.0796875
0 0.4609375 0.63046875 0.015625 0.06875
0 0.475 0.6328125 0.021875 0.08203125
12 0.2125 0.6 0.03125 0.03359375
17 0.34765625 0.63203125 0.0078125 0.021875
1 0.24765625 0.5984375 0.0203125 0.01328125
12 0.275 0.603125 0.03125 0.01796875
10 0.76015625 0.4921875 0.0484375 0.86015625
10 0.9421875 0.47265625 0.028125 0.37265625
10 0.43359375 0.3828125 0.0296875 0.56953125
10 0.39375 0.54453125 0.025 0.25078125
