0 0.940625 0.2421875 0.08203125 0.484375
0 0.51875 0.12578125 0.02734375 0.075
15 0.66875 0.3640625 0.06171875 0.175
15 0.5765625 0.3234375 0.0390625 0.134375
15 0.53046875 0.28125 0.03125 0.12109375
15 0.35703125 0.25 0.0265625 0.090625
15 0.29140625 0.2375 0.02578125 0.08046875
13 0.321875 0.2234375 0.0109375 0.07109375
13 0.2546875 0.22109375 0.01328125 0.0734375
1 0.15390625 0.125 0.06328125 0.04609375
0 0.40625 0.1171875 0.01171875 0.06796875
13 0.39765625 0.21328125 0.01015625 0.16953125
13 0.2953125 0.20703125 0.009375 0.053125
13 0.159375 0.2015625 0.0078125 0.0453125
