6 0.0953125 0.709375 0.04375 0.075
1 0.71328125 0.709375 0.0671875 0.0796875
1 0.66328125 0.67890625 0.0171875 0.0234375
1 0.6921875 0.6640625 0.009375 0.01171875
1 0.67890625 0.6640625 0.0140625 0.01171875
1 0.51015625 0.71875 0.0296875 0.028125
0 0.2515625 0.70390625 0.0375 0.13359375
0 0.11328125 0.69453125 0.0453125 0.11484375
0 0.64921875 0.7109375 0.0171875 0.03984375
0 0.75703125 0.68046875 0.0046875 0.01171875
0 0.75703125 0.690625 0.0078125 0.0140625
0 0.68515625 0.67421875 0.0078125 0.0234375
17 0.87421875 0.71640625 0.0203125 0.0609375
10 0.31875 0.49765625 0.021875 0.503125
10 0.36171875 0.51484375 0.0265625 0.4640625
10 0.44140625 0.57265625 0.0265625 0.32578125
10 0.896875 0.6015625 0.021875 0.28125
10 0.915625 0.3890625 0.05 0.72578125
