8 0.3421875 0.5796875 0.1375 0.12421875
0 0.64921875 0.61484375 0.2328125 0.6765625
0 0.03828125 0.31171875 0.0140625 0.0515625
0 0.1390625 0.4578125 0.153125 0.5453125
0 0.2203125 0.2890625 0.015625 0.05859375
0 0.53828125 0.46484375 0.0421875 0.18046875
0 0.44375 0.6015625 0.1125 0.55234375
0 0.51015625 0.39375 0.0640625 0.384375
0 0.76796875 0.36875 0.0203125 0.09140625
0 0.828125 0.44296875 0.075 0.24375
0 0.95625 0.42890625 0.059375 0.24375
0 0.40078125 0.46875 0.2953125 0.81953125
0 0.39453125 0.46640625 0.1390625 0.66015625
0 0.72890625 0.33515625 0.0578125 0.1828125
10 0.61328125 0.2015625 0.0546875 0.403125
