0 0.49375 0.5046875 0.55625 0.5875
0 0.390625 0.2546875 0.07734375 0.125
0 0.0796875 0.296875 0.0890625 0.159375
0 0.8390625 0.33125 0.12421875 0.26875
0 0.18671875 0.34375 0.14296875 0.30625
0 0.95390625 0.33984375 0.07734375 0.1734375
0 0.9140625 0.21015625 0.05390625 0.0265625
0 0.94609375 0.203125 0.0328125 0.028125
0 0.24609375 0.2078125 0.0703125 0.0625
0 0.3109375 0.2515625 0.08671875 0.121875
0 0.7125 0.37109375 0.08671875 0.2046875
0 0.59609375 0.25625 0.0796875 0.134375
0 0.03671875 0.3578125 0.07265625 0.33125
0 0.49765625 0.315625 0.9953125 0.315625
9 0.490625 0.6328125 0.53046875 0.48125
