1 0.0625 0.80390625 0.125 0.06015625
0 0.64921875 0.7828125 0.02421875 0.07421875
0 0.89609375 0.7546875 0.015625 0.03828125
0 0.915625 0.7546875 0.01875 0.0421875
0 0.14375 0.78828125 0.0265625 0.06015625
0 0.1203125 0.78984375 0.03203125 0.06015625
0 0.49453125 0.75234375 0.01328125 0.01171875
0 0.66640625 0.78125 0.02109375 0.065625
0 0.71171875 0.77890625 0.03203125 0.0703125
0 0.68515625 0.7828125 0.0265625 0.07421875
0 0.55234375 0.77578125 0.02109375 0.04375
1 0.4296875 0.803125 0.26640625 0.08984375
12 0.97578125 0.73203125 0.04296875 0.1
0 0.06953125 0.76875 0.02109375 0.021875
10 0.3640625 0.77421875 0.0296875 0.15625
