0 0.74375 0.77265625 0.165625 0.45
0 0.125 0.84375 0.090625 0.30859375
0 0.81640625 0.61875 0.0703125 0.10859375
0 0.7859375 0.63984375 0.034375 0.11640625
0 0.91953125 0.78125 0.0484375 0.27109375
0 0.91015625 0.64921875 0.0578125 0.15234375
0 0.93984375 0.634375 0.0359375 0.11875
0 0.97109375 0.55546875 0.0546875 0.09765625
0 0.85234375 0.76328125 0.0546875 0.18515625
0 0.85546875 0.63984375 0.0359375 0.10390625
0 0.88203125 0.60703125 0.0296875 0.08125
0 0.96953125 0.63984375 0.0546875 0.14140625
0 0.87265625 0.56640625 0.0265625 0.0625
0 0.43203125 0.75703125 0.8640625 0.35625
