12 0.85703125 0.80234375 0.2828125 0.1875
0 0.62578125 0.83125 0.0171875 0.0875
0 0.5875 0.834375 0.028125 0.09375
0 0.60546875 0.84453125 0.0203125 0.09375
0 0.040625 0.82890625 0.009375 0.05390625
0 0.3578125 0.859375 0.021875 0.10234375
0 0.10625 0.83515625 0.015625 0.1
0 0.20234375 0.84375 0.0265625 0.10859375
0 0.23671875 0.85234375 0.0296875 0.10859375
0 0.30078125 0.84921875 0.0234375 0.12265625
0 0.57421875 0.84921875 0.0140625 0.05625
0 0.08046875 0.840625 0.0203125 0.08515625
0 0.14453125 0.85078125 0.0328125 0.11484375
0 0.640625 0.83671875 0.015625 0.08984375
0 0.2421875 0.83828125 0.484375 0.16484375
10 0.43203125 0.69765625 0.0140625 0.1875
10 0.375 0.69609375 0.025 0.22890625
