1 0.209375 0.5 0.15 0.05390625
0 0.70703125 0.53046875 0.1265625 0.39375
0 0.81640625 0.528125 0.0765625 0.31015625
0 0.7890625 0.31171875 0.071875 0.16875
0 0.7390625 0.28828125 0.053125 0.11484375
0 0.0921875 0.53046875 0.09375 0.34375
0 0.240625 0.596875 0.109375 0.08515625
0 0.17265625 0.603125 0.0859375 0.08984375
0 0.03671875 0.60546875 0.0703125 0.09375
0 0.94296875 0.5375 0.0265625 0.05390625
0 0.22578125 0.54140625 0.0484375 0.0875
0 0.1875 0.52265625 0.021875 0.05390625
0 0.059375 0.56953125 0.053125 0.13984375
12 0.98828125 0.52890625 0.0203125 0.15
0 0.26015625 0.5375 0.0296875 0.05859375
0 0.625 0.55078125 0.74375 0.16875
10 0.83984375 0.16796875 0.0359375 0.30625
10 0.30703125 0.14296875 0.0359375 0.28515625
