9 0.62109375 0.503125 0.0265625 0.04765625
0 0.8578125 0.959375 0.03125 0.07734375
0 0.18359375 0.71875 0.0265625 0.07890625
0 0.2046875 0.71953125 0.021875 0.06484375
0 0.12421875 0.80703125 0.0453125 0.05625
0 0.0515625 0.62109375 0.025 0.05859375
0 0.7859375 0.64375 0.025 0.0875
0 0.64765625 0.54921875 0.0203125 0.07265625
0 0.91875 0.725 0.021875 0.07890625
0 0.78359375 0.72578125 0.0265625 0.07734375
0 0.265625 0.92421875 0.0375 0.06015625
0 0.7765625 0.46484375 0.01875 0.0625
0 0.803125 0.63046875 0.01875 0.07734375
1 0.296875 0.8375 0.2 0.1125
1 0.0890625 0.86640625 0.178125 0.11640625
1 0.175 0.659375 0.1625 0.09375
1 0.19453125 0.578125 0.1078125 0.08515625
1 0.36953125 0.51484375 0.1421875 0.09140625
1 0.50859375 0.4625 0.1265625 0.0875
1 0.7671875 0.35546875 0.1125 0.07265625
6 0.27421875 0.94609375 0.0640625 0.04609375
1 0.340625 0.61640625 0.159375 0.09140625
1 0.77109375 0.29140625 0.0421875 0.06640625
1 0.63828125 0.39921875 0.1078125 0.06875
1 0.725 0.20546875 0.04375 0.06875
1 0.39609375 0.42265625 0.1046875 0.06640625
12 0.61328125 0.246875 0.1234375 0.06484375
12 0.89296875 0.62578125 0.1109375 0.16875
12 0.50390625 0.21328125 0.0953125 0.05625
12 0.5265625 0.19296875 0.090625 0.04765625
12 0.48203125 0.271875 0.0890625 0.07265625
0 0.875 0.48984375 0.01875 0.07109375
1 0.47421875 0.43984375 0.0921875 0.07890625
12 0.72578125 0.20546875 0.0421875 0.06484375
0 0.54765625 0.453125 0.8984375 0.74765625
1 0.54453125 0.365625 0.8859375 0.72265625
