1 0.22421875 0.48984375 0.30390625 0.14453125
1 0.05703125 0.4640625 0.09765625 0.1109375
1 0.609375 0.47109375 0.06171875 0.071875
1 0.7328125 0.4515625 0.0703125 0.05703125
1 0.93203125 0.4578125 0.0796875 0.075
0 0.9421875 0.64140625 0.1078125 0.6875
0 0.8796875 0.6921875 0.071875 0.5671875
0 0.65703125 0.78984375 0.1296875 0.40859375
0 0.840625 0.4625 0.034375 0.06015625
1 0.5421875 0.428125 0.03203125 0.0390625
0 0.56171875 0.63671875 0.07578125 0.45078125
0 0.421875 0.63203125 0.13203125 0.5078125
0 0.5109375 0.6109375 0.07421875 0.43515625
0 0.246875 0.5703125 0.11796875 0.52265625
0 0.91328125 0.44921875 0.01796875 0.02734375
0 0.284375 0.43828125 0.04375 0.14453125
0 0.39609375 0.6078125 0.0796875 0.41171875
0 0.67421875 0.653125 0.15234375 0.5859375
1 0.84296875 0.428125 0.02578125 0.02109375
0 0.80625 0.684375 0.2078125 0.61875
0 0.39375 0.6828125 0.7875 0.609375
10 0.32890625 0.4265625 0.0703125 0.840625
