1 0.1296875 0.8875 0.25390625 0.15
1 0.0546875 0.95625 0.10859375 0.084375
0 0.4765625 0.85625 0.17109375 0.25625
0 0.58515625 0.78515625 0.04140625 0.1140625
0 0.8203125 0.85703125 0.1578125 0.2359375
0 0.38984375 0.78046875 0.08046875 0.0765625
0 0.734375 0.8 0.0703125 0.14375
0 0.86171875 0.846875 0.075 0.184375
0 0.909375 0.77578125 0.0625 0.0734375
0 0.63203125 0.80234375 0.0671875 0.1453125
0 0.4984375 0.74765625 0.03359375 0.0328125
0 0.32265625 0.81171875 0.10625 0.1578125
0 0.95078125 0.8296875 0.09296875 0.19375
1 0.7890625 0.75078125 0.04375 0.0234375
0 0.834375 0.7453125 0.046875 0.040625
0 0.984375 0.73984375 0.02578125 0.0453125
0 0.5625 0.81796875 0.32109375 0.1953125
