0 0.7140625 0.53671875 0.171875 0.24921875
0 0.453125 0.5296875 0.05625 0.084375
0 0.83125 0.5390625 0.05 0.16015625
0 0.88125 0.6140625 0.046875 0.28671875
0 0.00625 0.5890625 0.0125 0.1671875
0 0.0703125 0.609375 0.096875 0.3015625
0 0.134375 0.615625 0.084375 0.2375
0 0.9078125 0.44609375 0.0125 0.06328125
0 0.14296875 0.46796875 0.0296875 0.046875
0 0.2625 0.509375 0.034375 0.08203125
0 0.4078125 0.528125 0.05 0.1203125
0 0.2109375 0.50859375 0.034375 0.0703125
0 0.7921875 0.490625 0.021875 0.06796875
0 0.0953125 0.5953125 0.18125 0.315625
10 0.97109375 0.3671875 0.0296875 0.60703125
