1 0.89609375 0.865625 0.2046875 0.22734375
1 0.56484375 0.65859375 0.1171875 0.08984375
1 0.50625 0.64609375 0.0375 0.06875
1 0.95703125 0.73671875 0.0671875 0.07109375
12 0.790625 0.74609375 0.25625 0.16484375
12 0.25 0.640625 0.490625 0.371875
0 0.48984375 0.7390625 0.0359375 0.175
0 0.60625 0.7453125 0.05625 0.1546875
0 0.6515625 0.73984375 0.046875 0.18125
0 0.9125 0.69921875 0.034375 0.0796875
0 0.734375 0.76015625 0.028125 0.1375
1 0.6234375 0.6296875 0.0375 0.03515625
1 0.98359375 0.6828125 0.0265625 0.0375
12 0.72421875 0.6953125 0.3265625 0.25078125
0 0.4421875 0.81015625 0.03125 0.04609375
0 0.36484375 0.8171875 0.0234375 0.02734375
0 0.92578125 0.6625 0.0109375 0.01484375
10 0.80234375 0.434375 0.0171875 0.2671875
10 0.0765625 0.33515625 0.0375 0.28203125
10 0.13515625 0.2484375 0.0296875 0.371875
