1 0.6046875 0.240625 0.346875 0.31875
0 0.97890625 0.12890625 0.0390625 0.1875
0 0.38125 0.07890625 0.025 0.04140625
0 0.42265625 0.07421875 0.0140625 0.03125
0 0.9515625 0.096875 0.03125 0.11015625
0 0.9359375 0.08046875 0.0375 0.12265625
0 0.7609375 0.12578125 0.05 0.16015625
0 0.446875 0.090625 0.021875 0.08515625
0 0.465625 0.10625 0.021875 0.09140625
0 0.671875 0.0625 0.034375 0.05
0 0.64453125 0.04921875 0.0171875 0.07265625
0 0.90390625 0.05859375 0.0296875 0.075
0 0.96640625 0.09609375 0.0296875 0.13359375
0 0.415625 0.09609375 0.01875 0.07890625
0 0.6078125 0.07265625 0.275 0.09140625
9 0.54296875 0.45 0.7953125 0.64140625
13 0.91328125 0.24921875 0.0609375 0.31015625
