1 0.56796875 0.71171875 0.0515625 0.04375
1 0.59921875 0.71171875 0.0265625 0.03515625
1 0.63203125 0.70703125 0.0265625 0.02734375
1 0.646875 0.70390625 0.028125 0.03359375
1 0.68671875 0.728125 0.0421875 0.07734375
1 0.6171875 0.71015625 0.025 0.03359375
10 0.184375 0.65078125 0.028125 0.24375
10 0.44140625 0.67578125 0.0203125 0.13125
10 0.36875 0.70625 0.0125 0.09140625
10 0.71953125 0.56171875 0.0546875 0.53515625
10 0.7453125 0.6375 0.025 0.3125
10 0.96328125 0.753125 0.0203125 0.24765625
