0 0.81484375 0.7984375 0.03828125 0.12421875
0 0.7421875 0.75703125 0.01171875 0.05078125
0 0.71875 0.7546875 0.01015625 0.03515625
0 0.58671875 0.75078125 0.01796875 0.053125
0 0.4 0.7484375 0.015625 0.05859375
0 0.35625 0.75078125 0.01171875 0.06796875
0 0.14765625 0.76328125 0.028125 0.10859375
12 0.47109375 0.7484375 0.06171875 0.0734375
0 0.76015625 0.7515625 0.015625 0.0609375
17 0.7046875 0.84453125 0.034375 0.078125
0 0.12109375 0.765625 0.0140625 0.09375
0 0.2703125 0.76328125 0.028125 0.0734375
0 0.34296875 0.753125 0.021875 0.0734375
0 0.32890625 0.75546875 0.01796875 0.0734375
0 0.31875 0.7796875 0.034375 0.1015625
12 0.7078125 0.74140625 0.04375 0.0609375
0 0.440625 0.74140625 0.62578125 0.146875
