1 0.5953125 0.54609375 0.075 0.046875
1 0.6140625 0.5859375 0.0125 0.0375
0 0.76328125 0.7 0.0265625 0.08671875
0 0.740625 0.7 0.01875 0.07734375
0 0.67734375 0.74140625 0.0265625 0.0984375
0 0.73828125 0.57890625 0.0109375 0.0421875
0 0.7734375 0.54609375 0.015625 0.0515625
0 0.73359375 0.62578125 0.0140625 0.05625
0 0.78203125 0.5421875 0.0140625 0.06328125
12 0.609375 0.5328125 0.090625 0.05859375
12 0.03515625 0.70390625 0.0703125 0.075
12 0.64765625 0.528125 0.0921875 0.06328125
0 0.75234375 0.534375 0.0078125 0.028125
0 0.78828125 0.52734375 0.0078125 0.01875
0 0.7515625 0.56953125 0.0125 0.0515625
0 0.79609375 0.52578125 0.0078125 0.01640625
12 0.5734375 0.58359375 0.09375 0.075
