1 0.971875 0.66171875 0.05 0.103125
0 0.11796875 0.58671875 0.0578125 0.24765625
0 0.0640625 0.56953125 0.05 0.2703125
0 0.45546875 0.62109375 0.0546875 0.1890625
0 0.503125 0.62421875 0.05 0.2171875
0 0.5765625 0.66953125 0.034375 0.0921875
0 0.559375 0.6640625 0.040625 0.103125
0 0.6078125 0.67421875 0.028125 0.08359375
0 0.53046875 0.64453125 0.0328125 0.075
0 0.63671875 0.678125 0.0265625 0.075
12 0.17890625 0.58203125 0.0921875 0.11171875
12 0.971875 0.66171875 0.053125 0.103125
0 0.7546875 0.6765625 0.090625 0.27890625
