1 0.23671875 0.89140625 0.2109375 0.15
0 0.1171875 0.84453125 0.0375 0.12734375
0 0.08359375 0.84375 0.0234375 0.1375
10 0.40859375 0.77265625 0.0296875 0.45
10 0.86484375 0.50234375 0.0421875 0.99140625
10 0.71171875 0.71328125 0.0390625 0.50625
10 0.5796875 0.48046875 0.040625 0.96015625
15 0.42109375 0.953125 0.0234375 0.08984375
15 0.43671875 0.93203125 0.0421875 0.11875
15 0.45703125 0.925 0.0421875 0.11640625
15 0.60546875 0.91640625 0.0359375 0.10390625
15 0.671875 0.91484375 0.040625 0.10859375
15 0.740625 0.91953125 0.04375 0.10234375
