0 0.52578125 0.8984375 0.07734375 0.15625
0 0.18984375 0.9328125 0.084375 0.125
0 0.14765625 0.91875 0.084375 0.159375
0 0.80234375 0.92734375 0.06796875 0.1390625
0 0.9765625 0.91875 0.0421875 0.153125
0 0.24453125 0.865625 0.03984375 0.059375
0 0.33828125 0.90859375 0.19453125 0.1796875
0 0.0453125 0.9234375 0.090625 0.15
0 0.91484375 0.93203125 0.10546875 0.1328125
0 0.29609375 0.87578125 0.05390625 0.0671875
0 0.8609375 0.9046875 0.10078125 0.1875
0 0.41484375 0.8421875 0.0515625 0.05625
0 0.22578125 0.9140625 0.08203125 0.165625
0 0.42890625 0.89453125 0.71640625 0.2046875
10 0.734375 0.57421875 0.12421875 0.8421875
10 0.6203125 0.79453125 0.046875 0.3234375
