0 0.75546875 0.87734375 0.0234375 0.090625
0 0.7109375 0.87890625 0.025 0.090625
0 0.42109375 0.834375 0.0203125 0.0546875
0 0.6203125 0.8203125 0.0125 0.0234375
0 0.73125 0.8484375 0.015625 0.0671875
0 0.79140625 0.878125 0.0234375 0.084375
0 0.83125 0.84453125 0.0125 0.0296875
0 0.5640625 0.871875 0.01875 0.05078125
0 0.58203125 0.86796875 0.0171875 0.0546875
1 0.63203125 0.86796875 0.0828125 0.07109375
12 0.88125 0.9125 0.18125 0.13671875
0 0.778125 0.85 0.009375 0.06484375
0 0.54921875 0.840625 0.0140625 0.05078125
0 0.6109375 0.871875 0.025 0.04609375
0 0.68515625 0.85 0.0140625 0.0609375
0 0.61875 0.83828125 0.75625 0.17265625
