1 0.21953125 0.6125 0.1046875 0.04609375
1 0.265625 0.653125 0.128125 0.05625
1 0.321875 0.615625 0.109375 0.04765625
1 0.43984375 0.61875 0.1171875 0.07109375
1 0.709375 0.70859375 0.121875 0.1
1 0.165625 0.64765625 0.10625 0.0625
1 0.7921875 0.55546875 0.078125 0.04765625
1 0.0609375 0.675 0.121875 0.0625
1 0.69609375 0.56796875 0.0796875 0.04375
7 0.3515625 0.84453125 0.671875 0.30625
0 0.5453125 0.67265625 0.028125 0.05390625
0 0.89765625 0.8625 0.0234375 0.0625
0 0.4828125 0.70390625 0.025 0.04140625
0 0.5 0.65625 0.025 0.05390625
0 0.2859375 0.93125 0.04375 0.05390625
0 0.42109375 0.69453125 0.0265625 0.05625
0 0.87421875 0.88828125 0.0265625 0.09765625
0 0.3359375 0.72890625 0.034375 0.05390625
12 0.61171875 0.58046875 0.1171875 0.08125
0 0.08515625 0.81875 0.0359375 0.04609375
6 0.90703125 0.91953125 0.0515625 0.05625
1 0.81328125 0.73203125 0.1484375 0.11015625
0 0.325 0.70546875 0.01875 0.03125
0 0.65546875 0.66796875 0.0234375 0.05625
1 0.05078125 0.63203125 0.1015625 0.05234375
0 0.275 0.7375 0.01875 0.04140625
1 0.52109375 0.56328125 0.0765625 0.04765625
1 0.6703125 0.54453125 0.053125 0.02265625
1 0.8953125 0.88359375 0.01875 0.125
0 0.49140625 0.60703125 0.9671875 0.55234375
