16 0.38828125 0.79375 0.26640625 0.3765625
16 0.78984375 0.56953125 0.153125 0.2125
16 0.04453125 0.390625 0.08828125 0.1375
16 0.278125 0.3625 0.0703125 0.10859375
16 0.446875 0.34140625 0.05703125 0.0796875
16 0.5359375 0.328125 0.0515625 0.075
16 0.58515625 0.32734375 0.04296875 0.0640625
16 0.64453125 0.3171875 0.03828125 0.053125
16 0.6921875 0.31171875 0.03515625 0.05078125
16 0.73359375 0.30703125 0.0296875 0.046875
16 0.89609375 0.46328125 0.0984375 0.1375
16 0.959375 0.4078125 0.071875 0.09296875
