1 0.1375 0.7578125 0.05625 0.02578125
1 0.459375 0.75546875 0.05625 0.03515625
1 0.3609375 0.75625 0.065625 0.0328125
1 0.2765625 0.75546875 0.040625 0.02578125
12 0.0234375 0.7515625 0.046875 0.0609375
12 0.2828125 0.74921875 0.059375 0.046875
0 0.1328125 0.81015625 0.021875 0.028125
0 0.196875 0.80078125 0.04375 0.16875
0 0.73984375 0.753125 0.0140625 0.05390625
0 0.75546875 0.75546875 0.0171875 0.05390625
12 0.540625 0.753125 0.0375 0.03984375
1 0.42734375 0.7609375 0.0203125 0.01875
1 0.16484375 0.75546875 0.0390625 0.03515625
1 0.03203125 0.75078125 0.0265625 0.04921875
12 0.63515625 0.74375 0.0328125 0.05390625
