1 0.53359375 0.31875 0.0359375 0.01875
1 0.39609375 0.32109375 0.0234375 0.0140625
0 0.428125 0.6296875 0.0125 0.0515625
12 0.184375 0.6125 0.165625 0.14765625
0 0.37421875 0.621875 0.0328125 0.08203125
1 0.48984375 0.328125 0.0609375 0.0234375
1 0.50859375 0.30703125 0.0421875 0.0234375
1 0.575 0.30703125 0.034375 0.0328125
1 0.5421875 0.303125 0.0375 0.03046875
1 0.96640625 0.26015625 0.0640625 0.0234375
1 0.15390625 0.3703125 0.0265625 0.01875
1 0.12109375 0.375 0.0203125 0.0234375
1 0.08828125 0.378125 0.0171875 0.02109375
1 0.02109375 0.38984375 0.0421875 0.01640625
1 0.32890625 0.35 0.0359375 0.01171875
1 0.30234375 0.33828125 0.0265625 0.02109375
1 0.47890625 0.3234375 0.9546875 0.1453125
15 0.27109375 0.709375 0.0171875 0.05625
15 0.21015625 0.6625 0.0171875 0.0375
15 0.4125 0.6390625 0.01875 0.0421875
