1 0.2203125 0.546875 0.209375 0.25546875
1 0.85546875 0.603125 0.2859375 0.26484375
0 0.8765625 0.4359375 0.01875 0.075
0 0.1171875 0.4203125 0.015625 0.08203125
17 0.5375 0.6953125 0.071875 0.2203125
17 0.78671875 0.46171875 0.0140625 0.046875
0 0.3671875 0.41796875 0.021875 0.08203125
0 0.1828125 0.39921875 0.0125 0.05390625
0 0.10390625 0.4125 0.0140625 0.0609375
0 0.265625 0.39921875 0.0125 0.05859375
1 0.7984375 0.39921875 0.05625 0.03984375
1 0.84765625 0.3984375 0.0296875 0.0375
1 0.81328125 0.38203125 0.0484375 0.0328125
1 0.978125 0.41796875 0.040625 0.04921875
0 0.40546875 0.41328125 0.0109375 0.06328125
0 0.82265625 0.421875 0.0109375 0.0421875
10 0.28203125 0.42265625 0.0328125 0.68125
