9 0.26640625 0.70390625 0.4109375 0.45078125
1 0.2875 0.36875 0.115625 0.203125
0 0.05546875 0.36015625 0.02890625 0.1390625
10 0.0828125 0.2859375 0.02421875 0.27578125
10 0.48984375 0.3 0.028125 0.39296875
14 0.47109375 0.41640625 0.02421875 0.13125
16 0.615625 0.38125 0.021875 0.04296875
16 0.65859375 0.38046875 0.02421875 0.0453125
16 0.715625 0.37578125 0.01953125 0.04921875
1 0.41875 0.32734375 0.04296875 0.0546875
1 0.5171875 0.32734375 0.03515625 0.06015625
6 0.5546875 0.33359375 0.040625 0.05
10 0.55546875 0.29375 0.009375 0.1296875
