1 0.24453125 0.44140625 0.0515625 0.05390625
0 0.346875 0.49921875 0.04375 0.14375
0 0.30546875 0.6875 0.1015625 0.45859375
0 0.20625 0.48046875 0.0375 0.11875
0 0.31796875 0.47890625 0.0296875 0.11640625
0 0.43359375 0.49921875 0.0578125 0.13515625
0 0.4859375 0.515625 0.040625 0.20234375
0 0.51953125 0.528125 0.0546875 0.21484375
0 0.58203125 0.5625 0.0703125 0.28359375
0 0.62578125 0.52109375 0.0453125 0.2125
0 0.11328125 0.596875 0.0890625 0.41484375
0 0.42109375 0.69921875 0.0984375 0.40234375
0 0.2671875 0.45625 0.046875 0.07890625
8 0.69453125 0.684375 0.0296875 0.13125
1 0.00390625 0.440625 0.0078125 0.04375
1 0.68203125 0.44375 0.0234375 0.03359375
0 0.18046875 0.64453125 0.1046875 0.41875
1 0.06640625 0.45234375 0.0171875 0.02109375
0 0.51640625 0.60546875 0.9328125 0.40625
10 0.70859375 0.5125 0.0296875 0.40390625
10 0.6140625 0.15 0.040625 0.3
10 0.26796875 0.26015625 0.0203125 0.3
10 0.01796875 0.25390625 0.0359375 0.5078125
14 0.03984375 0.45234375 0.0296875 0.05859375
9 0.49453125 0.75 0.3453125 0.27109375
