6 0.4390625 0.58515625 0.2125 0.3
14 0.2625 0.49765625 0.05703125 0.14140625
0 0.5359375 0.41328125 0.0375 0.14140625
0 0.98359375 0.36640625 0.03125 0.128125
0 0.29453125 0.3859375 0.02421875 0.08203125
9 0.09296875 0.43359375 0.07890625 0.12421875
9 0.53828125 0.44765625 0.06796875 0.14140625
9 0.29765625 0.415625 0.03984375 0.09375
1 0.30390625 0.38671875 0.0984375 0.09140625
10 0.07109375 0.315625 0.03125 0.2015625
10 0.840625 0.303125 0.01484375 0.221875
10 0.796875 0.18359375 0.0203125 0.2703125
14 0.61015625 0.38046875 0.03125 0.06015625
