6 0.65625 0.565625 0.01875 0.09140625
1 0.79453125 0.5890625 0.2234375 0.30703125
1 0.57265625 0.53515625 0.0421875 0.11484375
1 0.603125 0.50546875 0.08125 0.103125
7 0.2921875 0.46953125 0.584375 0.7234375
0 0.65625 0.528125 0.03125 0.12890625
1 0.56015625 0.5546875 0.0171875 0.1125
0 0.67421875 0.49296875 0.0203125 0.07265625
6 0.67421875 0.5234375 0.0109375 0.04921875
1 0.128125 0.76015625 0.25625 0.47578125
12 0.73984375 0.4390625 0.0890625 0.19453125
1 0.58203125 0.51953125 0.0328125 0.0984375
12 0.61171875 0.45 0.0765625 0.0984375
