1 0.5796875 0.86015625 0.059375 0.04921875
1 0.71875 0.91796875 0.13125 0.10703125
1 0.23203125 0.92421875 0.4296875 0.103125
1 0.58203125 0.8453125 0.0640625 0.04921875
1 0.62109375 0.85 0.0296875 0.0453125
0 0.95 0.88515625 0.059375 0.17265625
1 0.64140625 0.8484375 0.0171875 0.04296875
1 0.34921875 0.8796875 0.1171875 0.1296875
1 0.52890625 0.85625 0.0484375 0.065625
12 0.79296875 0.78671875 0.0640625 0.07578125
1 0.26640625 0.83125 0.0796875 0.0984375
1 0.7 0.83671875 0.046875 0.05546875
1 0.4984375 0.59765625 0.078125 0.0140625
12 0.12421875 0.77890625 0.2234375 0.28984375
1 0.7640625 0.84140625 0.090625 0.07421875
1 0.48203125 0.89609375 0.1265625 0.15
1 0.6546875 0.86015625 0.684375 0.271875
