1 0.38671875 0.40703125 0.02578125 0.02421875
1 0.2421875 0.40546875 0.04375 0.03203125
0 0.628125 0.44921875 0.04765625 0.1890625
0 0.515625 0.446875 0.02421875 0.071875
0 0.50078125 0.45703125 0.0140625 0.05625
6 0.82890625 0.73828125 0.3296875 0.18671875
0 0.971875 0.44140625 0.01171875 0.06640625
0 0.990625 0.45234375 0.0140625 0.05078125
0 0.1296875 0.41484375 0.01171875 0.0296875
0 0.89375 0.409375 0.00390625 0.034375
0 0.796875 0.409375 0.00625 0.03984375
0 0.93125 0.4546875 0.021875 0.06640625
0 0.771875 0.4265625 0.0078125 0.04296875
12 0.3390625 0.4015625 0.0703125 0.05078125
0 0.76015625 0.41171875 0.0078125 0.02421875
0 0.21484375 0.4078125 0.0140625 0.0375
1 0.103125 0.4078125 0.034375 0.04296875
