1 0.75546875 0.59921875 0.4265625 0.28984375
0 0.3171875 0.53359375 0.08125 0.38359375
0 0.459375 0.65078125 0.109375 0.19765625
0 0.4984375 0.46796875 0.025 0.13125
0 0.59609375 0.453125 0.0359375 0.05625
1 0.634375 0.45859375 0.0375 0.02109375
1 0.978125 0.66328125 0.040625 0.34375
1 0.8203125 0.475 0.165625 0.075
1 0.55859375 0.478125 0.0609375 0.06484375
1 0.66953125 0.453125 0.0328125 0.01484375
0 0.70546875 0.52109375 0.0453125 0.05859375
0 0.26796875 0.465625 0.0328125 0.04765625
1 0.975 0.45625 0.0375 0.05
1 0.5671875 0.45703125 0.046875 0.04375
1 0.81796875 0.43671875 0.0328125 0.01015625
12 0.2828125 0.49296875 0.34375 0.25234375
12 0.896875 0.478125 0.13125 0.11875
0 0.36640625 0.4375 0.0390625 0.09140625
10 0.21328125 0.484375 0.0359375 0.48984375
10 0.346875 0.22734375 0.01875 0.3625
10 0.46640625 0.27265625 0.0140625 0.21640625
