1 0.79609375 0.60703125 0.1515625 0.184375
1 0.68515625 0.58671875 0.1171875 0.17578125
1 0.5484375 0.68671875 0.15625 0.21953125
7 0.2171875 0.55546875 0.428125 0.82890625
0 0.4734375 0.75859375 0.0875 0.37421875
0 0.35546875 0.6015625 0.0703125 0.09765625
0 0.9140625 0.52734375 0.034375 0.14921875
0 0.7859375 0.5 0.021875 0.0515625
0 0.77734375 0.509375 0.0109375 0.0328125
0 0.88046875 0.55390625 0.0265625 0.10546875
6 0.9296875 0.553125 0.028125 0.08671875
1 0.0234375 0.775 0.046875 0.14609375
1 0.01875 0.68984375 0.0375 0.0515625
1 0.44140625 0.621875 0.0765625 0.0515625
1 0.4203125 0.72734375 0.03125 0.18671875
1 0.4484375 0.5890625 0.096875 0.040625
10 0.49453125 0.38046875 0.0453125 0.39296875
10 0.63984375 0.365625 0.0359375 0.31953125
