0 0.81796875 0.6140625 0.0109375 0.03515625
12 0.3515625 0.62421875 0.059375 0.0515625
1 0.41171875 0.63046875 0.0859375 0.03984375
1 0.29609375 0.63125 0.0546875 0.0421875
1 0.3171875 0.6421875 0.03125 0.01640625
1 0.51484375 0.62578125 0.0484375 0.04921875
1 0.69453125 0.6265625 0.0609375 0.0421875
1 0.6390625 0.62421875 0.0875 0.0515625
1 0.09140625 0.63359375 0.0671875 0.0609375
1 0.02265625 0.6421875 0.0359375 0.04453125
1 0.77265625 0.62578125 0.0921875 0.05390625
1 0.58671875 0.63359375 0.0265625 0.0328125
1 0.48125 0.63828125 0.021875 0.01875
1 0.56171875 0.6234375 0.0234375 0.03984375
1 0.47734375 0.62578125 0.5015625 0.05390625
