1 0.075 0.521875 0.15 0.52421875
1 0.48515625 0.29140625 0.0609375 0.05390625
1 0.440625 0.2890625 0.040625 0.03984375
0 0.56171875 0.45 0.1953125 0.4875
0 0.67578125 0.55859375 0.4421875 0.85
0 0.45234375 0.49921875 0.0515625 0.20625
0 0.27578125 0.33984375 0.0203125 0.1265625
0 0.303125 0.303125 0.034375 0.09140625
0 0.340625 0.31875 0.028125 0.121875
0 0.38046875 0.28359375 0.0234375 0.075
0 0.44296875 0.3234375 0.0234375 0.1171875
0 0.93359375 0.3140625 0.0296875 0.121875
0 0.396875 0.31875 0.01875 0.0984375
1 0.4484375 0.2703125 0.04375 0.03046875
1 0.1546875 0.3 0.04375 0.01875
1 0.20390625 0.29375 0.0234375 0.02109375
1 0.23359375 0.29296875 0.0296875 0.028125
1 0.2625 0.29296875 0.01875 0.01875
0 0.41015625 0.26796875 0.0109375 0.01171875
1 0.878125 0.26953125 0.01875 0.028125
1 0.9140625 0.265625 0.025 0.02109375
1 0.359375 0.284375 0.025 0.02109375
12 0.090625 0.271875 0.0375 0.0796875
12 0.41328125 0.26015625 0.1484375 0.0796875
0 0.41953125 0.3375 0.0203125 0.05625
0 0.32421875 0.2859375 0.0265625 0.0515625
0 0.9109375 0.2796875 0.13125 0.08671875
