15 0.60703125 0.93515625 0.01875 0.05
15 0.7140625 0.93828125 0.0171875 0.04921875
15 0.7234375 0.928125 0.0125 0.053125
1 0.59140625 0.884375 0.05234375 0.0546875
1 0.49609375 0.87890625 0.03828125 0.03515625
1 0.5515625 0.8765625 0.03125 0.0359375
1 0.52421875 0.8734375 0.0265625 0.0234375
1 0.459375 0.8796875 0.03515625 0.03828125
10 0.16875 0.840625 0.015625 0.1921875
10 0.1390625 0.7359375 0.02734375 0.40390625
0 0.03203125 0.91171875 0.03125 0.096875
0 0.025 0.9 0.01796875 0.0859375
1 0.375 0.87734375 0.05703125 0.059375
