1 0.86875 0.5109375 0.040625 0.05859375
0 0.5421875 0.409375 0.034375 0.10546875
12 0.0734375 0.553125 0.146875 0.10546875
0 0.17890625 0.51640625 0.0203125 0.05625
0 0.14453125 0.48203125 0.0078125 0.03515625
0 0.5984375 0.4515625 0.021875 0.08671875
0 0.678125 0.46015625 0.021875 0.09375
0 0.696875 0.4796875 0.009375 0.04453125
0 0.34453125 0.39765625 0.0640625 0.18984375
0 0.74609375 0.44921875 0.0234375 0.05390625
0 0.77109375 0.48359375 0.0109375 0.0328125
1 0.9109375 0.50859375 0.01875 0.03984375
0 0.15 0.5046875 0.0125 0.0328125
0 0.0390625 0.49375 0.009375 0.02109375
