1 0.50703125 0.22578125 0.3265625 0.2796875
1 0.34609375 0.1703125 0.0734375 0.06875
0 0.6515625 0.47734375 0.471875 0.9546875
0 0.27421875 0.1796875 0.0890625 0.21875
0 0.85625 0.12421875 0.05625 0.1140625
0 0.38046875 0.11484375 0.0453125 0.0515625
0 0.4234375 0.1140625 0.04375 0.0625
1 0.965625 0.25546875 0.065625 0.1953125
1 0.90859375 0.3171875 0.1140625 0.21875
1 0.44609375 0.10703125 0.1109375 0.0765625
0 0.10703125 0.15625 0.0796875 0.20625
0 0.46171875 0.090625 0.0296875 0.028125
0 0.11484375 0.39140625 0.0484375 0.3796875
0 0.24453125 0.11640625 0.0390625 0.0796875
0 0.36875 0.10703125 0.025 0.0484375
0 0.0640625 0.10390625 0.1 0.2015625
0 0.91484375 0.128125 0.0484375 0.121875
0 0.46171875 0.47734375 0.9234375 0.9515625
9 0.62265625 0.6390625 0.6671875 0.715625
