1 0.2578125 0.55 0.090625 0.0671875
1 0.9375 0.59765625 0.1125 0.12734375
12 0.27890625 0.496875 0.1140625 0.09375
7 0.05625 0.56171875 0.109375 0.640625
7 0.86171875 0.53828125 0.2671875 0.2046875
7 0.396875 0.521875 0.05 0.07734375
7 0.14296875 0.51328125 0.0796875 0.12109375
7 0.2296875 0.50859375 0.103125 0.10390625
7 0.48359375 0.5203125 0.0515625 0.0734375
7 0.5484375 0.51875 0.05 0.13125
7 0.6296875 0.525 0.025 0.13125
7 0.6078125 0.5265625 0.021875 0.134375
7 0.58203125 0.5203125 0.0359375 0.12734375
7 0.7109375 0.525 0.04375 0.1640625
7 0.65625 0.5234375 0.03125 0.140625
12 0.99375 0.58203125 0.009375 0.19140625
7 0.7875 0.475 0.240625 0.2515625
7 0.58671875 0.48984375 0.1578125 0.17421875
