1 0.34609375 0.49921875 0.0453125 0.06796875
7 0.134375 0.44296875 0.175 0.1890625
0 0.6234375 0.63203125 0.13125 0.2734375
0 0.77734375 0.67421875 0.1578125 0.315625
0 0.884375 0.66953125 0.228125 0.6328125
0 0.25546875 0.54765625 0.0734375 0.3203125
0 0.01640625 0.4203125 0.0078125 0.0140625
0 0.0828125 0.50078125 0.04375 0.11484375
0 0.11796875 0.6625 0.1953125 0.278125
0 0.0578125 0.4828125 0.025 0.08203125
0 0.78671875 0.44609375 0.0453125 0.065625
0 0.5734375 0.44140625 0.021875 0.084375
1 0.3171875 0.5 0.04375 0.05625
0 0.03515625 0.6078125 0.0703125 0.28984375
0 0.390625 0.52109375 0.05625 0.22421875
1 0.3078125 0.48359375 0.04375 0.0609375
