6 0.64296875 0.65390625 0.034375 0.12109375
7 0.26015625 0.515625 0.5203125 0.44453125
0 0.62578125 0.5890625 0.07578125 0.24140625
0 0.75 0.5953125 0.0640625 0.259375
0 0.77734375 0.57734375 0.04609375 0.21875
0 0.83671875 0.578125 0.0703125 0.27734375
0 0.8921875 0.57421875 0.05625 0.21875
0 0.93515625 0.5640625 0.04609375 0.22890625
0 0.546875 0.5 0.0296875 0.115625
0 0.603125 0.4859375 0.0296875 0.071875
1 0.846875 0.515625 0.26171875 0.10546875
0 0.96015625 0.5671875 0.02421875 0.146875
0 0.85078125 0.44765625 0.021875 0.0359375
0 0.56328125 0.4921875 0.021875 0.10546875
0 0.91796875 0.55 0.04375 0.22109375
0 0.5203125 0.49375 0.01171875 0.0875
