1 0.05078125 0.7265625 0.09765625 0.27421875
1 0.2015625 0.6640625 0.15703125 0.14375
1 0.8390625 0.6359375 0.15234375 0.1765625
1 0.46796875 0.62265625 0.14296875 0.1140625
10 0.24609375 0.4734375 0.02109375 0.2609375
0 0.496875 0.6765625 0.05 0.1203125
9 0.4984375 0.721875 0.0578125 0.11171875
9 0.3421875 0.69375 0.05546875 0.09296875
0 0.33828125 0.65546875 0.03984375 0.115625
9 0.696875 0.77109375 0.13046875 0.1953125
0 0.721875 0.70859375 0.07421875 0.21640625
0 0.68828125 0.71328125 0.06015625 0.2265625
1 0.62109375 0.6328125 0.14296875 0.1234375
1 0.93125 0.6375 0.12265625 0.19921875
1 0.9859375 0.67265625 0.02734375 0.11015625
1 0.584375 0.6203125 0.1328125 0.1390625
1 0.40546875 0.61328125 0.0984375 0.10703125
1 0.3125 0.6109375 0.10546875 0.07578125
1 0.28203125 0.5796875 0.12421875 0.0609375
1 0.15234375 0.60234375 0.08828125 0.06015625
10 0.10078125 0.490625 0.0171875 0.35390625
11 0.06328125 0.64140625 0.07578125 0.1109375
