1 0.9609375 0.65234375 0.075 0.14140625
1 0.88828125 0.62421875 0.1140625 0.14765625
1 0.809375 0.64453125 0.13125 0.15625
1 0.9625 0.59140625 0.06875 0.05859375
1 0.971875 0.54375 0.053125 0.04609375
7 0.5796875 0.559375 0.2875 0.34765625
1 0.78203125 0.56171875 0.0703125 0.05234375
1 0.97734375 0.51328125 0.0421875 0.05234375
17 0.40234375 0.690625 0.0296875 0.06484375
0 0.31953125 0.65625 0.0984375 0.35859375
0 0.20078125 0.66015625 0.0921875 0.36640625
0 0.73359375 0.65078125 0.0421875 0.16875
0 0.75390625 0.54921875 0.0234375 0.06484375
0 0.0859375 0.65859375 0.046875 0.1625
0 0.1125 0.65625 0.028125 0.15390625
0 0.1203125 0.64296875 0.053125 0.16484375
0 0.1484375 0.653125 0.034375 0.14375
0 0.81328125 0.65703125 0.0859375 0.26484375
0 0.06171875 0.653125 0.0234375 0.14375
0 0.02734375 0.66640625 0.0296875 0.15
1 0.86953125 0.54375 0.0703125 0.025
1 0.93359375 0.56796875 0.0328125 0.03984375
0 0.04296875 0.64765625 0.0296875 0.15859375
0 0.4921875 0.434375 0.984375 0.69765625
10 0.3734375 0.40859375 0.075 0.8125
10 0.64609375 0.209375 0.0359375 0.41015625
10 0.89375 0.290625 0.03125 0.46875
