0 0.32421875 0.75546875 0.0671875 0.23203125
0 0.2703125 0.76328125 0.05625 0.20625
0 0.1703125 0.81015625 0.06875 0.290625
0 0.42265625 0.709375 0.0328125 0.1171875
0 0.384375 0.70703125 0.025 0.121875
0 0.6390625 0.69453125 0.025 0.09609375
0 0.34765625 0.73203125 0.0171875 0.14296875
0 0.121875 0.80078125 0.090625 0.2578125
0 0.4515625 0.67109375 0.021875 0.04921875
0 0.82109375 0.6578125 0.0234375 0.0375
0 0.490625 0.6765625 0.01875 0.0515625
0 0.48515625 0.67421875 0.0140625 0.0515625
1 0.33125 0.66953125 0.06875 0.0328125
0 0.50625 0.66015625 0.003125 0.0046875
10 0.69140625 0.59453125 0.0296875 0.24375
15 0.5984375 0.70625 0.0125 0.03515625
15 0.5859375 0.7 0.0125 0.0421875
