1 0.75703125 0.53828125 0.2453125 0.2640625
1 0.65546875 0.4109375 0.1609375 0.20546875
1 0.6 0.3296875 0.13125 0.15390625
1 0.85234375 0.25 0.1234375 0.121875
1 0.85234375 0.16796875 0.0859375 0.075
0 0.52890625 0.5234375 0.1203125 0.28984375
0 0.15859375 0.653125 0.0609375 0.3625
0 0.30625 0.53359375 0.065625 0.2828125
0 0.33515625 0.13984375 0.0171875 0.084375
1 0.5953125 0.221875 0.1 0.0703125
1 0.9703125 0.2046875 0.05625 0.11015625
10 0.44296875 0.46015625 0.0546875 0.9203125
10 0.7609375 0.43828125 0.1 0.8671875
17 0.68125 0.64453125 0.053125 0.18203125
