9 0.353125 0.6640625 0.271875 0.46640625
9 0.68046875 0.44296875 0.1265625 0.2296875
9 0.50703125 0.3328125 0.0203125 0.0890625
9 0.490625 0.41328125 0.0375 0.16171875
9 0.52421875 0.3140625 0.0171875 0.065625
9 0.6078125 0.35 0.040625 0.08203125
0 0.384375 0.3328125 0.21875 0.46875
0 0.459375 0.2796875 0.0875 0.18984375
0 0.48671875 0.24453125 0.0453125 0.09140625
0 0.5109375 0.24140625 0.028125 0.0609375
0 0.59140625 0.29140625 0.0515625 0.16171875
0 0.790625 0.28359375 0.021875 0.084375
0 0.65546875 0.35234375 0.1453125 0.32109375
0 0.82109375 0.28203125 0.0203125 0.08671875
0 0.5296875 0.2421875 0.025 0.05390625
12 0.8 0.26953125 0.090625 0.0609375
0 0.6171875 0.2796875 0.06875 0.14765625
0 0.9859375 0.3125 0.021875 0.15234375
9 0.5359375 0.29609375 0.01875 0.07734375
9 0.51875 0.265625 0.015625 0.02109375
9 0.58828125 0.2859375 0.0140625 0.0515625
9 0.5734375 0.28125 0.0125 0.046875
9 0.5828125 0.253125 0.01875 0.01875
9 0.5890625 0.3125 0.021875 0.08203125
0 0.190625 0.2671875 0.009375 0.0375
0 0.75390625 0.271875 0.0171875 0.065625
9 0.34609375 0.68359375 0.2796875 0.46875
15 0.21171875 0.328125 0.0328125 0.084375
