1 0.31640625 0.40078125 0.2453125 0.16015625
1 0.5390625 0.30546875 0.090625 0.09765625
1 0.91015625 0.49609375 0.1671875 0.17890625
1 0.19296875 0.34375 0.2046875 0.13359375
1 0.0453125 0.36171875 0.090625 0.08125
1 0.7765625 0.371875 0.2125 0.11484375
12 0.4125 0.21953125 0.2375 0.18984375
1 0.53828125 0.21015625 0.0515625 0.04140625
1 0.55703125 0.19453125 0.0796875 0.03515625
1 0.08359375 0.29296875 0.1671875 0.06875
1 0.17578125 0.225 0.0953125 0.05390625
1 0.63984375 0.26484375 0.1359375 0.09609375
1 0.24453125 0.25 0.1203125 0.05859375
12 0.634375 0.16484375 0.128125 0.06640625
12 0.8296875 0.325 0.209375 0.11640625
12 0.2171875 0.159375 0.096875 0.06875
12 0.5640625 0.13203125 0.04375 0.02734375
12 0.7453125 0.159375 0.04375 0.03125
12 0.5734375 0.79375 0.640625 0.3875
1 0.41875 0.21328125 0.78125 0.20234375
