1 0.07265625 0.90703125 0.1421875 0.12734375
1 0.371875 0.865625 0.040625 0.04765625
1 0.6109375 0.87421875 0.053125 0.05234375
1 0.5671875 0.853125 0.03125 0.01875
1 0.46328125 0.85390625 0.0296875 0.01640625
1 0.48203125 0.85078125 0.0140625 0.01015625
1 0.4265625 0.85703125 0.00625 0.01015625
1 0.4984375 0.85 0.009375 0.00859375
1 0.515625 0.84765625 0.0125 0.00859375
1 0.52421875 0.846875 0.0109375 0.00625
10 0.7765625 0.65 0.03125 0.49609375
10 0.15 0.85625 0.0125 0.1125
10 0.68984375 0.80390625 0.0140625 0.15859375
14 0.74296875 0.875 0.0234375 0.04140625
