1 0.909375 0.7625 0.175 0.46640625
1 0.14296875 0.63828125 0.0921875 0.07734375
1 0.46484375 0.621875 0.0578125 0.06875
1 0.65390625 0.584375 0.0515625 0.06484375
1 0.87109375 0.59375 0.0546875 0.05859375
1 0.3171875 0.62578125 0.159375 0.09765625
1 0.48125 0.60390625 0.078125 0.06640625
7 0.73984375 0.534375 0.0703125 0.12734375
1 0.41484375 0.61328125 0.0703125 0.07734375
1 0.53046875 0.61015625 0.0453125 0.05859375
1 0.915625 0.65390625 0.1625 0.26640625
1 0.05078125 0.73984375 0.1015625 0.08359375
1 0.5265625 0.5875 0.05 0.0375
12 0.78046875 0.58046875 0.0640625 0.07734375
1 0.5453125 0.540625 0.6375 0.15234375
10 0.209375 0.43359375 0.071875 0.86640625
