0 0.73203125 0.62265625 0.040625 0.10234375
16 0.59765625 0.71796875 0.06015625 0.0640625
16 0.64921875 0.73125 0.05 0.0703125
16 0.56171875 0.709375 0.0453125 0.0578125
10 0.27109375 0.5046875 0.02421875 0.3453125
9 0.27421875 0.6375 0.0953125 0.07265625
0 0.284375 0.62109375 0.01953125 0.06796875
14 0.20859375 0.6421875 0.05546875 0.05234375
16 0.603125 0.684375 0.05 0.034375
16 0.63125 0.68359375 0.04453125 0.05
16 0.653125 0.6734375 0.034375 0.03515625
10 0.65625 0.63125 0.0078125 0.04765625
10 0.6921875 0.59765625 0.0171875 0.15703125
13 0.31484375 0.60234375 0.01171875 0.14296875
0 0.1078125 0.61484375 0.0109375 0.034375
