1 0.15234375 0.55 0.0984375 0.12734375
1 0.8953125 0.4875 0.134375 0.08203125
1 0.9640625 0.4859375 0.059375 0.07890625
1 0.0125 0.47421875 0.01875 0.01796875
7 0.3046875 0.434375 0.165625 0.18828125
0 0.290625 0.5078125 0.025 0.08515625
7 0.4703125 0.4375 0.1125 0.14609375
0 0.65625 0.47890625 0.009375 0.0578125
1 0.0234375 0.47421875 0.0125 0.01796875
1 0.978125 0.48203125 0.040625 0.06953125
7 0.20078125 0.446875 0.0484375 0.115625
0 0.0765625 0.46796875 0.00625 0.01796875
1 0.08046875 0.5046875 0.0453125 0.0609375
7 0.16328125 0.4578125 0.0296875 0.0578125
7 0.77265625 0.46015625 0.0359375 0.10625
10 0.7265625 0.48359375 0.0125 0.1703125
10 0.8328125 0.48203125 0.015625 0.1796875
