15 0.7734375 0.46171875 0.3609375 0.83125
15 0.35703125 0.64453125 0.1125 0.26484375
15 0.28203125 0.671875 0.0671875 0.16171875
15 0.2125 0.68984375 0.0421875 0.10546875
15 0.18359375 0.69609375 0.028125 0.08828125
15 0.1578125 0.6984375 0.028125 0.0734375
15 0.134375 0.70078125 0.02265625 0.06875
15 0.115625 0.7046875 0.01953125 0.05625
15 0.09765625 0.703125 0.01640625 0.05390625
15 0.0828125 0.7046875 0.01484375 0.04140625
15 0.0671875 0.70703125 0.01640625 0.04140625
15 0.05 0.70703125 0.01484375 0.03671875
12 0.51875 0.425 0.390625 0.64921875
15 0.03125 0.7046875 0.01328125 0.03671875
15 0.01484375 0.7046875 0.01015625 0.03671875
