1 0.69296875 0.31640625 0.05625 0.0296875
1 0.90625 0.39765625 0.0703125 0.0484375
1 0.97890625 0.45859375 0.0375 0.0359375
1 0.28125 0.4390625 0.0984375 0.0375
1 0.60625 0.31171875 0.0375 0.0296875
1 0.0546875 0.45859375 0.04921875 0.0296875
7 0.7578125 0.428125 0.14296875 0.11875
12 0.8171875 0.37265625 0.1078125 0.0921875
0 0.6828125 0.59921875 0.01640625 0.0265625
0 0.33046875 0.54921875 0.0234375 0.0265625
0 0.5125 0.52109375 0.01875 0.0265625
0 0.6640625 0.5984375 0.01171875 0.025
1 0.57265625 0.225 0.03515625 0.021875
12 0.625 0.26484375 0.084375 0.0546875
0 0.56640625 0.509375 0.0140625 0.021875
0 0.68984375 0.23125 0.01171875 0.01875
0 0.8265625 0.321875 0.0140625 0.025
0 0.96171875 0.36328125 0.01171875 0.0203125
0 0.7046875 0.23984375 0.009375 0.0203125
0 0.76328125 0.59609375 0.0234375 0.0203125
12 0.74921875 0.340625 0.05625 0.059375
1 0.74609375 0.33984375 0.05859375 0.0546875
12 0.61953125 0.22578125 0.04453125 0.0328125
