1 0.07890625 0.3390625 0.1578125 0.053125
1 0.19453125 0.246875 0.0921875 0.04921875
0 0.08203125 0.265625 0.0921875 0.29375
0 0.18515625 0.303125 0.0890625 0.16953125
0 0.43125 0.27734375 0.084375 0.31875
0 0.79453125 0.290625 0.1109375 0.53671875
0 0.8625 0.30625 0.059375 0.27734375
0 0.29765625 0.4421875 0.2890625 0.28359375
0 0.7078125 0.2890625 0.046875 0.28359375
1 0.7328125 0.26328125 0.025 0.040625
1 0.02578125 0.29375 0.0515625 0.06953125
8 0.60390625 0.359375 0.0546875 0.09375
0 0.66015625 0.2890625 0.0921875 0.39765625
0 0.92265625 0.303125 0.0671875 0.32421875
