1 0.671875 0.5203125 0.04765625 0.021875
1 0.45703125 0.5265625 0.03515625 0.021875
1 0.90625 0.51875 0.025 0.009375
1 0.01328125 0.57578125 0.0265625 0.0515625
0 0.92734375 0.55078125 0.02890625 0.0515625
0 0.61796875 0.540625 0.01875 0.028125
0 0.56796875 0.534375 0.01875 0.01875
0 0.95703125 0.55234375 0.02265625 0.0484375
0 0.6 0.53828125 0.0125 0.0296875
7 0.69921875 0.503125 0.08984375 0.040625
7 0.046875 0.534375 0.09375 0.078125
0 0.65078125 0.5234375 0.01484375 0.025
0 0.42890625 0.52890625 0.0125 0.0234375
0 0.44453125 0.528125 0.01484375 0.021875
1 0.10703125 0.54140625 0.02734375 0.0203125
0 0.92265625 0.509375 0.00859375 0.0125
0 0.9 0.50859375 0.0125 0.0109375
0 0.521875 0.525 0.01015625 0.01875
0 0.96484375 0.525 0.0125 0.021875
0 0.990625 0.56171875 0.01015625 0.0578125
