16 0.328125 0.4609375 0.07890625 0.15390625
16 0.61015625 0.39296875 0.07109375 0.134375
9 0.28203125 0.25234375 0.075 0.11171875
9 0.734375 0.30390625 0.0921875 0.1484375
6 0.553125 0.26171875 0.0765625 0.08125
1 0.57890625 0.19296875 0.11328125 0.13359375
10 0.509375 0.18671875 0.0234375 0.25859375
6 0.35390625 0.1890625 0.0515625 0.0609375
0 0.2875 0.2203125 0.03828125 0.121875
0 0.65234375 0.2109375 0.0359375 0.109375
9 0.425 0.1671875 0.053125 0.075
9 0.36640625 0.16953125 0.05703125 0.08671875
1 0.521875 0.15859375 0.06015625 0.05703125
1 0.665625 0.14375 0.04140625 0.0453125
14 0.771875 0.15859375 0.0203125 0.04375
