0 0.35703125 0.559375 0.6609375 0.853125
0 0.4 0.3796875 0.05 0.20078125
0 0.10390625 0.38125 0.0390625 0.1515625
0 0.4421875 0.353125 0.03125 0.1421875
0 0.41484375 0.384375 0.0234375 0.16328125
0 0.13515625 0.37265625 0.0328125 0.15390625
0 0.34921875 0.36015625 0.0515625 0.1421875
0 0.071875 0.38203125 0.028125 0.15390625
0 0.02890625 0.4125 0.0578125 0.228125
0 0.2078125 0.35078125 0.025 0.1140625
0 0.02890625 0.40703125 0.0265625 0.146875
0 0.17265625 0.35859375 0.0171875 0.12578125
10 0.49765625 0.2625 0.0578125 0.52421875
