1 0.084375 0.83203125 0.153125 0.11484375
1 0.18984375 0.81953125 0.1203125 0.08515625
1 0.03359375 0.76640625 0.0265625 0.02109375
1 0.7125 0.76015625 0.034375 0.01640625
1 0.6734375 0.76171875 0.040625 0.01484375
1 0.7609375 0.76015625 0.015625 0.0125
1 0.7875 0.759375 0.05625 0.01875
12 0.48203125 0.85625 0.3390625 0.17109375
1 0.9734375 0.809375 0.05 0.07734375
1 0.875 0.75390625 0.05625 0.01640625
1 0.009375 0.77421875 0.01875 0.02265625
1 0.00625 0.81875 0.0125 0.05859375
1 0.96875 0.75390625 0.05625 0.02109375
12 0.85625 0.75234375 0.021875 0.01640625
12 0.9734375 0.81015625 0.05 0.075
12 0.29453125 0.76875 0.0421875 0.025
1 0.48046875 0.846875 0.3484375 0.19375
