16 0.07421875 0.39921875 0.06875 0.115625
16 0.24296875 0.39609375 0.06015625 0.109375
16 0.37734375 0.39609375 0.05859375 0.1015625
16 0.5421875 0.4 0.0625 0.11640625
16 0.703125 0.40390625 0.06953125 0.12890625
16 0.87578125 0.4171875 0.084375 0.14140625
10 0.86171875 0.15546875 0.02109375 0.28046875
10 0.94140625 0.2609375 0.04140625 0.475
14 0.1171875 0.28515625 0.03046875 0.08125
9 0.4328125 0.26171875 0.03359375 0.09453125
0 0.6796875 0.2390625 0.0265625 0.1046875
14 0.81328125 0.2609375 0.03828125 0.07109375
0 0.24140625 0.221875 0.00703125 0.03203125
0 0.11015625 0.22109375 0.01640625 0.0484375
9 0.07578125 0.2359375 0.01015625 0.03125
