17 0.2078125 0.7359375 0.1203125 0.25703125
1 0.27265625 0.25234375 0.05390625 0.06328125
1 0.2796875 0.16015625 0.06015625 0.05546875
1 0.3109375 0.13515625 0.02578125 0.0265625
1 0.27578125 0.209375 0.04375 0.0265625
1 0.3953125 0.16875 0.03828125 0.05078125
1 0.95234375 0.68828125 0.0796875 0.209375
1 0.87578125 0.709375 0.1359375 0.1671875
1 0.74765625 0.771875 0.13203125 0.053125
1 0.36796875 0.13515625 0.0203125 0.0421875
1 0.571875 0.79296875 0.06796875 0.02109375
12 0.41875 0.24140625 0.06171875 0.07421875
12 0.41171875 0.190625 0.05625 0.053125
1 0.67890625 0.7828125 0.04609375 0.0421875
10 0.815625 0.4015625 0.04375 0.6921875
10 0.49375 0.18203125 0.03203125 0.34765625
