15 0.21484375 0.6421875 0.11171875 0.175
15 0.96015625 0.58671875 0.07890625 0.1765625
0 0.66484375 0.296875 0.03359375 0.06015625
0 0.6890625 0.2671875 0.01640625 0.021875
0 0.61875 0.27578125 0.0125 0.02421875
0 0.63984375 0.26875 0.00859375 0.021875
0 0.27578125 0.33359375 0.0609375 0.1140625
1 0.05078125 0.325 0.07734375 0.059375
9 0.12109375 0.31796875 0.03984375 0.0359375
0 0.1203125 0.3140625 0.01640625 0.0421875
0 0.1703125 0.3078125 0.0171875 0.03203125
0 0.18828125 0.30703125 0.01328125 0.03203125
9 0.21171875 0.3125 0.02265625 0.03046875
0 0.209375 0.303125 0.0171875 0.03359375
15 0.4375 0.325 0.015625 0.0265625
15 0.44609375 0.3203125 0.01171875 0.02265625
15 0.45390625 0.31484375 0.01171875 0.02109375
15 0.478125 0.3078125 0.0109375 0.01953125
15 0.4921875 0.303125 0.00859375 0.0171875
0 0.375 0.28671875 0.01328125 0.02109375
10 0.29453125 0.20234375 0.02578125 0.18671875
10 0.09765625 0.24609375 0.02109375 0.09765625
10 0.625 0.18515625 0.009375 0.14140625
15 0.55390625 0.290625 0.00859375 0.0125
1 0.4984375 0.2671875 0.01640625 0.01171875
15 0.51796875 0.296875 0.00859375 0.0140625
15 0.52265625 0.29609375 0.00625 0.01328125
15 0.5265625 0.2953125 0.00546875 0.01328125
15 0.578125 0.290625 0.01015625 0.00703125
0 0.46015625 0.28984375 0.009375 0.02265625
0 0.43984375 0.28359375 0.00703125 0.02421875
9 0.44140625 0.28984375 0.02265625 0.01640625
0 0.409375 0.2734375 0.00546875 0.015625
11 0.34609375 0.2921875 0.04296875 0.03359375
0 0.31640625 0.290625 0.0078125 0.02109375
1 0.246875 0.2984375 0.02578125 0.02578125
15 0.384375 0.34375 0.01953125 0.01953125
1 0.00859375 0.3125 0.0171875 0.03125
9 0.096875 0.31796875 0.02421875 0.02890625
