14 0.53671875 0.615625 0.28125 0.57578125
9 0.75625 0.2671875 0.0828125 0.20625
9 0.92265625 0.27578125 0.07578125 0.21484375
9 0.59765625 0.240625 0.0796875 0.184375
9 0.53671875 0.23359375 0.0671875 0.178125
9 0.4765625 0.21953125 0.10078125 0.16640625
9 0.28359375 0.19609375 0.09296875 0.153125
14 0.89375 0.68828125 0.20703125 0.62109375
9 0.36875 0.20703125 0.053125 0.15703125
9 0.409375 0.21640625 0.05703125 0.15625
9 0.22265625 0.184375 0.0609375 0.13984375
11 0.12109375 0.15078125 0.146875 0.190625
