1 0.29609375 0.75859375 0.0359375 0.03984375
1 0.23671875 0.76875 0.10625 0.06328125
1 0.03515625 0.75546875 0.065625 0.05078125
1 0.0953125 0.75546875 0.078125 0.04609375
1 0.53828125 0.7421875 0.015625 0.00625
1 0.346875 0.7640625 0.0859375 0.0671875
1 0.50625 0.74609375 0.0203125 0.01484375
1 0.3921875 0.74765625 0.015625 0.025
1 0.58515625 0.73984375 0.0140625 0.01015625
10 0.83203125 0.403125 0.1078125 0.75546875
10 0.68125 0.615625 0.0421875 0.28828125
10 0.23515625 0.6421875 0.021875 0.17265625
