6 0.49453125 0.47734375 0.0078125 0.04140625
1 0.77734375 0.446875 0.2265625 0.03515625
1 0.25234375 0.46796875 0.0671875 0.04765625
1 0.7703125 0.434375 0.046875 0.02734375
1 0.72734375 0.434375 0.0390625 0.01875
0 0.5375 0.496875 0.0375 0.13515625
0 0.49609375 0.46171875 0.0234375 0.06875
0 0.15703125 0.46015625 0.0078125 0.03359375
0 0.58828125 0.44296875 0.0109375 0.03515625
0 0.56953125 0.43828125 0.0078125 0.02265625
0 0.5484375 0.46796875 0.01875 0.06015625
12 0.30234375 0.45234375 0.0546875 0.05
6 0.53671875 0.53515625 0.0109375 0.08359375
0 0.3125 0.44453125 0.003125 0.00625
0 0.5265625 0.440625 0.009375 0.01484375
1 0.98046875 0.42578125 0.0359375 0.01875
1 0.91171875 0.43046875 0.0453125 0.02265625
1 0.6546875 0.43984375 0.028125 0.02109375
1 0.82578125 0.43046875 0.0421875 0.01875
