12 0.26484375 0.7390625 0.1109375 0.08984375
0 0.3765625 0.7671875 0.028125 0.1
0 0.33203125 0.775 0.0203125 0.0796875
0 0.353125 0.76796875 0.01875 0.09375
0 0.3078125 0.77421875 0.009375 0.02421875
0 0.2875 0.771875 0.01875 0.07734375
0 0.10546875 0.75390625 0.0140625 0.053125
0 0.29921875 0.77265625 0.0109375 0.075
1 0.31171875 0.74921875 0.0640625 0.06953125
13 0.58203125 0.7796875 0.0109375 0.04921875
13 0.5125 0.7875 0.0125 0.046875
13 0.54765625 0.7828125 0.0109375 0.046875
13 0.4671875 0.7875 0.0125 0.05078125
13 0.41640625 0.79140625 0.0109375 0.05078125
