0 0.5328125 0.62265625 0.1875 0.48671875
0 0.4015625 0.5046875 0.04375 0.08359375
0 0.84609375 0.5 0.0421875 0.2265625
0 0.7296875 0.50859375 0.096875 0.271875
0 0.51875 0.42265625 0.03125 0.1
0 0.378125 0.38203125 0.05 0.0859375
0 0.3078125 0.4296875 0.034375 0.18125
0 0.09765625 0.38984375 0.0421875 0.121875
0 0.24609375 0.5640625 0.1171875 0.3796875
0 0.3375 0.5140625 0.075 0.303125
0 0.9640625 0.5609375 0.06875 0.2578125
0 0.69609375 0.559375 0.1296875 0.29375
0 0.50546875 0.54140625 0.0359375 0.1
0 0.4984375 0.6375 0.996875 0.715625
9 0.4796875 0.64765625 0.371875 0.45078125
9 0.2234375 0.59296875 0.325 0.33203125
9 0.9171875 0.66328125 0.159375 0.31484375
10 0.22734375 0.19296875 0.0390625 0.3859375
10 0.54375 0.2328125 0.025 0.465625
10 0.6109375 0.1859375 0.053125 0.371875
