7 0.60859375 0.63671875 0.1703125 0.15234375
1 0.440625 0.69296875 0.071875 0.09375
12 0.88203125 0.78125 0.2296875 0.3
0 0.97890625 0.7375 0.0296875 0.07890625
0 0.98359375 0.68984375 0.0203125 0.05390625
0 0.703125 0.65859375 0.0125 0.04140625
0 0.69296875 0.65625 0.0171875 0.05859375
0 0.8015625 0.6375 0.0125 0.01640625
0 0.81484375 0.63359375 0.0171875 0.02109375
0 0.86484375 0.63515625 0.0109375 0.0125
0 0.8484375 0.63046875 0.009375 0.02265625
0 0.0875 0.61484375 0.0125 0.07109375
0 0.384375 0.60390625 0.01875 0.04609375
1 0.70078125 0.85234375 0.4984375 0.22890625
1 0.22578125 0.71796875 0.1078125 0.06015625
1 0.52890625 0.81484375 0.1546875 0.12109375
1 0.184375 0.84453125 0.36875 0.20234375
1 0.3453125 0.68515625 0.103125 0.125
1 0.040625 0.721875 0.08125 0.11875
1 0.18046875 0.68125 0.0796875 0.075
1 0.146875 0.665625 0.08125 0.07734375
1 0.21953125 0.62734375 0.0671875 0.07890625
1 0.47890625 0.71328125 0.1109375 0.08984375
7 0.4734375 0.609375 0.14375 0.13125
1 0.309375 0.590625 0.046875 0.04765625
1 0.44375 0.671875 0.603125 0.18515625
