9 0.6515625 0.65078125 0.1875 0.18984375
9 0.50390625 0.56796875 0.1453125 0.18515625
9 0.415625 0.509375 0.05625 0.10625
9 0.590625 0.496875 0.084375 0.08515625
9 0.640625 0.53046875 0.075 0.10234375
1 0.5765625 0.42890625 0.053125 0.04609375
1 0.9078125 0.45546875 0.178125 0.08984375
12 0.86953125 0.39296875 0.2578125 0.17734375
0 0.79375 0.70390625 0.13125 0.54140625
0 0.690625 0.59453125 0.09375 0.25625
0 0.5234375 0.53984375 0.05 0.225
0 0.4796875 0.45546875 0.025 0.07265625
0 0.44921875 0.5 0.0421875 0.14140625
0 0.5765625 0.46171875 0.04375 0.07265625
0 0.49375 0.46015625 0.04375 0.07109375
0 0.609375 0.45 0.021875 0.06640625
0 0.6328125 0.43203125 0.021875 0.03984375
0 0.646875 0.43203125 0.021875 0.05234375
0 0.5484375 0.44609375 0.021875 0.05859375
0 0.653125 0.45546875 0.05625 0.06484375
1 0.36953125 0.38203125 0.0140625 0.01484375
1 0.96640625 0.52890625 0.0640625 0.04140625
1 0.475 0.38203125 0.025 0.02265625
1 0.378125 0.37421875 0.0125 0.01484375
1 0.35390625 0.384375 0.0109375 0.01875
0 0.678125 0.48359375 0.046875 0.10390625
9 0.9765625 0.56171875 0.04375 0.10234375
9 0.84765625 0.465625 0.0421875 0.06015625
9 0.6359375 0.52265625 0.090625 0.08359375
9 0.4734375 0.534375 0.065625 0.06875
0 0.42890625 0.4625 0.6328125 0.13359375
