0 0.50078125 0.6046875 0.3234375 0.72421875
0 0.35625 0.2296875 0.075 0.21484375
0 0.44921875 0.29375 0.1578125 0.21484375
0 0.58046875 0.1875 0.0484375 0.078125
0 0.61640625 0.23359375 0.0796875 0.2546875
0 0.60078125 0.35234375 0.1453125 0.25234375
0 0.1140625 0.525 0.228125 0.6203125
0 0.71640625 0.40078125 0.1078125 0.51875
0 0.865625 0.56015625 0.265625 0.64375
0 0.51640625 0.2484375 0.0640625 0.19609375
0 0.25546875 0.4 0.1953125 0.43125
12 0.1046875 0.11328125 0.096875 0.08046875
0 0.55859375 0.23359375 0.0921875 0.2359375
0 0.1921875 0.2546875 0.10625 0.1984375
0 0.48125 0.44921875 0.940625 0.671875
9 0.51484375 0.6625 0.3171875 0.65546875
