0 0.46875 0.5875 0.1875 0.47890625
0 0.228125 0.69140625 0.23125 0.4625
0 0.59453125 0.41171875 0.0578125 0.15234375
0 0.428125 0.375 0.046875 0.2125
0 0.3921875 0.378125 0.04375 0.21484375
0 0.3796875 0.37890625 0.0375 0.20859375
0 0.33515625 0.378125 0.0515625 0.21015625
0 0.2625 0.33828125 0.06875 0.11875
0 0.6515625 0.39765625 0.09375 0.275
0 0.7765625 0.41796875 0.06875 0.12265625
0 0.83984375 0.409375 0.0515625 0.13984375
0 0.92890625 0.41171875 0.0640625 0.13125
0 0.53671875 0.37578125 0.0515625 0.21015625
0 0.4375 0.38046875 0.85625 0.24765625
