0 0.60390625 0.77421875 0.0203125 0.0578125
1 0.28359375 0.86171875 0.1453125 0.15546875
1 0.3828125 0.81015625 0.0875 0.1078125
1 0.4515625 0.8140625 0.05625 0.0828125
1 0.5578125 0.77421875 0.034375 0.075
1 0.5234375 0.78984375 0.046875 0.071875
1 0.74296875 0.8203125 0.0921875 0.13828125
1 0.58125 0.76171875 0.034375 0.0609375
1 0.1109375 0.89296875 0.221875 0.17421875
1 0.48203125 0.7953125 0.0578125 0.08828125
1 0.77734375 0.7578125 0.0390625 0.06953125
1 0.67578125 0.709375 0.0265625 0.021875
1 0.68359375 0.6953125 0.0203125 0.02734375
0 0.12578125 0.84375 0.0234375 0.03046875
1 0.746875 0.71875 0.03125 0.04140625
1 0.3296875 0.79921875 0.659375 0.28515625
