1 0.89140625 0.14921875 0.0453125 0.04375
1 0.69453125 0.31171875 0.0578125 0.06015625
1 0.81171875 0.35390625 0.0421875 0.05390625
1 0.84609375 0.31796875 0.0515625 0.05625
12 0.27421875 0.68828125 0.1796875 0.20234375
12 0.45234375 0.52578125 0.1578125 0.17734375
12 0.7359375 0.40625 0.128125 0.14140625
1 0.90390625 0.76796875 0.0328125 0.04375
1 0.9140625 0.246875 0.04375 0.06015625
1 0.16484375 0.95859375 0.0953125 0.05390625
1 0.95859375 0.08984375 0.0359375 0.0375
12 0.13046875 0.65234375 0.0890625 0.09140625
1 0.98515625 0.05859375 0.0234375 0.03359375
