1 0.3015625 0.121875 0.13828125 0.046875
1 0.4203125 0.11015625 0.1078125 0.0328125
0 0.8390625 0.21796875 0.08671875 0.1203125
0 0.91875 0.2046875 0.06796875 0.078125
0 0.975 0.1953125 0.03984375 0.03125
0 0.7125 0.15390625 0.05859375 0.0296875
0 0.78984375 0.16953125 0.03984375 0.0515625
0 0.61640625 0.14765625 0.04453125 0.0671875
0 0.39296875 0.11953125 0.05390625 0.0765625
0 0.0765625 0.11953125 0.10078125 0.2234375
0 0.96484375 0.1875 0.0328125 0.0375
0 0.8171875 0.18125 0.0421875 0.0625
0 0.20625 0.13515625 0.1546875 0.1734375
0 0.50859375 0.12578125 0.06796875 0.0546875
0 0.446875 0.1390625 0.6453125 0.178125
9 0.60234375 0.5421875 0.79140625 0.565625
