12 0.6 0.40703125 0.79609375 0.7046875
0 0.2078125 0.56953125 0.2234375 0.1296875
0 0.2125 0.43515625 0.1140625 0.1765625
0 0.8015625 0.05625 0.01796875 0.075
0 0.32734375 0.10390625 0.0515625 0.0984375
0 0.82265625 0.0515625 0.0640625 0.084375
0 0.371875 0.10078125 0.05 0.0921875
0 0.4640625 0.06796875 0.05390625 0.0859375
7 0.71328125 0.440625 0.56875 0.621875
0 0.028125 0.64453125 0.05625 0.2015625
0 0.684375 0.09296875 0.06015625 0.1140625
0 0.7046875 0.0421875 0.028125 0.040625
0 0.69921875 0.07890625 0.03828125 0.0984375
