1 0.17265625 0.4796875 0.2046875 0.2015625
1 0.69765625 0.4203125 0.1890625 0.15703125
1 0.04375 0.59375 0.0875 0.21796875
0 0.72109375 0.634375 0.1546875 0.3359375
0 0.8125 0.515625 0.0875 0.30546875
0 0.6375 0.42890625 0.078125 0.12421875
0 0.59453125 0.40625 0.0234375 0.075
0 0.34140625 0.58828125 0.1578125 0.5375
1 0.415625 0.42578125 0.090625 0.08125
1 0.46953125 0.41953125 0.0421875 0.04921875
1 0.490625 0.41328125 0.046875 0.04921875
1 0.51953125 0.4015625 0.0515625 0.04921875
0 0.346875 0.496875 0.16875 0.25234375
1 0.93203125 0.48984375 0.1328125 0.23828125
