1 0.5078125 0.77265625 0.725 0.3984375
7 0.059375 0.73046875 0.11875 0.09375
0 0.8703125 0.765625 0.03125 0.1171875
0 0.91328125 0.775 0.0296875 0.09375
0 0.1625 0.7140625 0.021875 0.0984375
0 0.2015625 0.6859375 0.021875 0.0375
0 0.228125 0.6921875 0.0125 0.03515625
0 0.4140625 0.72265625 0.075 0.10546875
0 0.84296875 0.77734375 0.0234375 0.1078125
1 0.00625 0.7609375 0.0125 0.0703125
12 0.2015625 0.75859375 0.1 0.103125
0 0.2171875 0.6875 0.0125 0.03515625
10 0.7453125 0.4015625 0.028125 0.48984375
10 0.8078125 0.58203125 0.028125 0.41953125
