10 0.18828125 0.42265625 0.0484375 0.3015625
10 0.79296875 0.35703125 0.028125 0.32890625
0 0.67578125 0.5921875 0.05703125 0.10703125
6 0.6703125 0.6171875 0.1296875 0.084375
9 0.1546875 0.5875 0.0984375 0.08046875
0 0.15234375 0.5734375 0.040625 0.0734375
0 0.15078125 0.5125 0.0234375 0.02421875
0 0.07265625 0.5203125 0.0140625 0.0125
0 0.01484375 0.51640625 0.015625 0.01953125
10 0.88125 0.46640625 0.00859375 0.0796875
0 0.86484375 0.49375 0.0140625 0.0296875
0 0.84921875 0.490625 0.0109375 0.0265625
10 0.8984375 0.453125 0.00625 0.05625
1 0.93671875 0.478125 0.0265625 0.01640625
7 0.93671875 0.4625 0.040625 0.0171875
12 0.96953125 0.5203125 0.05703125 0.1125
