0 0.640625 0.865625 0.1375 0.26484375
0 0.54140625 0.83125 0.0578125 0.27109375
0 0.35546875 0.75390625 0.0484375 0.11640625
0 0.328125 0.73359375 0.046875 0.075
0 0.26875 0.77734375 0.08125 0.15859375
0 0.246875 0.87578125 0.0875 0.21875
0 0.059375 0.86640625 0.09375 0.2625
0 0.1421875 0.73046875 0.065625 0.19375
0 0.50234375 0.81796875 0.0453125 0.26484375
0 0.42421875 0.73203125 0.0421875 0.17265625
0 0.6265625 0.68671875 0.025 0.09375
12 0.91328125 0.603125 0.0484375 0.04765625
0 0.3859375 0.83203125 0.059375 0.24375
0 0.81328125 0.76953125 0.0359375 0.14765625
0 0.54765625 0.85859375 0.5234375 0.275
