14 0.39296875 0.46328125 0.140625 0.321875
10 0.5703125 0.37578125 0.0296875 0.6640625
10 0.18203125 0.2640625 0.05546875 0.46875
1 0.27734375 0.240625 0.09140625 0.140625
9 0.8765625 0.29921875 0.09765625 0.190625
9 0.07265625 0.20703125 0.04453125 0.05703125
9 0.74140625 0.27734375 0.09140625 0.153125
14 0.6734375 0.55625 0.17421875 0.4515625
14 0.5390625 0.50234375 0.1578125 0.365625
9 0.6328125 0.26640625 0.0734375 0.13828125
9 0.6875 0.265625 0.06953125 0.13203125
11 0.39375 0.22578125 0.10078125 0.146875
