1 0.7390625 0.21015625 0.04375 0.01640625
1 0.75234375 0.23046875 0.0484375 0.01484375
1 0.8125 0.21640625 0.0375 0.02109375
1 0.89765625 0.25 0.0203125 0.01640625
12 0.63125 0.19140625 0.175 0.075
1 0.11796875 0.13984375 0.0359375 0.01640625
1 0.76640625 0.21484375 0.0234375 0.01640625
1 0.93359375 0.22265625 0.0234375 0.02109375
1 0.86328125 0.215625 0.0203125 0.01484375
1 0.8921875 0.225 0.028125 0.01640625
1 0.92421875 0.25 0.0234375 0.01640625
12 0.81953125 0.21875 0.0484375 0.025
10 0.790625 0.16015625 0.03125 0.3203125
10 0.42890625 0.13046875 0.0203125 0.26015625
