1 0.16875 0.68125 0.1125 0.11328125
6 0.0265625 0.80859375 0.053125 0.1671875
1 0.2453125 0.6578125 0.08125 0.103125
12 0.54765625 0.66875 0.5578125 0.478125
1 0.1328125 0.64921875 0.05625 0.06953125
0 0.8109375 0.66171875 0.021875 0.0640625
0 0.03046875 0.73515625 0.0609375 0.27265625
0 0.0125 0.61953125 0.021875 0.04140625
0 0.59296875 0.509375 0.0359375 0.071875
0 0.54609375 0.54375 0.0359375 0.0796875
0 0.67890625 0.5078125 0.0296875 0.07421875
1 0.35078125 0.5796875 0.1140625 0.07421875
10 0.859375 0.3421875 0.03125 0.67890625
