1 0.19296875 0.66171875 0.0671875 0.06328125
7 0.53203125 0.496875 0.4703125 0.83359375
7 0.13125 0.60859375 0.059375 0.140625
0 0.11171875 0.6453125 0.0328125 0.06796875
0 0.03984375 0.66484375 0.0359375 0.05625
0 0.06171875 0.7046875 0.0328125 0.16875
1 0.259375 0.65546875 0.09375 0.075
1 0.87890625 0.68828125 0.2390625 0.290625
1 0.24609375 0.615625 0.0609375 0.0375
0 0.0265625 0.634375 0.01875 0.065625
0 0.09375 0.7 0.0375 0.140625
0 0.30625 0.6453125 0.0125 0.10078125
7 0.8859375 0.51171875 0.225 0.21796875
0 0.28203125 0.6453125 0.0234375 0.09140625
0 0.7875 0.44375 0.009375 0.01640625
12 0.8765625 0.68984375 0.24375 0.29296875
0 0.94921875 0.43125 0.0296875 0.0375
0 0.89375 0.440625 0.0125 0.0328125
0 0.82890625 0.44765625 0.0203125 0.0328125
15 0.18828125 0.73046875 0.0296875 0.065625
