0 0.80703125 0.54453125 0.0859375 0.06796875
0 0.88515625 0.5875 0.0578125 0.1546875
0 0.92265625 0.5421875 0.0453125 0.06328125
0 0.78359375 0.53359375 0.0390625 0.0515625
0 0.93671875 0.5375 0.0328125 0.07734375
0 0.90390625 0.52890625 0.0234375 0.0703125
0 0.871875 0.528125 0.025 0.05390625
12 0.85625 0.6015625 0.284375 0.50078125
0 0.80625 0.52109375 0.021875 0.05390625
7 0.85703125 0.60625 0.2828125 0.478125
0 0.98359375 0.53359375 0.0140625 0.0515625
0 0.990625 0.53984375 0.009375 0.04453125
