1 0.02890625 0.7484375 0.0578125 0.07734375
1 0.47734375 0.503125 0.0359375 0.028125
1 0.51171875 0.490625 0.0359375 0.03046875
1 0.37734375 0.50234375 0.0421875 0.03046875
0 0.04140625 0.90625 0.0296875 0.1359375
0 0.13203125 0.8171875 0.0171875 0.0703125
0 0.17578125 0.821875 0.0265625 0.103125
0 0.28125 0.7515625 0.015625 0.0890625
0 0.3359375 0.6875 0.01875 0.03515625
0 0.36640625 0.7046875 0.0203125 0.0703125
0 0.28125 0.6109375 0.009375 0.0515625
0 0.47890625 0.6484375 0.0109375 0.05625
0 0.12578125 0.6484375 0.0203125 0.0515625
0 0.6734375 0.5453125 0.009375 0.046875
1 0.33046875 0.51171875 0.0484375 0.03515625
0 0.2234375 0.7859375 0.021875 0.09609375
0 0.190625 0.76328125 0.015625 0.0890625
0 0.10859375 0.8890625 0.0359375 0.12890625
0 0.47734375 0.7015625 0.8484375 0.48046875
10 0.81328125 0.7203125 0.0328125 0.48984375
