7 0.57421875 0.46796875 0.7421875 0.78125
7 0.94921875 0.50078125 0.0921875 0.31875
0 0.15390625 0.5375 0.0265625 0.08359375
0 0.14609375 0.52421875 0.0140625 0.05625
0 0.29296875 0.48515625 0.1109375 0.10390625
0 0.49609375 0.51953125 0.0390625 0.04765625
0 0.5375 0.52734375 0.04375 0.04609375
0 0.1015625 0.52109375 0.021875 0.0625
12 0.17578125 0.48984375 0.0859375 0.05859375
0 0.40546875 0.52578125 0.0203125 0.02265625
0 0.528125 0.52265625 0.0125 0.02890625
0 0.59375 0.52421875 0.0125 0.02265625
0 0.053125 0.52421875 0.025 0.07734375
12 0.05234375 0.49375 0.1046875 0.075
0 0.1140625 0.50625 0.00625 0.02109375
0 0.628125 0.52734375 0.0125 0.025
10 0.1890625 0.52265625 0.0125 0.10390625
