1 0.91875 0.65390625 0.08125 0.20390625
1 0.940625 0.62734375 0.115625 0.16640625
1 0.0265625 0.61328125 0.053125 0.06875
7 0.59375 0.48203125 0.675 0.81484375
0 0.071875 0.59921875 0.025 0.12734375
0 0.05078125 0.59453125 0.0359375 0.13125
0 0.38515625 0.53515625 0.0921875 0.12109375
0 0.24140625 0.56953125 0.0296875 0.08984375
0 0.03984375 0.56171875 0.0140625 0.05234375
1 0.97109375 0.58828125 0.0546875 0.07734375
1 0.9390625 0.54375 0.11875 0.06640625
0 0.0265625 0.56875 0.009375 0.025
0 0.13359375 0.54921875 0.0078125 0.05234375
10 0.65390625 0.0625 0.0328125 0.12109375
