8 0.28125 0.625 0.103125 0.28359375
8 0.48828125 0.91015625 0.2203125 0.15
1 0.584375 0.04296875 0.190625 0.08515625
1 0.34375 0.04296875 0.15625 0.08515625
1 0.79921875 0.025 0.0859375 0.05
1 0.22890625 0.02734375 0.1171875 0.05390625
1 0.16796875 0.03203125 0.1078125 0.0640625
8 0.61484375 0.471875 0.1515625 0.43984375
8 0.07890625 0.60625 0.1578125 0.51640625
1 0.0390625 0.025 0.078125 0.05
1 0.08984375 0.034375 0.0421875 0.03125
1 0.7453125 0.021875 0.09375 0.04375
1 0.58046875 0.04453125 0.2046875 0.0890625
8 0.95 0.19375 0.096875 0.15
1 0.31015625 0.040625 0.1640625 0.08125
1 0.31875 0.03984375 0.175 0.07890625
