1 0.18828125 0.96015625 0.16796875 0.053125
1 0.1609375 0.9125 0.05390625 0.04140625
1 0.0953125 0.90703125 0.02578125 0.0296875
1 0.2953125 0.91171875 0.0421875 0.0390625
1 0.378125 0.89140625 0.03203125 0.01171875
0 0.6171875 0.94375 0.02578125 0.103125
0 0.58125 0.95078125 0.05 0.0890625
0 0.06171875 0.9453125 0.084375 0.10546875
0 0.7546875 0.928125 0.01796875 0.05703125
0 0.6359375 0.9296875 0.03203125 0.0890625
0 0.821875 0.94375 0.115625 0.0984375
0 0.25234375 0.9109375 0.02421875 0.04140625
0 0.12890625 0.8953125 0.021875 0.0296875
1 0.02421875 0.909375 0.03203125 0.034375
1 0.1828125 0.909375 0.01796875 0.0296875
0 0.78125 0.93828125 0.0296875 0.05078125
0 0.21875 0.9171875 0.0140625 0.03203125
0 0.19765625 0.91171875 0.015625 0.0390625
1 0.32421875 0.9109375 0.02421875 0.02265625
0 0.3078125 0.9734375 0.05234375 0.04375
1 0.50234375 0.8453125 0.015625 0.025
0 0.4671875 0.934375 0.1703125 0.12578125
0 0.446875 0.91484375 0.61796875 0.09140625
10 0.35390625 0.49921875 0.07578125 0.99765625
