17 0.02890625 0.39453125 0.0296875 0.06484375
1 0.7875 0.378125 0.246875 0.08984375
1 0.565625 0.35234375 0.196875 0.09140625
1 0.2640625 0.32109375 0.13125 0.06640625
1 0.1515625 0.31328125 0.10625 0.05234375
1 0.07109375 0.29609375 0.0796875 0.06640625
1 0.021875 0.29765625 0.04375 0.04609375
1 0.4 0.3375 0.153125 0.06640625
1 0.9546875 0.403125 0.084375 0.07734375
1 0.009375 0.35546875 0.01875 0.06875
10 0.7078125 0.67109375 0.090625 0.58359375
10 0.3671875 0.203125 0.05625 0.40234375
14 0.3453125 0.61796875 0.2375 0.43125
