1 0.0953125 0.7921875 0.1625 0.075
1 0.41796875 0.79921875 0.2078125 0.09375
0 0.61171875 0.78203125 0.0265625 0.05859375
0 0.634375 0.85 0.065625 0.1875
0 0.7296875 0.82734375 0.05625 0.19140625
0 0.784375 0.83125 0.05 0.1875
1 0.46484375 0.7703125 0.0265625 0.01875
1 0.24375 0.77734375 0.05625 0.05
7 0.74296875 0.76171875 0.3671875 0.18515625
0 0.8609375 0.80078125 0.05 0.1625
0 0.6703125 0.8578125 0.04375 0.18515625
0 0.575 0.8421875 0.05625 0.2078125
0 0.909375 0.79765625 0.03125 0.11015625
0 0.94609375 0.79765625 0.0421875 0.14375
0 0.97734375 0.7953125 0.0390625 0.14765625
0 0.3859375 0.80859375 0.0375 0.15
0 0.1578125 0.82109375 0.028125 0.1375
1 0.17890625 0.77578125 0.0265625 0.04609375
0 0.20625 0.821875 0.034375 0.1265625
0 0.4359375 0.79921875 0.815625 0.17265625
