7 0.340625 0.16171875 0.134375 0.15234375
7 0.59375 0.23125 0.384375 0.27890625
12 0.06171875 0.08125 0.0421875 0.04609375
17 0.909375 0.284375 0.01875 0.02734375
1 0.53125 0.45546875 0.278125 0.24375
1 0.13671875 0.18671875 0.0578125 0.05234375
1 0.1921875 0.16484375 0.05 0.05390625
1 0.16171875 0.15234375 0.0453125 0.05
12 0.24375 0.18671875 0.084375 0.06875
12 0.9171875 0.23125 0.103125 0.07890625
1 0.27734375 0.26640625 0.1234375 0.10859375
1 0.10390625 0.13203125 0.0578125 0.03125
1 0.109375 0.10625 0.034375 0.02890625
1 0.06171875 0.11171875 0.0359375 0.02734375
1 0.06875 0.14765625 0.05625 0.05
1 0.24140625 0.128125 0.0546875 0.03125
12 0.8703125 0.184375 0.06875 0.05234375
12 0.94375 0.43203125 0.103125 0.13125
1 0.96640625 0.17109375 0.0609375 0.07890625
