1 0.73046875 0.62734375 0.37734375 0.1953125
0 0.16953125 0.58515625 0.09765625 0.1921875
0 0.30859375 0.54296875 0.0625 0.1328125
0 0.35546875 0.5265625 0.05625 0.11875
0 0.28125 0.5203125 0.02109375 0.05625
0 0.21640625 0.44296875 0.02890625 0.0515625
0 0.259375 0.4609375 0.03515625 0.084375
0 0.25 0.5703125 0.05 0.10625
0 0.87734375 0.45859375 0.02109375 0.0578125
0 0.125 0.459375 0.05390625 0.0875
0 0.21484375 0.51796875 0.05 0.0890625
0 0.15390625 0.47265625 0.03359375 0.0390625
7 0.3 0.37109375 0.1125 0.0265625
0 0.8125 0.4484375 0.02890625 0.05
7 0.36875 0.43125 0.16640625 0.13125
7 0.17265625 0.38515625 0.0375 0.0515625
7 0.18984375 0.3875 0.03359375 0.053125
0 0.13125 0.51796875 0.04609375 0.0546875
7 0.55234375 0.4765625 0.37890625 0.2125
1 0.171875 0.38203125 0.02734375 0.0109375
0 0.54375 0.4890625 0.9 0.20625
