1 0.5640625 0.8078125 0.446875 0.3796875
1 0.90859375 0.78046875 0.1765625 0.2125
7 0.3671875 0.5234375 0.734375 0.5609375
0 0.80703125 0.6984375 0.0171875 0.09921875
0 0.7859375 0.7109375 0.025 0.1203125
0 0.73984375 0.678125 0.0203125 0.0640625
0 0.7546875 0.6875 0.021875 0.0640625
0 0.5703125 0.58828125 0.025 0.05859375
0 0.52734375 0.5859375 0.0265625 0.05390625
1 0.89921875 0.69609375 0.1953125 0.13203125
0 0.4921875 0.58046875 0.034375 0.07109375
0 0.19921875 0.6671875 0.0265625 0.15078125
0 0.4625 0.60625 0.01875 0.0234375
10 0.91015625 0.69609375 0.0484375 0.58515625
