1 0.73828125 0.328125 0.03671875 0.1046875
15 0.69375 0.3828125 0.02109375 0.065625
15 0.6171875 0.42109375 0.0390625 0.12421875
15 0.55625 0.528125 0.04921875 0.14921875
1 0.703125 0.29921875 0.02265625 0.03046875
1 0.6625 0.30390625 0.034375 0.0390625
1 0.61796875 0.30625 0.02890625 0.0484375
1 0.58515625 0.3109375 0.05234375 0.05703125
10 0.60078125 0.21015625 0.00703125 0.1390625
1 0.521875 0.3171875 0.0859375 0.0734375
1 0.328125 0.32890625 0.15703125 0.1203125
1 0.1296875 0.346875 0.2546875 0.16171875
