10 0.71796875 0.5578125 0.0203125 0.3515625
10 0.6578125 0.46875 0.02265625 0.51328125
14 0.684375 0.69296875 0.028125 0.08515625
10 0.6375 0.6015625 0.01171875 0.1765625
1 0.68828125 0.64609375 0.0546875 0.0484375
1 0.81953125 0.653125 0.0859375 0.05859375
0 0.76953125 0.65390625 0.0234375 0.1015625
1 0.60078125 0.646875 0.1546875 0.1296875
1 0.3859375 0.67734375 0.11796875 0.11640625
0 0.471875 0.6421875 0.01171875 0.05703125
0 0.4625 0.64140625 0.01171875 0.05625
1 0.29296875 0.64140625 0.05625 0.05
0 0.22734375 0.66640625 0.02734375 0.10859375
1 0.08671875 0.69609375 0.17265625 0.16640625
14 0.2078125 0.6875 0.0234375 0.08671875
0 0.25 0.63984375 0.0171875 0.06171875
10 0.18046875 0.603125 0.1 0.66484375
