1 0.625 0.75625 0.165625 0.19140625
1 0.31015625 0.71953125 0.0546875 0.05234375
1 0.38203125 0.68359375 0.0171875 0.025
1 0.4 0.675 0.021875 0.02109375
1 0.31484375 0.7 0.0484375 0.05
1 0.540625 0.746875 0.05 0.10625
1 0.18359375 0.71875 0.0609375 0.07109375
1 0.37578125 0.690625 0.0140625 0.02734375
1 0.26484375 0.696875 0.0203125 0.06015625
1 0.42265625 0.67578125 0.0234375 0.03125
12 0.5234375 0.68046875 0.040625 0.03984375
12 0.71640625 0.73515625 0.0640625 0.1
12 0.18515625 0.721875 0.0671875 0.07265625
1 0.44453125 0.671875 0.0171875 0.01875
12 0.21640625 0.71171875 0.0421875 0.06484375
12 0.53359375 0.64765625 0.0359375 0.01640625
12 0.33671875 0.6875 0.0453125 0.0625
12 0.42109375 0.66875 0.0203125 0.02890625
12 0.91953125 0.64921875 0.0140625 0.01484375
