0 0.3875 0.478125 0.0359375 0.12265625
0 0.3 0.475 0.028125 0.0734375
0 0.54609375 0.515625 0.06875 0.20078125
0 0.246875 0.4765625 0.01640625 0.0765625
0 0.175 0.48046875 0.01953125 0.09765625
0 0.0953125 0.46640625 0.028125 0.05703125
0 0.965625 0.51796875 0.05859375 0.19609375
12 0.77734375 0.415625 0.44296875 0.328125
12 0.48828125 0.43984375 0.13046875 0.1703125
0 0.34765625 0.47421875 0.02265625 0.09140625
0 0.31640625 0.46875 0.02109375 0.071875
0 0.2703125 0.47578125 0.03125 0.075
0 0.15703125 0.4828125 0.0296875 0.1
12 0.3859375 0.43203125 0.075 0.08359375
8 0.13046875 0.50625 0.02265625 0.0296875
0 0.12265625 0.4796875 0.0296875 0.09609375
12 0.30546875 0.434375 0.08515625 0.08203125
12 0.21015625 0.4265625 0.109375 0.05234375
0 0.19609375 0.45078125 0.01640625 0.0390625
