9 0.38125 0.74453125 0.140625 0.33984375
9 0.528125 0.58125 0.075 0.15859375
0 0.371875 0.63828125 0.14375 0.41875
0 0.50859375 0.478125 0.0328125 0.05625
0 0.559375 0.48359375 0.028125 0.075
0 0.37734375 0.53671875 0.1578125 0.20234375
0 0.66484375 0.48359375 0.0421875 0.05
0 0.52890625 0.51953125 0.0609375 0.11875
0 0.44296875 0.51484375 0.0296875 0.04609375
0 0.4578125 0.490625 0.015625 0.08125
0 0.47109375 0.52265625 0.0265625 0.05
7 0.64609375 0.52421875 0.1265625 0.19765625
0 0.61640625 0.48359375 0.0390625 0.04609375
12 0.884375 0.60859375 0.228125 0.475
10 0.78359375 0.30390625 0.0265625 0.34609375
