0 0.5015625 0.5859375 0.009375 0.096875
0 0.55703125 0.5796875 0.0109375 0.0921875
0 0.54453125 0.57578125 0.0140625 0.10078125
0 0.171875 0.5859375 0.009375 0.06328125
0 0.1953125 0.584375 0.009375 0.0671875
12 0.7703125 0.56953125 0.09375 0.13046875
0 0.16484375 0.584375 0.0109375 0.0671875
0 0.18671875 0.58203125 0.0109375 0.07109375
0 0.33125 0.584375 0.009375 0.0671875
0 0.20390625 0.584375 0.0109375 0.07578125
0 0.4890625 0.5859375 0.0125 0.096875
0 0.14375 0.57578125 0.009375 0.05859375
0 0.225 0.58828125 0.00625 0.05859375
0 0.28359375 0.56484375 0.0078125 0.02109375
0 0.159375 0.5859375 0.309375 0.096875
