13 0.253125 0.74609375 0.109375 0.3
13 0.434375 0.49765625 0.06953125 0.1703125
13 0.4984375 0.41484375 0.04296875 0.11484375
13 0.5265625 0.37265625 0.03203125 0.084375
13 0.54921875 0.3484375 0.0265625 0.07109375
1 0.09296875 0.41484375 0.18125 0.33984375
1 0.2015625 0.26171875 0.39765625 0.24765625
1 0.92734375 0.265625 0.06015625 0.046875
0 0.615625 0.25390625 0.0203125 0.04765625
1 0.41484375 0.25390625 0.17578125 0.1203125
13 0.5546875 0.29375 0.015625 0.03515625
0 0.74765625 0.2546875 0.0203125 0.0421875
6 0.76953125 0.27578125 0.0453125 0.034375
0 0.63203125 0.25 0.01875 0.03828125
13 0.5734375 0.315625 0.015625 0.05
13 0.584375 0.30625 0.01484375 0.04375
13 0.50546875 0.26875 0.0078125 0.02265625
13 0.515625 0.26328125 0.009375 0.028125
1 0.98828125 0.259375 0.0171875 0.03515625
1 0.95703125 0.2515625 0.03828125 0.02109375
1 0.846875 0.24375 0.0265625 0.0203125
