0 0.75859375 0.51953125 0.10625 0.1546875
0 0.94375 0.44765625 0.0515625 0.1015625
0 0.63046875 0.44375 0.084375 0.103125
0 0.78828125 0.41171875 0.0421875 0.0765625
0 0.66015625 0.38046875 0.02109375 0.0296875
0 0.0484375 0.40859375 0.04453125 0.0671875
0 0.08828125 0.3875 0.03046875 0.053125
0 0.13671875 0.38046875 0.0375 0.0484375
0 0.1703125 0.39140625 0.03984375 0.0515625
0 0.11875 0.4140625 0.05390625 0.059375
0 0.7484375 0.38984375 0.0375 0.0390625
0 0.915625 0.409375 0.046875 0.078125
0 0.7296875 0.42109375 0.046875 0.0671875
0 0.51796875 0.4109375 0.95546875 0.1375
