1 0.7828125 0.58671875 0.196875 0.11015625
0 0.96640625 0.58984375 0.0546875 0.14609375
0 0.04765625 0.575 0.0203125 0.15
0 0.990625 0.59140625 0.015625 0.10859375
0 0.72421875 0.578125 0.0171875 0.04765625
0 0.01875 0.584375 0.034375 0.12265625
0 0.684375 0.59375 0.015625 0.0375
1 0.91484375 0.56875 0.0859375 0.05
0 0.06953125 0.559375 0.0390625 0.17734375
0 0.1140625 0.571875 0.059375 0.13984375
1 0.19375 0.60703125 0.096875 0.06015625
1 0.075 0.571875 0.15 0.12734375
1 0.709375 0.59609375 0.09375 0.075
1 0.9640625 0.60078125 0.0375 0.08984375
12 0.8703125 0.58515625 0.153125 0.11640625
12 0.77734375 0.584375 0.1984375 0.11484375
12 0.2609375 0.56640625 0.153125 0.13359375
0 0.66171875 0.63515625 0.0265625 0.05
