1 0.81171875 0.671875 0.365625 0.1640625
1 0.42421875 0.640625 0.54375 0.13828125
1 0.1546875 0.81796875 0.309375 0.34375
1 0.1265625 0.609375 0.24765625 0.0859375
0 0.4984375 0.56015625 0.04765625 0.03203125
0 0.6265625 0.57578125 0.053125 0.06796875
0 0.8015625 0.575 0.05625 0.06171875
0 0.24375 0.5890625 0.0296875 0.0578125
0 0.609375 0.54296875 0.01328125 0.01796875
0 0.57890625 0.575 0.04296875 0.034375
0 0.42265625 0.5578125 0.034375 0.0359375
0 0.3984375 0.56875 0.0078125 0.021875
1 0.2171875 0.56015625 0.034375 0.028125
1 0.2796875 0.55625 0.04296875 0.02421875
1 0.17890625 0.56015625 0.053125 0.028125
1 0.14375 0.5609375 0.0640625 0.0296875
1 0.04296875 0.5546875 0.08515625 0.02578125
0 0.51875 0.55703125 0.01875 0.02578125
0 0.7203125 0.596875 0.0375 0.078125
0 0.7 0.58125 0.0296875 0.0703125
0 0.5453125 0.5609375 0.03984375 0.034375
1 0.25625 0.55703125 0.0375 0.0296875
0 0.25859375 0.56015625 0.015625 0.0359375
10 0.37734375 0.39375 0.03984375 0.384375
