1 0.41484375 0.6609375 0.08203125 0.078125
1 0.2640625 0.60234375 0.02421875 0.02734375
1 0.64921875 0.66796875 0.0859375 0.08671875
1 0.53203125 0.66640625 0.0796875 0.09609375
1 0.78515625 0.67421875 0.10234375 0.08671875
1 0.72734375 0.67578125 0.05390625 0.084375
0 0.6390625 0.6453125 0.01015625 0.01171875
0 0.52109375 0.64453125 0.0140625 0.01484375
1 0.29375 0.659375 0.03984375 0.0453125
1 0.3421875 0.54921875 0.0203125 0.02421875
1 0.321875 0.52890625 0.015625 0.01796875
1 0.37890625 0.66328125 0.01796875 0.071875
1 0.4921875 0.66953125 0.028125 0.071875
1 0.484375 0.66484375 0.05625 0.08671875
10 0.85 0.39921875 0.06796875 0.7984375
14 0.03125 0.725 0.0578125 0.1890625
