1 0.96171875 0.5984375 0.0734375 0.17578125
12 0.54765625 0.57265625 0.3515625 0.24140625
0 0.63203125 0.63203125 0.0296875 0.1734375
0 0.75 0.6265625 0.053125 0.19453125
0 0.82421875 0.63359375 0.0390625 0.18046875
0 0.9015625 0.6453125 0.03125 0.10078125
0 0.44921875 0.62890625 0.0296875 0.14296875
1 0.49921875 0.9015625 0.9984375 0.1921875
0 0.8640625 0.6265625 0.05 0.24609375
13 0.30703125 0.64609375 0.0109375 0.05625
13 0.32890625 0.64140625 0.0109375 0.0515625
13 0.33828125 0.64296875 0.0109375 0.04921875
