1 0.80703125 0.8203125 0.38125 0.1625
1 0.32578125 0.896875 0.6515625 0.171875
7 0.81328125 0.68046875 0.26875 0.1390625
0 0.60859375 0.7578125 0.05 0.125
0 0.34921875 0.7859375 0.06484375 0.128125
0 0.24765625 0.77578125 0.05390625 0.1171875
0 0.06953125 0.7265625 0.03125 0.04375
0 0.65859375 0.74296875 0.05 0.0546875
0 0.371875 0.7421875 0.03984375 0.065625
0 0.559375 0.7625 0.05234375 0.121875
0 0.51875 0.74609375 0.02109375 0.0703125
0 0.19921875 0.7765625 0.04375 0.109375
1 0.95546875 0.74765625 0.08125 0.0296875
0 0.7125 0.73984375 0.05 0.0640625
0 0.44296875 0.72734375 0.02734375 0.0390625
0 0.23046875 0.74921875 0.02265625 0.0484375
0 0.303125 0.7703125 0.05234375 0.1
0 0.46484375 0.7328125 0.90859375 0.203125
10 0.640625 0.57578125 0.06484375 0.2640625
