1 0.55 0.8578125 0.025 0.028125
1 0.30703125 0.90234375 0.19375 0.1203125
1 0.46484375 0.8765625 0.06640625 0.075
1 0.49609375 0.86953125 0.05 0.0484375
1 0.51484375 0.8609375 0.0375 0.034375
1 0.71640625 0.8609375 0.0625 0.040625
0 0.425 0.8828125 0.02890625 0.078125
0 0.15390625 0.91015625 0.20390625 0.1765625
0 0.92265625 0.88203125 0.04140625 0.0859375
0 0.590625 0.86875 0.02734375 0.06875
0 0.984375 0.8390625 0.02265625 0.028125
0 0.97421875 0.8765625 0.04765625 0.09375
0 0.02109375 0.8875 0.04140625 0.121875
0 0.87578125 0.8625 0.02734375 0.0625
0 0.8375 0.8671875 0.02109375 0.053125
1 0.17578125 0.9375 0.34375 0.121875
0 0.06640625 0.87109375 0.05 0.0859375
0 0.75234375 0.92421875 0.11640625 0.1484375
1 0.53046875 0.86015625 0.02734375 0.0296875
1 0.40234375 0.85703125 0.05 0.0328125
0 0.12578125 0.853125 0.03515625 0.053125
0 0.26171875 0.83828125 0.02265625 0.0171875
1 0.590625 0.8578125 0.05234375 0.03125
1 0.65234375 0.85078125 0.03359375 0.0265625
0 0.90234375 0.846875 0.01640625 0.028125
