15 0.3234375 0.56640625 0.10390625 0.29765625
15 0.140625 0.2796875 0.0515625 0.15078125
15 0.0484375 0.18046875 0.03671875 0.0890625
15 0.0109375 0.128125 0.02109375 0.06015625
15 0.6359375 0.165625 0.028125 0.078125
15 0.521875 0.13984375 0.02109375 0.0625
9 0.4171875 0.1671875 0.10859375 0.2109375
0 0.42109375 0.11171875 0.06640625 0.2234375
1 0.54609375 0.06953125 0.09921875 0.07265625
0 0.49375 0.059375 0.01328125 0.07109375
0 0.50703125 0.04453125 0.01328125 0.0296875
1 0.453125 0.06640625 0.04375 0.08359375
15 0.2984375 0.08671875 0.0140625 0.0375
7 0.328125 0.05 0.15546875 0.09921875
1 0.23984375 0.04609375 0.02734375 0.05546875
15 0.2375 0.06953125 0.0109375 0.03203125
1 0.21640625 0.0375 0.0375 0.05625
9 0.18828125 0.07734375 0.0390625 0.09765625
0 0.1375 0.040625 0.0125 0.04921875
12 0.09140625 0.03125 0.08046875 0.0609375
1 0.0375 0.03046875 0.0390625 0.04609375
1 0.934375 0.253125 0.13046875 0.34609375
12 0.68515625 0.0609375 0.3390625 0.121875
