15 0.521875 0.63515625 0.18359375 0.30703125
15 0.38125 0.3140625 0.0703125 0.1375
0 0.215625 0.325 0.24609375 0.65
0 0.284375 0.19765625 0.1296875 0.39453125
0 0.5375 0.1546875 0.12109375 0.19375
0 0.5671875 0.15 0.1 0.2140625
9 0.53671875 0.19140625 0.246875 0.2234375
0 0.85234375 0.140625 0.08515625 0.1640625
9 0.834375 0.175 0.18828125 0.171875
0 0.91796875 0.10390625 0.0703125 0.134375
0 0.71171875 0.10390625 0.04609375 0.1109375
8 0.72890625 0.1828125 0.02578125 0.03203125
0 0.66484375 0.08984375 0.0609375 0.10390625
0 0.071875 0.0921875 0.0515625 0.12109375
15 0.96328125 0.15625 0.03046875 0.05234375
0 0.8171875 0.1 0.04921875 0.10078125
0 0.78984375 0.08984375 0.05546875 0.08359375
