1 0.21171875 0.62109375 0.0484375 0.05
0 0.06875 0.64609375 0.025 0.10390625
0 0.0328125 0.640625 0.03125 0.10234375
0 0.09921875 0.62890625 0.0234375 0.07890625
1 0.365625 0.61953125 0.053125 0.03125
6 0.03125 0.79921875 0.04375 0.06015625
0 0.5109375 0.62109375 0.015625 0.05859375
0 0.478125 0.62109375 0.015625 0.05
0 0.465625 0.61796875 0.0125 0.04375
0 0.43046875 0.61484375 0.0109375 0.04140625
0 0.446875 0.61953125 0.0125 0.04375
0 0.52421875 0.62109375 0.0203125 0.05859375
6 0.115625 0.65859375 0.025 0.05
1 0.16171875 0.615625 0.0390625 0.02265625
0 0.5046875 0.625 0.021875 0.05859375
