6 0.39765625 0.67890625 0.04765625 0.096875
6 0.33203125 0.6875 0.08828125 0.109375
7 0.09921875 0.51484375 0.19765625 0.23046875
7 0.32734375 0.53671875 0.13828125 0.090625
7 0.4921875 0.52578125 0.20390625 0.13671875
0 0.41796875 0.6453125 0.028125 0.16328125
0 0.6921875 0.56796875 0.06015625 0.1421875
0 0.33984375 0.6453125 0.04375 0.20625
0 0.45625 0.653125 0.04765625 0.1609375
0 0.65234375 0.6046875 0.03203125 0.07578125
0 0.56015625 0.56328125 0.04375 0.12734375
0 0.2078125 0.62265625 0.03984375 0.1421875
0 0.39609375 0.6015625 0.02421875 0.0578125
0 0.29609375 0.590625 0.04375 0.0484375
0 0.3703125 0.6046875 0.028125 0.10625
0 0.4890625 0.59375 0.021875 0.0609375
0 0.234375 0.5890625 0.028125 0.08203125
6 0.21796875 0.72578125 0.04765625 0.03359375
6 0.92109375 0.87421875 0.15390625 0.2390625
