1 0.47890625 0.696875 0.103125 0.05625
1 0.46328125 0.57890625 0.05390625 0.0265625
1 0.640625 0.8140625 0.1828125 0.059375
1 0.5390625 0.6296875 0.06796875 0.0375
1 0.7515625 0.6484375 0.084375 0.04375
1 0.83203125 0.85234375 0.08671875 0.0265625
7 0.73203125 0.7828125 0.1359375 0.0875
7 0.39453125 0.78515625 0.33828125 0.1203125
0 0.909375 0.9390625 0.06796875 0.096875
1 0.684375 0.67578125 0.07734375 0.0296875
1 0.54375 0.59296875 0.04921875 0.0140625
0 0.80390625 0.81875 0.03515625 0.034375
0 0.96015625 0.84140625 0.0140625 0.0203125
0 0.90703125 0.85234375 0.03984375 0.0296875
0 0.26796875 0.921875 0.0234375 0.04375
0 0.2484375 0.9203125 0.0375 0.0375
0 0.871875 0.94140625 0.05390625 0.0859375
1 0.0515625 0.396875 0.009375 0.00625
7 0.24609375 0.87265625 0.1640625 0.0703125
12 0.73828125 0.57109375 0.06796875 0.0578125
12 0.73359375 0.78046875 0.13828125 0.0828125
12 0.74296875 0.59140625 0.04921875 0.0328125
12 0.80625 0.58984375 0.06796875 0.0515625
12 0.13515625 0.575 0.03046875 0.015625
0 0.9578125 0.82578125 0.01875 0.0171875
0 0.9375 0.83515625 0.03515625 0.0296875
1 0.2609375 0.24375 0.01875 0.0125
7 0.58203125 0.93203125 0.25390625 0.1265625
7 0.140625 0.7890625 0.1828125 0.065625
7 0.896875 0.77421875 0.2015625 0.0828125
0 0.61640625 0.96171875 0.10078125 0.0734375
0 0.58203125 0.96875 0.065625 0.059375
1 0.0421875 0.409375 0.01875 0.009375
12 0.5484375 0.553125 0.04921875 0.025
0 0.975 0.83671875 0.03046875 0.0328125
0 0.98125 0.93046875 0.0328125 0.0890625
1 0.725 0.8671875 0.1546875 0.065625
12 0.83828125 0.63671875 0.065625 0.0328125
12 0.0375 0.87421875 0.075 0.0390625
12 0.425 0.89765625 0.30078125 0.1140625
1 0.49765625 0.38203125 0.9953125 0.5828125
