16 0.62734375 0.81015625 0.096875 0.11015625
10 0.45078125 0.4734375 0.03671875 0.34140625
10 0.30546875 0.55390625 0.0140625 0.096875
10 0.39921875 0.56171875 0.00703125 0.07265625
0 0.3859375 0.584375 0.01484375 0.034375
0 0.35546875 0.58671875 0.0125 0.03203125
0 0.153125 0.62421875 0.034375 0.08515625
0 0.18125 0.60078125 0.01484375 0.0359375
0 0.1296875 0.60390625 0.01640625 0.0421875
16 0.21953125 0.60625 0.0140625 0.01484375
16 0.196875 0.60859375 0.0140625 0.0140625
10 0.23828125 0.590625 0.00390625 0.03671875
14 0.0953125 0.640625 0.0265625 0.04453125
16 0.10703125 0.61328125 0.0140625 0.0125
16 0.171875 0.61015625 0.0078125 0.0125
