1 0.325 0.49765625 0.225 0.1234375
1 0.18125 0.50546875 0.1125 0.0890625
1 0.03125 0.51484375 0.0625 0.1203125
1 0.76796875 0.47421875 0.04375 0.0203125
1 0.73515625 0.47265625 0.02890625 0.0171875
0 0.54453125 0.3703125 0.07265625 0.09375
0 0.615625 0.41484375 0.03984375 0.0359375
17 0.79140625 0.86328125 0.27109375 0.2390625
0 0.934375 0.4828125 0.01875 0.05
1 0.09453125 0.51328125 0.15625 0.1109375
1 0.7125 0.4671875 0.02109375 0.0125
1 0.79140625 0.46171875 0.02109375 0.0140625
17 0.79375 0.51015625 0.01640625 0.0484375
