13 0.31484375 0.82109375 0.10078125 0.35625
13 0.72890625 0.81328125 0.10234375 0.359375
0 0.76484375 0.30703125 0.07421875 0.309375
10 0.7296875 0.20625 0.025 0.40625
10 0.553125 0.21015625 0.00859375 0.20390625
9 0.4453125 0.3328125 0.03828125 0.065625
0 0.44609375 0.30703125 0.03203125 0.0953125
0 0.4234375 0.3015625 0.01484375 0.06171875
1 0.31015625 0.30234375 0.03671875 0.04375
1 0.3421875 0.303125 0.02734375 0.03359375
11 0.2359375 0.30703125 0.11640625 0.14140625
1 0.41328125 0.29453125 0.01171875 0.015625
1 0.3875 0.296875 0.02109375 0.028125
