1 0.2171875 0.3125 0.18125 0.11484375
0 0.57890625 0.33984375 0.0171875 0.09375
0 0.81875 0.3609375 0.040625 0.159375
0 0.8921875 0.37109375 0.0375 0.15703125
0 0.9203125 0.37734375 0.03125 0.1453125
0 0.8671875 0.3734375 0.025 0.11015625
0 0.04453125 0.30078125 0.0203125 0.06796875
0 0.0265625 0.29765625 0.015625 0.0703125
0 0.11640625 0.3046875 0.0171875 0.0796875
0 0.784375 0.36640625 0.028125 0.10078125
0 0.72890625 0.35859375 0.0390625 0.09375
0 0.35703125 0.321875 0.0171875 0.09140625
1 0.9796875 0.39140625 0.0375 0.046875
0 0.4625 0.35859375 0.10625 0.3421875
0 0.07734375 0.2984375 0.0203125 0.07265625
1 0.9765625 0.38046875 0.040625 0.06328125
0 0.43046875 0.340625 0.7734375 0.17109375
9 0.52578125 0.4015625 0.2390625 0.34921875
