0 0.0265625 0.153125 0.0484375 0.29921875
15 0.64609375 0.56953125 0.12265625 0.34453125
15 0.44140625 0.29609375 0.065625 0.18046875
15 0.34453125 0.159375 0.040625 0.10859375
15 0.3109375 0.1140625 0.025 0.0828125
15 0.26484375 0.075 0.01796875 0.053125
15 0.5703125 0.04609375 0.015625 0.05078125
15 0.6453125 0.05390625 0.0203125 0.06171875
15 0.478125 0.03359375 0.01171875 0.034375
15 0.45 0.02734375 0.01015625 0.034375
15 0.41015625 0.02421875 0.009375 0.028125
7 0.3078125 0.02890625 0.1125 0.0578125
