1 0.2953125 0.78359375 0.07421875 0.08828125
1 0.74765625 0.8171875 0.0921875 0.12421875
1 0.1921875 0.79453125 0.084375 0.08046875
1 0.03828125 0.79453125 0.07578125 0.08828125
1 0.709375 0.7359375 0.0296875 0.03671875
1 0.59375 0.73828125 0.028125 0.0328125
0 0.88125 0.81484375 0.06171875 0.2671875
0 0.62578125 0.79140625 0.0203125 0.08828125
0 0.46328125 0.7890625 0.0296875 0.13515625
0 0.603125 0.78359375 0.01796875 0.11015625
0 0.984375 0.75859375 0.01171875 0.03671875
1 0.5140625 0.76953125 0.04375 0.05859375
1 0.5546875 0.76015625 0.0140625 0.040625
1 0.6296875 0.75859375 0.028125 0.05859375
12 0.8328125 0.7765625 0.05 0.0953125
12 0.77421875 0.7328125 0.04375 0.04375
12 0.0921875 0.79453125 0.05234375 0.08828125
1 0.92109375 0.7890625 0.0421875 0.06953125
10 0.12734375 0.4875 0.0296875 0.7109375
10 0.6140625 0.4890625 0.015625 0.45078125
10 0.5171875 0.56953125 0.01796875 0.4796875
