6 0.5234375 0.59609375 0.09375 0.10390625
1 0.859375 0.55 0.278125 0.20859375
1 0.471875 0.503125 0.121875 0.08125
0 0.5375 0.57578125 0.046875 0.14765625
0 0.459375 0.58671875 0.09375 0.31015625
0 0.23515625 0.55546875 0.1359375 0.23984375
0 0.5984375 0.48828125 0.015625 0.08515625
0 0.1921875 0.50234375 0.028125 0.07890625
1 0.0078125 0.4875 0.015625 0.02109375
10 0.8484375 0.365625 0.0625 0.69375
10 0.2953125 0.40703125 0.0375 0.36484375
10 0.3609375 0.44296875 0.01875 0.16875
10 0.54765625 0.459375 0.0171875 0.11015625
10 0.2265625 0.38046875 0.015625 0.12734375
17 0.321875 0.56171875 0.025 0.06484375
