16 0.35703125 0.53984375 0.096875 0.1890625
16 0.5671875 0.53125 0.0875 0.16484375
16 0.853125 0.54453125 0.09921875 0.18671875
16 0.0703125 0.56328125 0.11640625 0.209375
1 0.34375 0.271875 0.12890625 0.10625
1 0.4296875 0.26953125 0.0265625 0.1
1 0.784375 0.17578125 0.025 0.340625
14 0.72890625 0.30703125 0.04296875 0.06875
1 0.953125 0.29609375 0.09296875 0.07109375
13 0.1046875 0.24296875 0.01484375 0.18046875
13 0.5609375 0.26171875 0.01015625 0.128125
13 0.7609375 0.29140625 0.009375 0.10546875
