9 0.34765625 0.6125 0.4828125 0.46640625
7 0.2765625 0.37734375 0.553125 0.6875
0 0.28125 0.52734375 0.14375 0.625
0 0.60234375 0.453125 0.1421875 0.50234375
0 0.9109375 0.43203125 0.121875 0.33984375
0 0.7609375 0.33203125 0.1 0.17265625
0 0.02734375 0.49296875 0.0546875 0.51015625
0 0.9421875 0.44375 0.075 0.29140625
12 0.278125 0.25546875 0.55625 0.46015625
0 0.7078125 0.20546875 0.009375 0.02265625
0 0.01484375 0.28984375 0.0296875 0.08359375
0 0.98125 0.35 0.028125 0.11640625
0 0.8765625 0.26015625 0.025 0.04609375
9 0.7359375 0.54921875 0.315625 0.48515625
