1 0.975 0.6890625 0.046875 0.18203125
12 0.44296875 0.19453125 0.0953125 0.059375
0 0.240625 0.5328125 0.1875 0.43515625
0 0.43046875 0.35234375 0.0359375 0.18359375
0 0.859375 0.44296875 0.11875 0.29375
0 0.678125 0.3 0.028125 0.12265625
0 0.58359375 0.3046875 0.0265625 0.084375
0 0.5625 0.29921875 0.021875 0.08671875
0 0.35859375 0.29921875 0.0328125 0.1078125
0 0.34140625 0.30859375 0.0140625 0.07578125
0 0.15859375 0.34140625 0.0328125 0.17578125
0 0.328125 0.3109375 0.025 0.08046875
0 0.228125 0.30234375 0.046875 0.10546875
0 0.25859375 0.26640625 0.0109375 0.06328125
1 0.73125 0.28359375 0.1 0.06796875
1 0.46171875 0.24765625 0.0578125 0.03828125
1 0.5140625 0.2625 0.05625 0.05078125
7 0.45 0.20078125 0.071875 0.06796875
12 0.11796875 0.2578125 0.1640625 0.11875
12 0.9578125 0.26875 0.08125 0.13515625
12 0.50078125 0.228125 0.1328125 0.059375
12 0.87109375 0.2609375 0.1328125 0.0828125
12 0.24375 0.24921875 0.084375 0.06328125
0 0.40546875 0.296875 0.0171875 0.11171875
1 0.95703125 0.271875 0.0796875 0.1375
1 0.8734375 0.26015625 0.1375 0.071875
1 0.840625 0.26875 0.0125 0.0171875
12 0.75625 0.265625 0.103125 0.065625
0 0.40625 0.3359375 0.478125 0.21953125
9 0.25078125 0.7 0.3203125 0.41015625
9 0.8453125 0.575 0.225 0.32109375
10 0.55078125 0.30234375 0.0171875 0.22421875
10 0.6546875 0.18828125 0.03125 0.3765625
