1 0.37265625 0.59765625 0.1140625 0.13671875
12 0.77109375 0.509375 0.4546875 0.73671875
1 0.90390625 0.84453125 0.1828125 0.27734375
1 0.40703125 0.553125 0.0796875 0.12265625
1 0.19609375 0.77265625 0.3921875 0.41640625
1 0.5328125 0.58828125 0.04375 0.10859375
1 0.0296875 0.53515625 0.059375 0.07265625
1 0.51328125 0.5328125 0.0640625 0.07265625
1 0.34609375 0.51171875 0.0265625 0.03046875
1 0.23359375 0.50234375 0.0265625 0.04453125
12 0.2734375 0.52578125 0.075 0.09140625
0 0.0640625 0.684375 0.125 0.0984375
0 0.20703125 0.6953125 0.1234375 0.09609375
1 0.1984375 0.50234375 0.046875 0.05390625
1 0.4859375 0.53046875 0.015625 0.05859375
12 0.03046875 0.534375 0.0609375 0.0703125
1 0.53046875 0.55390625 0.0484375 0.06328125
10 0.33046875 0.41328125 0.0203125 0.190625
