1 0.190625 0.85859375 0.09375 0.07578125
7 0.56484375 0.80546875 0.0859375 0.1203125
0 0.6171875 0.7953125 0.10625 0.1515625
0 0.45625 0.8640625 0.14765625 0.23828125
0 0.3 0.8515625 0.2 0.2578125
0 0.1046875 0.84453125 0.01796875 0.0921875
6 0.95078125 0.91171875 0.02578125 0.04765625
0 0.128125 0.853125 0.02421875 0.08125
0 0.06484375 0.85 0.01796875 0.08671875
0 0.21875 0.8515625 0.03828125 0.0671875
0 0.7296875 0.79140625 0.415625 0.38359375
6 0.97890625 0.87421875 0.03828125 0.05625
1 0.4046875 0.809375 0.0296875 0.02265625
1 0.38984375 0.83046875 0.028125 0.053125
0 0.9453125 0.8625 0.0296875 0.11796875
