1 0.79765625 0.71328125 0.4 0.38125
1 0.5203125 0.59453125 0.171875 0.09609375
12 0.51015625 0.509375 0.07578125 0.06953125
12 0.4796875 0.51328125 0.0796875 0.071875
6 0.77265625 0.81484375 0.2421875 0.33359375
6 0.53203125 0.82421875 0.14375 0.3359375
6 0.36875 0.8109375 0.18984375 0.3625
6 0.24765625 0.79296875 0.13984375 0.22109375
6 0.12578125 0.67734375 0.171875 0.20234375
6 0.27265625 0.67734375 0.21796875 0.10703125
6 0.72578125 0.77578125 0.14375 0.28828125
6 0.54921875 0.74765625 0.18203125 0.146875
6 0.3 0.828125 0.10390625 0.1734375
12 0.60390625 0.53359375 0.10390625 0.0796875
6 0.20234375 0.775 0.0921875 0.146875
6 0.4359375 0.86015625 0.11171875 0.275
12 0.328125 0.5078125 0.215625 0.20546875
6 0.2296875 0.6796875 0.17578125 0.18671875
1 0.71796875 0.51328125 0.14375 0.05625
6 0.3359375 0.67734375 0.1203125 0.09609375
6 0.33984375 0.728125 0.66796875 0.35703125
10 0.384375 0.26796875 0.04765625 0.53046875
