1 0.934375 0.696875 0.125 0.23671875
1 0.13359375 0.6109375 0.0890625 0.159375
1 0.80859375 0.5984375 0.0953125 0.08671875
1 0.85390625 0.60078125 0.0578125 0.09609375
1 0.0734375 0.5890625 0.046875 0.06328125
7 0.49375 0.59140625 0.55625 0.5171875
0 0.075 0.66640625 0.046875 0.21796875
0 0.984375 0.559375 0.01875 0.0328125
1 0.76953125 0.68828125 0.0328125 0.13125
1 0.00234375 0.57734375 0.0046875 0.06328125
1 0.02578125 0.59453125 0.0234375 0.0796875
10 0.190625 0.46953125 0.053125 0.746875
10 0.82578125 0.546875 0.0140625 0.21796875
