1 0.07890625 0.615625 0.1109375 0.075
1 0.9734375 0.64296875 0.05 0.09140625
1 0.178125 0.6203125 0.1125 0.0703125
7 0.5234375 0.5921875 0.571875 0.24375
0 0.57265625 0.56171875 0.0109375 0.028125
0 0.528125 0.55390625 0.0375 0.03515625
0 0.48046875 0.55 0.0109375 0.0234375
12 0.81171875 0.6390625 0.0890625 0.103125
0 0.59765625 0.5640625 0.0140625 0.01875
0 0.3796875 0.54765625 0.01875 0.028125
12 0.89765625 0.63671875 0.1328125 0.103125
0 0.34296875 0.5453125 0.0171875 0.0328125
12 0.03359375 0.60546875 0.0671875 0.09140625
10 0.88515625 0.46953125 0.0171875 0.23203125
10 0.54609375 0.38671875 0.0109375 0.0796875
