0 0.33828125 0.6953125 0.0515625 0.1984375
0 0.2828125 0.65859375 0.028125 0.1171875
0 0.25390625 0.67265625 0.0390625 0.1171875
0 0.51484375 0.675 0.0328125 0.14921875
0 0.48125 0.6859375 0.034375 0.1375
0 0.45078125 0.67421875 0.0328125 0.12421875
0 0.77109375 0.68203125 0.0359375 0.13046875
0 0.825 0.7 0.05625 0.23125
0 0.6203125 0.65859375 0.028125 0.121875
0 0.64375 0.66953125 0.034375 0.1375
0 0.184375 0.6703125 0.03125 0.12578125
0 0.665625 0.65078125 0.01875 0.09609375
0 0.4703125 0.7453125 0.815625 0.35546875
