0 0.521875 0.56796875 0.42734375 0.3640625
0 0.25234375 0.35625 0.05859375 0.115625
0 0.32265625 0.34921875 0.08359375 0.1296875
0 0.63984375 0.3234375 0.07890625 0.146875
0 0.76640625 0.31640625 0.10859375 0.1640625
0 0.884375 0.31640625 0.06875 0.1515625
0 0.165625 0.846875 0.18984375 0.103125
12 0.63125 0.8375 0.70390625 0.3125
0 0.54453125 0.34609375 0.06484375 0.0984375
0 0.053125 0.3875 0.10625 0.153125
0 0.19921875 0.940625 0.25625 0.1125
0 0.95078125 0.3078125 0.08515625 0.1625
0 0.16484375 0.3390625 0.08359375 0.15625
