1 0.52578125 0.67265625 0.3484375 0.35859375
1 0.28046875 0.60390625 0.1609375 0.06640625
1 0.85703125 0.58046875 0.0828125 0.04765625
1 0.03984375 0.709375 0.0796875 0.42265625
1 0.16484375 0.59609375 0.0265625 0.0375
1 0.19765625 0.590625 0.0484375 0.05625
1 0.709375 0.59453125 0.084375 0.07734375
1 0.375 0.58828125 0.034375 0.03125
1 0.12890625 0.596875 0.0140625 0.02734375
1 0.32578125 0.578125 0.0734375 0.03515625
1 0.14921875 0.59296875 0.0328125 0.04375
10 0.65625 0.4125 0.034375 0.36640625
