1 0.39765625 0.3171875 0.3265625 0.14453125
1 0.08828125 0.265625 0.1765625 0.12578125
1 0.6875 0.30234375 0.25 0.1109375
1 0.94453125 0.32421875 0.1078125 0.1796875
1 0.50078125 0.22578125 0.0484375 0.03359375
9 0.50390625 0.27890625 0.0765625 0.06484375
0 0.22421875 0.5609375 0.3234375 0.271875
12 0.26171875 0.2125 0.1046875 0.05625
17 0.65859375 0.51171875 0.0578125 0.08984375
0 0.4625 0.25078125 0.053125 0.0625
1 0.09765625 0.22109375 0.0984375 0.05234375
1 0.56328125 0.225 0.0296875 0.01484375
12 0.13203125 0.20625 0.1234375 0.0609375
0 0.46875 0.228125 0.01875 0.0421875
0 0.39453125 0.28125 0.0140625 0.03125
1 0.559375 0.25859375 0.1125 0.05234375
1 0.79453125 0.26640625 0.1171875 0.05625
1 0.13046875 0.20625 0.1265625 0.0609375
10 0.4265625 0.12265625 0.025 0.240625
10 0.39296875 0.1203125 0.0265625 0.240625
