1 0.67734375 0.68125 0.0734375 0.0515625
0 0.77421875 0.690625 0.0171875 0.0796875
0 0.79140625 0.68984375 0.0203125 0.08203125
0 0.58828125 0.7015625 0.0359375 0.10546875
0 0.86328125 0.678125 0.0203125 0.06328125
0 0.1578125 0.70703125 0.034375 0.1125
1 0.1734375 0.6734375 0.021875 0.02109375
12 0.3328125 0.7046875 0.1375 0.1171875
0 0.5703125 0.6625 0.0125 0.0234375
0 0.1359375 0.69453125 0.021875 0.11484375
1 0.64609375 0.67421875 0.0140625 0.0140625
1 0.54921875 0.68046875 0.0203125 0.03515625
1 0.58203125 0.6765625 0.0453125 0.0375
10 0.83046875 0.54765625 0.0265625 0.346875
14 0.95234375 0.6953125 0.0828125 0.084375
14 0.565625 0.7578125 0.053125 0.11953125
14 0.4296875 0.68125 0.021875 0.0328125
