1 0.28125 0.8 0.184375 0.1078125
1 0.23203125 0.775 0.1703125 0.11796875
0 0.78828125 0.7203125 0.03984375 0.0640625
1 0.365625 0.73828125 0.06953125 0.03984375
12 0.62265625 0.71796875 0.10390625 0.05625
12 0.5171875 0.72421875 0.05859375 0.03984375
0 0.03046875 0.83046875 0.0609375 0.2140625
1 0.42265625 0.72109375 0.06171875 0.03828125
1 0.14296875 0.7328125 0.03984375 0.02578125
1 0.15703125 0.790625 0.0265625 0.0578125
1 0.12421875 0.7171875 0.01875 0.0140625
1 0.165625 0.72109375 0.02109375 0.01015625
12 0.9453125 0.709375 0.10390625 0.08203125
10 0.475 0.7828125 0.10703125 0.4296875
10 0.1109375 0.765625 0.05625 0.30390625
