0 0.63125 0.58671875 0.096875 0.2546875
0 0.74609375 0.6375 0.1296875 0.2625
0 0.82734375 0.0671875 0.0609375 0.07265625
0 0.54921875 0.18046875 0.0328125 0.175
6 0.821875 0.13671875 0.08125 0.08046875
6 0.5453125 0.23046875 0.01875 0.1109375
10 0.51875 0.275 0.053125 0.5390625
10 0.4578125 0.659375 0.025 0.2734375
10 0.3515625 0.1703125 0.03125 0.209375
10 0.6203125 0.08828125 0.01875 0.165625
13 0.64296875 0.11171875 0.0171875 0.1
10 0.9421875 0.103125 0.015625 0.20546875
10 0.809375 0.21328125 0.0125 0.175
10 0.96796875 0.10078125 0.0171875 0.2015625
10 0.08359375 0.3671875 0.0609375 0.73046875
10 0.12421875 0.58203125 0.0265625 0.33359375
10 0.259375 0.06484375 0.040625 0.11484375
10 0.415625 0.19296875 0.021875 0.1859375
