1 0.50625 0.5015625 0.04375 0.07734375
1 0.52421875 0.46015625 0.03203125 0.0359375
1 0.453125 0.4765625 0.04609375 0.0859375
0 0.46484375 0.5265625 0.0421875 0.16875
0 0.40078125 0.51171875 0.03828125 0.18671875
0 0.61328125 0.4734375 0.0296875 0.06796875
17 0.32578125 0.81640625 0.084375 0.30234375
0 0.21875 0.4953125 0.021875 0.11875
0 0.05703125 0.46328125 0.06171875 0.171875
0 0.9296875 0.45234375 0.03203125 0.0921875
0 0.1140625 0.503125 0.04375 0.1984375
1 0.940625 0.496875 0.0703125 0.0859375
1 0.89921875 0.48515625 0.08203125 0.0859375
1 0.7921875 0.49140625 0.0203125 0.04453125
1 0.6953125 0.4703125 0.03828125 0.05078125
1 0.67265625 0.471875 0.02578125 0.04765625
1 0.65625 0.46875 0.028125 0.04140625
1 0.64375 0.46171875 0.04375 0.0625
10 0.69296875 0.33671875 0.02578125 0.39453125
