6 0.4375 0.70703125 0.075 0.42734375
6 0.0828125 0.44765625 0.090625 0.184375
6 0.553125 0.64453125 0.065625 0.35078125
0 0.22421875 0.37421875 0.0515625 0.25234375
0 0.4421875 0.5171875 0.1875 0.796875
0 0.184375 0.36796875 0.034375 0.1703125
0 0.13359375 0.37265625 0.0578125 0.175
0 0.09140625 0.36796875 0.0640625 0.278125
0 0.06640625 0.38984375 0.0578125 0.30859375
0 0.95859375 0.3203125 0.0671875 0.24765625
0 0.0375 0.3828125 0.075 0.34609375
0 0.5640625 0.4953125 0.128125 0.71953125
0 0.921875 0.31328125 0.078125 0.22890625
10 0.83984375 0.62265625 0.0421875 0.59140625
15 0.790625 0.596875 0.084375 0.1609375
15 0.23046875 0.5703125 0.0828125 0.13984375
