6 0.46484375 0.73203125 0.3046875 0.2015625
1 0.1265625 0.4875 0.084375 0.0734375
1 0.22265625 0.4453125 0.0421875 0.034375
0 0.7609375 0.6703125 0.084375 0.2921875
0 0.8609375 0.6578125 0.090625 0.328125
12 0.478125 0.503125 0.5375 0.6265625
12 0.13984375 0.41953125 0.0984375 0.06015625
1 0.03359375 0.4671875 0.0671875 0.10078125
1 0.1484375 0.44453125 0.046875 0.05859375
7 0.1328125 0.4109375 0.084375 0.0390625
0 0.97890625 0.50234375 0.0359375 0.06640625
0 0.74296875 0.4875 0.0390625 0.05703125
1 0.08359375 0.44140625 0.0765625 0.0453125
12 0.03203125 0.47578125 0.0640625 0.084375
0 0.94609375 0.4859375 0.0328125 0.06328125
10 0.875 0.26953125 0.06875 0.5359375
