1 0.20390625 0.515625 0.0546875 0.02734375
1 0.0703125 0.51171875 0.0375 0.0234375
1 0.23671875 0.515625 0.0296875 0.015625
9 0.503125 0.6875 0.275 0.3484375
0 0.6828125 0.66015625 0.11875 0.5
1 0.1625 0.51171875 0.03125 0.0234375
12 0.37890625 0.61484375 0.2640625 0.2921875
1 0.27890625 0.51875 0.0453125 0.02109375
12 0.128125 0.50859375 0.059375 0.0328125
1 0.02578125 0.50703125 0.0515625 0.02890625
10 0.68671875 0.253125 0.0328125 0.32265625
10 0.3953125 0.3578125 0.021875 0.2140625
10 0.27265625 0.4203125 0.0171875 0.21015625
