6 0.87421875 0.44609375 0.0921875 0.0890625
1 0.27265625 0.41796875 0.54453125 0.4796875
1 0.55546875 0.3578125 0.25703125 0.16875
0 0.57265625 0.68671875 0.36953125 0.5703125
0 0.75546875 0.41484375 0.2125 0.4078125
0 0.2421875 0.51796875 0.39375 0.9015625
0 0.98671875 0.36015625 0.02265625 0.0609375
1 0.86953125 0.353125 0.0203125 0.01875
1 0.86953125 0.340625 0.0203125 0.021875
1 0.90625 0.340625 0.03671875 0.03125
0 0.95546875 0.353125 0.02421875 0.0625
0 0.9671875 0.35625 0.03671875 0.06875
