6 0.5390625 0.6984375 0.32890625 0.471875
1 0.07265625 0.26328125 0.1328125 0.2265625
7 0.7671875 0.21171875 0.46171875 0.4203125
0 0.56015625 0.52578125 0.3125 0.6140625
0 0.25078125 0.2140625 0.05390625 0.134375
0 0.321875 0.20703125 0.08046875 0.1421875
0 0.41640625 0.240625 0.07421875 0.15625
0 0.0921875 0.13125 0.04765625 0.0375
0 0.0578125 0.11015625 0.025 0.0390625
0 0.0625 0.134375 0.0328125 0.05625
12 0.06484375 0.19453125 0.1296875 0.3390625
0 0.34453125 0.16328125 0.0390625 0.1296875
0 0.4453125 0.09765625 0.02109375 0.0140625
0 0.278125 0.20078125 0.01875 0.0609375
0 0.16875 0.16796875 0.04765625 0.1390625
0 0.4765625 0.1390625 0.0328125 0.090625
6 0.384375 0.17421875 0.04765625 0.0359375
0 0.14765625 0.2 0.07265625 0.1625
