12 0.12109375 0.6484375 0.0921875 0.0828125
0 0.1828125 0.778125 0.05625 0.234375
0 0.87265625 0.77265625 0.1296875 0.4109375
0 0.68828125 0.67890625 0.0296875 0.11171875
0 0.66171875 0.6640625 0.0140625 0.05546875
0 0.596875 0.6609375 0.046875 0.07578125
0 0.128125 0.70390625 0.034375 0.1046875
0 0.396875 0.71640625 0.028125 0.125
0 0.64375 0.67109375 0.028125 0.0828125
0 0.36484375 0.72109375 0.0234375 0.11640625
1 0.02578125 0.66484375 0.0515625 0.05390625
1 0.16640625 0.66875 0.0203125 0.03359375
1 0.0640625 0.675 0.025 0.0203125
0 0.73359375 0.73671875 0.0515625 0.20546875
0 0.58125 0.6609375 0.0125 0.0359375
16 0.22265625 0.93046875 0.2265625 0.13359375
16 0.44140625 0.8828125 0.1546875 0.2296875
16 0.68828125 0.840625 0.1671875 0.2296875
16 0.6265625 0.8 0.084375 0.1765625
16 0.59609375 0.765625 0.0609375 0.13828125
