15 0.32890625 0.71875 0.12265625 0.21796875
9 0.04765625 0.43828125 0.0875 0.1640625
0 0.11796875 0.3375 0.03984375 0.0734375
12 0.13046875 0.31640625 0.25234375 0.11875
9 0.28046875 0.365625 0.065625 0.08671875
0 0.275 0.3453125 0.0453125 0.0828125
0 0.315625 0.33984375 0.034375 0.0765625
0 0.3546875 0.3390625 0.02890625 0.08125
0 0.45 0.32578125 0.01953125 0.05234375
0 0.4765625 0.32578125 0.025 0.05390625
0 0.50546875 0.328125 0.015625 0.04609375
0 0.3921875 0.3125 0.01171875 0.015625
9 0.39921875 0.33359375 0.02734375 0.040625
9 0.64765625 0.4671875 0.3796875 0.27734375
9 0.81640625 0.3640625 0.09140625 0.1046875
0 0.93125 0.3171875 0.04765625 0.06484375
10 0.63828125 0.38984375 0.12421875 0.76796875
