1 0.42265625 0.57265625 0.0765625 0.0640625
12 0.21171875 0.615625 0.4203125 0.415625
12 0.44609375 0.5375 0.0796875 0.0890625
0 0.75078125 0.57265625 0.0171875 0.01484375
1 0.78515625 0.6328125 0.1890625 0.18515625
1 0.56015625 0.553125 0.0421875 0.04609375
1 0.58515625 0.54921875 0.0203125 0.0375
1 0.60078125 0.54375 0.0265625 0.03125
1 0.61484375 0.54296875 0.0171875 0.025
1 0.68671875 0.54140625 0.0203125 0.02265625
1 0.3765625 0.55078125 0.01875 0.02109375
1 0.50859375 0.559375 0.0578125 0.05
1 0.70546875 0.53984375 0.0203125 0.01484375
10 0.98203125 0.3828125 0.0296875 0.453125
