1 0.7328125 0.7 0.2375 0.25390625
1 0.275 0.58828125 0.103125 0.08125
1 0.55078125 0.66328125 0.1640625 0.16484375
1 0.23203125 0.56953125 0.0609375 0.04375
7 0.8015625 0.540625 0.39375 0.20234375
7 0.525 0.53203125 0.10625 0.07734375
7 0.26875 0.528125 0.04375 0.05234375
0 0.4203125 0.78515625 0.1125 0.40390625
0 0.76484375 0.63359375 0.0515625 0.04609375
0 0.88046875 0.74921875 0.0828125 0.39375
0 0.12734375 0.57578125 0.0171875 0.08125
0 0.48671875 0.58671875 0.0234375 0.09375
0 0.47265625 0.59921875 0.0203125 0.11484375
12 0.059375 0.58046875 0.11875 0.08984375
0 0.18984375 0.54921875 0.0109375 0.02265625
10 0.18125 0.56484375 0.021875 0.32109375
10 0.96953125 0.56796875 0.0203125 0.18125
