10 0.18203125 0.43125 0.06796875 0.84375
10 0.4578125 0.196875 0.01953125 0.3859375
10 0.04296875 0.20859375 0.0296875 0.4171875
0 0.63828125 0.43359375 0.028125 0.08203125
9 0.64140625 0.45703125 0.0609375 0.07109375
0 0.8640625 0.4359375 0.02578125 0.08359375
9 0.86875 0.4546875 0.07421875 0.071875
15 0.37109375 0.453125 0.00859375 0.03046875
0 0.340625 0.421875 0.015625 0.065625
12 0.11328125 0.41640625 0.11015625 0.1
0 0.41640625 0.41015625 0.00703125 0.05
9 0.5671875 0.43125 0.03203125 0.05
0 0.5640625 0.4234375 0.0203125 0.06484375
0 0.67265625 0.40390625 0.01171875 0.05859375
0 0.93125 0.403125 0.0140625 0.0734375
