1 0.60078125 0.7234375 0.4359375 0.384375
1 0.334375 0.66171875 0.190625 0.24140625
1 0.08671875 0.62265625 0.1109375 0.140625
1 0.05234375 0.8046875 0.1046875 0.38671875
1 0.521875 0.51875 0.1 0.04453125
1 0.403125 0.528125 0.10625 0.05390625
1 0.22421875 0.5359375 0.0953125 0.046875
1 0.053125 0.68828125 0.10625 0.234375
1 0.14296875 0.6015625 0.0515625 0.0796875
0 0.6234375 0.60078125 0.05625 0.07265625
0 0.66171875 0.49765625 0.0109375 0.01171875
0 0.3390625 0.51953125 0.0125 0.046875
0 0.2328125 0.6203125 0.025 0.084375
1 0.65625 0.50703125 0.115625 0.06796875
1 0.240625 0.6078125 0.028125 0.11484375
1 0.1484375 0.5703125 0.078125 0.09609375
1 0.540625 0.48359375 0.0625 0.03515625
1 0.3375 0.54921875 0.675 0.19921875
