0 0.41171875 0.265625 0.0484375 0.16015625
0 0.31875 0.25234375 0.03125 0.1125
0 0.1234375 0.21796875 0.0125 0.03984375
0 0.09609375 0.196875 0.0140625 0.04375
0 0.1484375 0.23203125 0.025 0.07265625
0 0.57734375 0.22421875 0.0140625 0.03515625
0 0.515625 0.21484375 0.009375 0.03359375
17 0.54140625 0.52578125 0.1171875 0.25625
0 0.4796875 0.21328125 0.00625 0.03515625
0 0.54375 0.21484375 0.003125 0.02890625
0 0.86015625 0.22890625 0.0140625 0.02890625
10 0.65546875 0.26015625 0.0578125 0.5125
