6 0.66171875 0.7546875 0.61875 0.465625
6 0.553125 0.40859375 0.13515625 0.1515625
6 0.01640625 0.24453125 0.0328125 0.0640625
6 0.9375 0.57421875 0.12109375 0.2234375
6 0.69765625 0.31953125 0.03359375 0.0578125
0 0.390625 0.41640625 0.26015625 0.6578125
0 0.634375 0.34609375 0.12734375 0.2421875
0 0.30078125 0.22890625 0.04375 0.0796875
0 0.034375 0.2125 0.03515625 0.121875
0 0.58203125 0.26640625 0.08515625 0.1421875
0 0.534375 0.28125 0.03984375 0.109375
6 0.48359375 0.32265625 0.03359375 0.0421875
0 0.71171875 0.29140625 0.03515625 0.0921875
10 0.8 0.571875 0.2125 0.53125
