1 0.7703125 0.94765625 0.1078125 0.0875
1 0.39921875 0.6328125 0.0421875 0.05390625
1 0.575 0.65234375 0.0578125 0.0453125
7 0.79296875 0.63125 0.38203125 0.10546875
1 0.20234375 0.93828125 0.1078125 0.11171875
0 0.215625 0.8296875 0.0359375 0.09375
1 0.32421875 0.56328125 0.0203125 0.03046875
1 0.33984375 0.5390625 0.0203125 0.02421875
1 0.0578125 0.55 0.03203125 0.02109375
7 0.365625 0.5796875 0.03984375 0.075
7 0.39765625 0.59921875 0.05234375 0.07265625
0 0.4078125 0.790625 0.0203125 0.09375
0 0.54375 0.828125 0.015625 0.078125
0 0.57734375 0.8765625 0.0296875 0.10234375
0 0.7546875 0.8375 0.02578125 0.10234375
0 0.696875 0.7515625 0.021875 0.075
0 0.3859375 0.7984375 0.01171875 0.084375
0 0.6640625 0.7421875 0.01171875 0.075
0 0.39375 0.80390625 0.015625 0.090625
0 0.446875 0.784375 0.01015625 0.0328125
0 0.534375 0.8359375 0.0203125 0.09375
12 0.20625 0.94140625 0.10390625 0.11171875
8 0.67421875 0.84375 0.0203125 0.0421875
0 0.090625 0.80234375 0.021875 0.0875
0 0.8578125 0.8 0.0203125 0.06953125
1 0.36484375 0.5359375 0.0296875 0.01171875
1 0.109375 0.56171875 0.02578125 0.02109375
1 0.54375 0.5375 0.03203125 0.02734375
0 0.453125 0.69296875 0.8421875 0.35546875
