1 0.18359375 0.690625 0.2203125 0.19453125
1 0.87890625 0.90078125 0.2359375 0.19453125
7 0.55078125 0.53203125 0.5609375 0.7734375
7 0.91484375 0.53828125 0.1671875 0.32421875
0 0.5328125 0.70546875 0.084375 0.334375
0 0.9703125 0.6328125 0.046875 0.13125
0 0.10625 0.62265625 0.015625 0.05078125
0 0.08671875 0.64375 0.0203125 0.07265625
7 0.23046875 0.509375 0.0953125 0.171875
0 0.34375 0.61328125 0.015625 0.03203125
0 0.6359375 0.6 0.06875 0.09140625
0 0.0203125 0.671875 0.040625 0.23046875
0 0.05234375 0.6296875 0.0203125 0.03671875
