0 0.38203125 0.9046875 0.0203125 0.06875
0 0.47578125 0.71171875 0.01171875 0.053125
1 0.746875 0.7578125 0.08984375 0.05859375
1 0.62734375 0.728125 0.08984375 0.065625
1 0.178125 0.6828125 0.04765625 0.05078125
1 0.8703125 0.66875 0.06796875 0.0484375
7 0.3453125 0.40703125 0.0421875 0.028125
0 0.80234375 0.9859375 0.0203125 0.02265625
1 0.82265625 0.80703125 0.0859375 0.09609375
1 0.94609375 0.6484375 0.05625 0.04296875
1 0.72265625 0.559375 0.05 0.0328125
1 0.79296875 0.546875 0.03828125 0.028125
1 0.82734375 0.55234375 0.03828125 0.028125
1 0.97109375 0.6828125 0.05 0.0609375
1 0.6078125 0.5609375 0.04765625 0.03046875
1 0.55390625 0.53515625 0.04375 0.03046875
1 0.6390625 0.55234375 0.0296875 0.028125
1 0.10078125 0.67734375 0.08203125 0.0453125
1 0.08125 0.78203125 0.0578125 0.065625
1 0.17890625 0.7484375 0.09375 0.09140625
10 0.88203125 0.5203125 0.02421875 0.13203125
