1 0.3921875 0.65234375 0.171875 0.09296875
1 0.80625 0.60390625 0.084375 0.03984375
7 0.60390625 0.55078125 0.09609375 0.05078125
1 0.85703125 0.6015625 0.07421875 0.03984375
1 0.73203125 0.5734375 0.03984375 0.02109375
1 0.684375 0.56953125 0.03984375 0.02421875
1 0.534375 0.58125 0.05234375 0.0375
1 0.7921875 0.571875 0.04765625 0.0296875
1 0.92734375 0.5828125 0.0578125 0.0296875
12 0.56796875 0.57734375 0.05234375 0.03984375
1 0.97734375 0.58515625 0.03828125 0.0296875
10 0.49765625 0.70234375 0.0203125 0.24765625
10 0.3828125 0.690625 0.021875 0.2296875
