13 0.37109375 0.69296875 0.06953125 0.38828125
13 0.61796875 0.6984375 0.06953125 0.39609375
10 0.6859375 0.2015625 0.02890625 0.39375
0 0.81015625 0.25546875 0.05625 0.1609375
0 0.5078125 0.30078125 0.02578125 0.075
9 0.50625 0.31875 0.0296875 0.05546875
10 0.53046875 0.21171875 0.00703125 0.20703125
0 0.4234375 0.29453125 0.01484375 0.06015625
0 0.434375 0.29375 0.01015625 0.0515625
11 0.2890625 0.29140625 0.10234375 0.12109375
1 0.39609375 0.28828125 0.01875 0.015625
1 0.4125 0.29609375 0.01484375 0.034375
1 0.36640625 0.28671875 0.02109375 0.0265625
