1 0.65 0.54765625 0.053125 0.13359375
17 0.54453125 0.7203125 0.1109375 0.225
0 0.54140625 0.51328125 0.1546875 0.62578125
0 0.3828125 0.52890625 0.1 0.64375
0 0.2921875 0.528125 0.14375 0.721875
0 0.1421875 0.49140625 0.215625 0.8171875
0 0.221875 0.52109375 0.084375 0.69921875
0 0.246875 0.2203125 0.053125 0.13828125
0 0.79453125 0.5125 0.1234375 0.76171875
0 0.88984375 0.39609375 0.0390625 0.0625
12 0.825 0.45625 0.290625 0.30703125
1 0.62421875 0.54921875 0.0515625 0.1046875
10 0.45703125 0.4234375 0.0421875 0.76640625
