12 0.29921875 0.7375 0.1265625 0.09609375
0 0.728125 0.72265625 0.00625 0.025
0 0.0640625 0.71953125 0.01875 0.03515625
0 0.65625 0.71640625 0.009375 0.02109375
12 0.43515625 0.73046875 0.1140625 0.08125
1 0.521875 0.73515625 0.06875 0.04609375
1 0.36875 0.74453125 0.125 0.08984375
1 0.6328125 0.73046875 0.05625 0.03984375
1 0.11015625 0.765625 0.1859375 0.08515625
1 0.853125 0.71484375 0.0375 0.02890625
12 0.80625 0.70546875 0.0375 0.05234375
0 0.96328125 0.72578125 0.0140625 0.03515625
1 0.575 0.734375 0.0625 0.03984375
1 0.69375 0.73046875 0.04375 0.02734375
1 0.7703125 0.71953125 0.025 0.02265625
1 0.78125 0.71875 0.01875 0.025
1 0.82578125 0.71875 0.0296875 0.02890625
0 0.6671875 0.734375 0.0125 0.02734375
0 0.7125 0.72109375 0.00625 0.02109375
0 0.725 0.715625 0.00625 0.02265625
0 0.23125 0.74296875 0.015625 0.06875
0 0.21796875 0.73828125 0.0203125 0.06875
