1 0.76484375 0.8390625 0.4671875 0.31796875
1 0.4390625 0.71875 0.11875 0.07734375
1 0.14921875 0.7359375 0.1328125 0.065625
1 0.39609375 0.68828125 0.0296875 0.03046875
1 0.484375 0.6796875 0.025 0.028125
1 0.478125 0.66484375 0.015625 0.01640625
0 0.01328125 0.76875 0.0265625 0.121875
0 0.8796875 0.69296875 0.0625 0.1703125
0 0.7703125 0.6671875 0.0375 0.04453125
0 0.22890625 0.70703125 0.0171875 0.05390625
0 0.6328125 0.67890625 0.0125 0.03515625
1 0.4390625 0.67265625 0.01875 0.01875
1 0.7328125 0.6671875 0.034375 0.03515625
1 0.4078125 0.68359375 0.015625 0.02578125
12 0.47265625 0.6421875 0.0140625 0.0234375
12 0.409375 0.67421875 0.021875 0.02578125
1 0.028125 0.7328125 0.05625 0.05859375
1 0.4265625 0.671875 0.0125 0.02578125
1 0.42734375 0.65625 0.0140625 0.0140625
0 0.90625 0.69375 0.0625 0.19140625
