1 0.95234375 0.6546875 0.05390625 0.04375
0 0.68125 0.6703125 0.02890625 0.059375
0 0.7875 0.6828125 0.03359375 0.096875
0 0.853125 0.6671875 0.03125 0.059375
0 0.89921875 0.653125 0.01484375 0.03125
0 0.9125 0.6578125 0.0125 0.028125
0 0.72265625 0.66484375 0.05 0.0640625
0 0.746875 0.6546875 0.01015625 0.01875
0 0.75859375 0.6578125 0.0125 0.025
0 0.76328125 0.65546875 0.00625 0.0203125
1 0.6375 0.65546875 0.075 0.0421875
1 0.88671875 0.65078125 0.01875 0.0140625
1 0.97578125 0.665625 0.04375 0.05625
1 0.92109375 0.63984375 0.0125 0.0171875
