7 0.39453125 0.5234375 0.4859375 0.6484375
0 0.70234375 0.7390625 0.0515625 0.24609375
0 0.78515625 0.7203125 0.0140625 0.16640625
0 0.678125 0.65078125 0.040625 0.1078125
0 0.7625 0.74375 0.04375 0.24609375
0 0.12421875 0.6265625 0.0265625 0.09140625
0 0.94921875 0.65 0.0546875 0.06328125
0 0.14296875 0.62421875 0.0140625 0.07734375
0 0.021875 0.6171875 0.034375 0.08671875
0 0.82109375 0.64375 0.0453125 0.05625
0 0.00859375 0.6203125 0.0171875 0.0609375
0 0.1328125 0.61953125 0.009375 0.06328125
0 0.6125 0.64765625 0.034375 0.09140625
10 0.73671875 0.68828125 0.0234375 0.384375
