1 0.18203125 0.68359375 0.284375 0.1203125
1 0.93203125 0.69140625 0.13203125 0.13515625
0 0.728125 0.6609375 0.028125 0.0921875
0 0.703125 0.6578125 0.0296875 0.0921875
0 0.775 0.65078125 0.0140625 0.0546875
0 0.44609375 0.65546875 0.015625 0.075
0 0.82578125 0.6609375 0.02421875 0.08046875
0 0.80703125 0.6609375 0.021875 0.09765625
0 0.30625 0.6453125 0.0078125 0.0375
0 0.3328125 0.65546875 0.01796875 0.075
7 0.63671875 0.6046875 0.10625 0.1640625
0 0.63828125 0.659375 0.02421875 0.07734375
0 0.76328125 0.65078125 0.0140625 0.0546875
0 0.00625 0.6625 0.01171875 0.0890625
0 0.70234375 0.27734375 0.06015625 0.1296875
0 0.690625 0.63828125 0.37421875 0.0515625
