1 0.08515625 0.63671875 0.1484375 0.09765625
1 0.1328125 0.721875 0.11875 0.19765625
12 0.4921875 0.64921875 0.75 0.63984375
0 0.46171875 0.43671875 0.0890625 0.10234375
0 0.3859375 0.49609375 0.14375 0.25859375
0 0.3875 0.4375 0.053125 0.125
0 0.4140625 0.46796875 0.040625 0.13515625
0 0.56328125 0.475 0.1484375 0.26640625
0 0.3265625 0.53671875 0.19375 0.41875
1 0.88203125 0.78828125 0.2328125 0.38984375
1 0.92890625 0.64296875 0.0703125 0.07734375
12 0.8796875 0.659375 0.084375 0.22734375
0 0.6640625 0.40234375 0.0375 0.05390625
10 0.58984375 0.17265625 0.0421875 0.3453125
10 0.94609375 0.34765625 0.0203125 0.25
10 0.14375 0.48125 0.025 0.3
