1 0.60078125 0.571875 0.0578125 0.0640625
1 0.54375 0.565625 0.04375 0.05078125
1 0.36015625 0.56875 0.0328125 0.0625
0 0.8875 0.56328125 0.015625 0.046875
0 0.8671875 0.5625 0.009375 0.03984375
0 0.87421875 0.5609375 0.0109375 0.046875
0 0.9046875 0.5640625 0.0125 0.053125
0 0.80703125 0.5625 0.0109375 0.03125
0 0.82578125 0.55546875 0.0109375 0.01796875
1 0.46328125 0.5609375 0.0109375 0.02421875
0 0.81953125 0.5609375 0.0078125 0.02890625
0 0.97421875 0.5765625 0.0328125 0.0953125
0 0.9515625 0.5734375 0.015625 0.0625
10 0.05546875 0.4921875 0.0234375 0.353125
