0 0.43515625 0.96640625 0.0109375 0.02109375
0 0.10625 0.978125 0.015625 0.03984375
0 0.6640625 0.9625 0.01875 0.065625
0 0.225 0.9828125 0.0125 0.02578125
0 0.09296875 0.9203125 0.0109375 0.028125
0 0.1546875 0.97578125 0.0375 0.04453125
0 0.08828125 0.96875 0.0203125 0.04921875
0 0.48671875 0.90625 0.0046875 0.01875
0 0.4546875 0.88671875 0.00625 0.01640625
1 0.33359375 0.97421875 0.0453125 0.0421875
1 0.353125 0.925 0.015625 0.028125
1 0.45078125 0.90625 0.0203125 0.028125
1 0.92578125 0.9546875 0.0546875 0.04453125
1 0.3359375 0.94375 0.028125 0.028125
0 0.28515625 0.9828125 0.0078125 0.03046875
1 0.3515625 0.90390625 0.01875 0.01875
1 0.35390625 0.8890625 0.0171875 0.01640625
1 0.359375 0.878125 0.0125 0.0140625
1 0.3625 0.86328125 0.0125 0.01640625
1 0.37734375 0.828125 0.0109375 0.01171875
1 0.96796875 0.95703125 0.0609375 0.05859375
1 0.3453125 0.93203125 0.028125 0.0375
0 0.4359375 0.9875 0.0125 0.02109375
0 0.103125 0.9203125 0.015625 0.0328125
1 0.3640625 0.84453125 0.009375 0.01640625
1 0.44609375 0.8609375 0.1328125 0.18515625
10 0.7015625 0.7859375 0.03125 0.41953125
10 0.825 0.85234375 0.028125 0.2859375
10 0.19921875 0.64375 0.0421875 0.70703125
