8 0.45390625 0.609375 0.2703125 0.240625
0 0.565625 0.71875 0.54453125 0.215625
0 0.740625 0.4234375 0.07734375 0.1125
0 0.8640625 0.42734375 0.046875 0.0484375
1 0.79375 0.38125 0.35703125 0.078125
1 0.2125 0.321875 0.2609375 0.0375
1 0.28671875 0.371875 0.1125 0.065625
1 0.43671875 0.34296875 0.196875 0.0296875
1 0.58828125 0.3625 0.10546875 0.040625
12 0.86171875 0.33359375 0.1734375 0.0390625
12 0.56484375 0.346875 0.2796875 0.071875
0 0.91796875 0.43046875 0.05625 0.0484375
0 0.1640625 0.4125 0.0796875 0.06875
0 0.0609375 0.4109375 0.0609375 0.06875
0 0.5046875 0.4265625 0.0703125 0.05
1 0.13046875 0.36640625 0.2609375 0.0734375
1 0.48359375 0.38359375 0.36171875 0.0734375
1 0.5703125 0.3375 0.30078125 0.053125
0 0.43984375 0.41796875 0.03515625 0.0265625
12 0.92734375 0.35234375 0.140625 0.0484375
