9 0.62109375 0.67734375 0.0109375 0.03515625
7 0.7015625 0.684375 0.078125 0.15234375
7 0.55234375 0.65859375 0.0765625 0.12890625
0 0.6625 0.815625 0.040625 0.08203125
0 0.26484375 0.74296875 0.0359375 0.11953125
0 0.20859375 0.73203125 0.0234375 0.0984375
0 0.18359375 0.73203125 0.0234375 0.121875
0 0.19765625 0.66640625 0.0234375 0.0796875
0 0.09921875 0.6921875 0.0140625 0.05625
0 0.78515625 0.69140625 0.0171875 0.08203125
12 0.25625 0.81796875 0.5125 0.359375
12 0.71640625 0.6875 0.0953125 0.140625
0 0.23515625 0.7734375 0.0234375 0.08203125
0 0.17265625 0.71953125 0.0234375 0.13359375
0 0.77109375 0.678125 0.0203125 0.103125
1 0.521875 0.609375 0.075 0.05390625
1 0.7046875 0.68984375 0.08125 0.1453125
12 0.55078125 0.65703125 0.0765625 0.1265625
0 0.61796875 0.659375 0.0234375 0.0703125
0 0.61171875 0.59765625 0.0140625 0.05859375
0 0.05234375 0.70078125 0.0265625 0.03984375
0 0.5875 0.63125 0.53125 0.1828125
