1 0.553125 0.6921875 0.090625 0.1046875
1 0.95 0.8921875 0.096875 0.19765625
1 0.32109375 0.65703125 0.1046875 0.0875
1 0.65078125 0.6703125 0.0484375 0.0671875
1 0.92421875 0.790625 0.1453125 0.1625
1 0.69921875 0.646875 0.0234375 0.03203125
1 0.9140625 0.7046875 0.140625 0.125
1 0.51484375 0.6453125 0.0671875 0.06953125
7 0.13828125 0.6078125 0.2765625 0.73828125
0 0.67734375 0.73984375 0.0453125 0.2125
0 0.71328125 0.73125 0.0359375 0.17734375
1 0.78046875 0.63984375 0.0109375 0.01171875
1 0.84296875 0.69609375 0.0359375 0.07265625
1 0.8140625 0.6484375 0.03125 0.02890625
1 0.65234375 0.63046875 0.0234375 0.0171875
1 0.8671875 0.67578125 0.115625 0.08984375
1 0.4859375 0.6203125 0.059375 0.0609375
10 0.7625 0.51015625 0.03125 0.50859375
