9 0.2828125 0.59453125 0.35 0.5796875
9 0.82578125 0.540625 0.2609375 0.45859375
9 0.67578125 0.49453125 0.1609375 0.3625
0 0.2984375 0.44375 0.178125 0.503125
0 0.8328125 0.29765625 0.16875 0.215625
0 0.6796875 0.303125 0.146875 0.17890625
0 0.7984375 0.15859375 0.05 0.1515625
0 0.7375 0.16875 0.05 0.21328125
0 0.65390625 0.07578125 0.0265625 0.04921875
0 0.49609375 0.165625 0.0484375 0.240625
0 0.64296875 0.14375 0.0359375 0.16015625
0 0.809375 0.10625 0.04375 0.08515625
0 0.828125 0.11796875 0.046875 0.16015625
0 0.95390625 0.284375 0.0515625 0.18984375
0 0.89375 0.259375 0.053125 0.20234375
1 0.15234375 0.31640625 0.3046875 0.44140625
0 0.8546875 0.2125 0.040625 0.1640625
12 0.15078125 0.32109375 0.3015625 0.42890625
0 0.54140625 0.32265625 0.9109375 0.6453125
