1 0.05078125 0.75 0.1015625 0.12109375
1 0.11796875 0.72890625 0.0890625 0.07890625
1 0.5484375 0.71328125 0.1 0.05234375
1 0.6640625 0.70546875 0.134375 0.06015625
1 0.46015625 0.71328125 0.0765625 0.04765625
0 0.88203125 0.67109375 0.0421875 0.1
0 0.8359375 0.68828125 0.025 0.06875
1 0.32578125 0.721875 0.1359375 0.05625
0 0.6921875 0.66640625 0.015625 0.02109375
6 0.95703125 0.678125 0.0140625 0.07265625
7 0.14765625 0.70234375 0.1609375 0.10390625
1 0.10859375 0.75390625 0.0390625 0.075
1 0.38984375 0.71640625 0.0265625 0.04140625
1 0.046875 0.903125 0.09375 0.18984375
1 0.009375 0.6875 0.01875 0.01640625
0 0.57734375 0.67734375 0.0171875 0.02109375
0 0.58203125 0.67578125 0.0109375 0.01875
10 0.42109375 0.73359375 0.0640625 0.49140625
10 0.28828125 0.53046875 0.0796875 0.93515625
