10 0.6859375 0.34453125 0.0828125 0.684375
1 0.1 0.57890625 0.19296875 0.1703125
1 0.5609375 0.4953125 0.14765625 0.053125
0 0.521875 0.534375 0.07109375 0.15625
0 0.5984375 0.53515625 0.0609375 0.1515625
9 0.378125 0.50078125 0.01796875 0.025
15 0.4015625 0.50546875 0.0109375 0.02265625
10 0.45234375 0.4828125 0.00625 0.04296875
0 0.909375 0.51640625 0.078125 0.1015625
9 0.9125 0.54296875 0.06796875 0.10703125
15 0.79375 0.509375 0.009375 0.0171875
15 0.74765625 0.51015625 0.00859375 0.01796875
15 0.7359375 0.51015625 0.01015625 0.01796875
