6 0.9578125 0.93359375 0.071875 0.084375
6 0.68984375 0.89609375 0.02421875 0.0453125
0 0.675 0.88125 0.021875 0.08125
0 0.33125 0.87265625 0.01796875 0.05703125
0 0.26796875 0.89921875 0.0203125 0.08125
0 0.22421875 0.853125 0.0078125 0.0359375
0 0.66015625 0.8796875 0.01171875 0.078125
0 0.25078125 0.8859375 0.01796875 0.078125
0 0.2859375 0.89453125 0.0203125 0.09609375
0 0.90625 0.89609375 0.0359375 0.1171875
0 0.940625 0.8765625 0.021875 0.06640625
1 0.92734375 0.8890625 0.0140625 0.05390625
6 0.62421875 0.8921875 0.04375 0.05390625
6 0.23671875 0.91171875 0.021875 0.0453125
1 0.846875 0.8828125 0.134375 0.1203125
1 0.97109375 0.884375 0.05 0.05703125
0 0.3046875 0.8828125 0.0140625 0.0484375
0 0.19921875 0.890625 0.0140625 0.09296875
12 0.84609375 0.88125 0.128125 0.1109375
6 0.7671875 0.8921875 0.0296875 0.0484375
0 0.92578125 0.8546875 0.01171875 0.02109375
10 0.728125 0.62578125 0.03984375 0.60390625
10 0.909375 0.653125 0.0296875 0.35703125
