7 0.2453125 0.4625 0.490625 0.4140625
7 0.58828125 0.48125 0.1921875 0.16328125
0 0.5453125 0.63046875 0.140625 0.328125
0 0.10859375 0.68828125 0.2171875 0.59453125
0 0.8609375 0.65390625 0.2125 0.66328125
0 0.96875 0.61171875 0.059375 0.26171875
0 0.3734375 0.74921875 0.165625 0.46875
0 0.671875 0.53671875 0.028125 0.1234375
0 0.74140625 0.5453125 0.0359375 0.1609375
0 0.4125 0.5484375 0.0625 0.12109375
0 0.7015625 0.51171875 0.0125 0.0609375
0 0.77265625 0.51875 0.0265625 0.10078125
0 0.79140625 0.49609375 0.0359375 0.05
6 0.9671875 0.8203125 0.059375 0.35546875
1 0.4984375 0.48203125 0.0125 0.0484375
10 0.69375 0.33046875 0.034375 0.5359375
