0 0.56796875 0.44921875 0.01953125 0.09375
0 0.46015625 0.44453125 0.01796875 0.10234375
0 0.52890625 0.42265625 0.01953125 0.04453125
0 0.7203125 0.41953125 0.021875 0.05703125
0 0.34453125 0.4390625 0.034375 0.11484375
14 0.3890625 0.45625 0.05546875 0.0890625
10 0.271875 0.253125 0.02734375 0.50625
6 0.05625 0.4796875 0.0515625 0.11953125
9 0.5265625 0.4484375 0.03828125 0.059375
16 0.49453125 0.47890625 0.0140625 0.02734375
16 0.60859375 0.43203125 0.0109375 0.021875
16 0.45703125 0.4875 0.015625 0.02734375
16 0.51796875 0.4765625 0.0140625 0.028125
16 0.540625 0.471875 0.01328125 0.025
16 0.49609375 0.44765625 0.00859375 0.01875
14 0.77734375 0.4265625 0.0140625 0.0375
9 0.871875 0.42890625 0.0140625 0.03046875
10 0.29375 0.38984375 0.015625 0.23046875
0 0.58125 0.4046875 0.01328125 0.0359375
0 0.46875 0.39296875 0.00546875 0.02734375
16 0.5046875 0.453125 0.00859375 0.01953125
11 0.9625 0.4703125 0.07421875 0.19140625
10 0.87265625 0.35703125 0.0046875 0.096875
10 0.78125 0.36640625 0.0046875 0.084375
