0 0.32890625 0.59453125 0.0234375 0.09375
1 0.7375 0.5921875 0.171875 0.1359375
1 0.86640625 0.596875 0.2078125 0.16875
1 0.9578125 0.6078125 0.08125 0.15234375
1 0.57109375 0.59140625 0.1546875 0.09140625
1 0.64375 0.59375 0.13125 0.10546875
1 0.20859375 0.57578125 0.1015625 0.0515625
1 0.271875 0.5546875 0.059375 0.0234375
1 0.0125 0.5703125 0.025 0.04453125
1 0.115625 0.56796875 0.046875 0.03984375
1 0.509375 0.57265625 0.171875 0.11484375
1 0.15859375 0.5640625 0.0921875 0.05625
1 0.06796875 0.56796875 0.0203125 0.03046875
1 0.09609375 0.56640625 0.0484375 0.0375
10 0.3140625 0.37734375 0.01875 0.53359375
10 0.94609375 0.3609375 0.0265625 0.290625
10 0.2109375 0.5140625 0.015625 0.11953125
