15 0.6328125 0.5515625 0.11484375 0.34140625
15 0.3625 0.45625 0.08359375 0.25625
15 0.2140625 0.359375 0.0609375 0.20390625
9 0.74765625 0.11953125 0.09296875 0.12578125
0 0.07109375 0.10625 0.03984375 0.1
0 0.8640625 0.084375 0.03203125 0.159375
0 0.7796875 0.05859375 0.03125 0.1171875
0 0.75234375 0.05234375 0.02578125 0.08984375
0 0.9421875 0.10078125 0.07578125 0.1984375
9 0.61328125 0.12578125 0.0625 0.1046875
0 0.0171875 0.11171875 0.0265625 0.0953125
9 0.9484375 0.10703125 0.10234375 0.17578125
9 0.884375 0.09609375 0.08203125 0.11875
