0 0.80546875 0.4359375 0.0109375 0.0203125
0 0.77421875 0.434375 0.00703125 0.01484375
10 0.72734375 0.425 0.0203125 0.125
10 0.6625 0.4640625 0.0109375 0.13125
0 0.5859375 0.471875 0.034375 0.0953125
0 0.60703125 0.44765625 0.01328125 0.04296875
0 0.559375 0.4453125 0.01328125 0.034375
0 0.52734375 0.46328125 0.0265625 0.06875
16 0.6625 0.50546875 0.02578125 0.03515625
16 0.60703125 0.50703125 0.040625 0.04296875
16 0.55 0.50546875 0.0375 0.03671875
16 0.4890625 0.50390625 0.0328125 0.0328125
16 0.42734375 0.5015625 0.03359375 0.03515625
16 0.35546875 0.5015625 0.03125 0.03359375
0 0.34609375 0.46484375 0.028125 0.046875
9 0.34765625 0.475 0.05703125 0.04375
0 0.01171875 0.45859375 0.0203125 0.02734375
0 0.10390625 0.45234375 0.0234375 0.0265625
13 0.3265625 0.46171875 0.00703125 0.10703125
