1 0.97265625 0.303125 0.0515625 0.03984375
1 0.91875 0.29375 0.03125 0.01640625
1 0.884375 0.29375 0.015625 0.02109375
1 0.9 0.296875 0.0125 0.0140625
9 0.50078125 0.5765625 0.9765625 0.78984375
9 0.39140625 0.38203125 0.3859375 0.2078125
9 0.44453125 0.3078125 0.1921875 0.1109375
9 0.478125 0.25 0.20625 0.11796875
0 0.27109375 0.25234375 0.0234375 0.08046875
0 0.3546875 0.27265625 0.01875 0.115625
0 0.546875 0.240625 0.05 0.10390625
0 0.4 0.2203125 0.025 0.03515625
0 0.38515625 0.22734375 0.0140625 0.01171875
1 0.8703125 0.29375 0.021875 0.01640625
9 0.47578125 0.24375 0.2078125 0.1109375
0 0.7 0.26875 0.0125 0.028125
12 0.06953125 0.23125 0.1390625 0.12265625
