10 0.559375 0.27421875 0.04765625 0.5484375
10 0.815625 0.23359375 0.02109375 0.24140625
14 0.3671875 0.58046875 0.17265625 0.390625
9 0.18046875 0.7828125 0.35546875 0.43046875
9 0.67578125 0.41953125 0.20078125 0.28515625
9 0.946875 0.48671875 0.09609375 0.41484375
9 0.7296875 0.36796875 0.1390625 0.20390625
9 0.50078125 0.2921875 0.05859375 0.075
9 0.12578125 0.35390625 0.10234375 0.17109375
9 0.325 0.340625 0.0734375 0.11171875
1 0.9125 0.315625 0.16953125 0.1546875
0 0.31953125 0.31953125 0.04765625 0.15078125
10 0.609375 0.23125 0.01328125 0.115625
1 0.803125 0.26640625 0.07578125 0.0546875
10 0.446875 0.22578125 0.01171875 0.2359375
