14 0.55390625 0.496875 0.140625 0.45078125
10 0.41328125 0.16484375 0.03515625 0.30546875
0 0.49609375 0.15625 0.02109375 0.0453125
6 0.9296875 0.1234375 0.05390625 0.06640625
1 0.78828125 0.1078125 0.05 0.0546875
9 0.44375 0.171875 0.01484375 0.04609375
1 0.85546875 0.10625 0.05390625 0.05078125
1 0.83125 0.10703125 0.05625 0.05390625
1 0.8953125 0.09921875 0.096875 0.06640625
9 0.49609375 0.19140625 0.02265625 0.06328125
0 0.44296875 0.153125 0.01328125 0.0265625
1 0.47109375 0.140625 0.01875 0.03046875
1 0.51015625 0.13359375 0.01484375 0.0234375
