6 0.40234375 0.6796875 0.1734375 0.24609375
1 0.16015625 0.53515625 0.3203125 0.1921875
1 0.528125 0.51171875 0.140625 0.1359375
1 0.7203125 0.51796875 0.125 0.09140625
1 0.946875 0.50390625 0.015625 0.02109375
1 0.9671875 0.50625 0.01875 0.02578125
1 0.98125 0.5046875 0.009375 0.0234375
1 0.6140625 0.490625 0.05625 0.05625
1 0.9125 0.509375 0.03125 0.028125
0 0.96171875 0.81328125 0.0734375 0.05859375
0 0.1796875 0.48125 0.028125 0.046875
0 0.39765625 0.5578125 0.1140625 0.359375
1 0.9578125 0.50703125 0.0125 0.0234375
1 0.93359375 0.50859375 0.0203125 0.02578125
10 0.68828125 0.2484375 0.0234375 0.48828125
