6 0.51640625 0.8375 0.1015625 0.20078125
6 0.04921875 0.7328125 0.0328125 0.05390625
1 0.4984375 0.696875 0.09453125 0.0796875
0 0.16328125 0.728125 0.0421875 0.115625
0 0.328125 0.69609375 0.0359375 0.09765625
0 0.06875 0.70234375 0.0390625 0.1140625
0 0.3703125 0.6734375 0.01796875 0.05234375
0 0.28671875 0.6640625 0.028125 0.0765625
0 0.303125 0.675 0.01484375 0.05234375
0 0.40703125 0.66015625 0.01328125 0.0359375
0 0.75234375 0.8171875 0.20390625 0.3625
12 0.51796875 0.67109375 0.09140625 0.1
0 0.628125 0.75 0.08359375 0.19921875
0 0.4578125 0.67734375 0.01640625 0.04375
0 0.4234375 0.6609375 0.01328125 0.0375
0 0.58671875 0.68359375 0.02578125 0.06015625
0 0.38984375 0.66015625 0.01484375 0.0421875
