16 0.2125 0.40078125 0.04765625 0.08203125
16 0.3390625 0.4015625 0.0453125 0.0859375
16 0.44140625 0.403125 0.04453125 0.084375
16 0.571875 0.4109375 0.05546875 0.09453125
0 0.62265625 0.46640625 0.12109375 0.50078125
0 0.71484375 0.51328125 0.10390625 0.31328125
0 0.81953125 0.421875 0.11796875 0.49296875
9 0.30078125 0.3140625 0.03125 0.08515625
10 0.1609375 0.29375 0.01171875 0.28984375
14 0.234375 0.321875 0.02109375 0.0640625
0 0.3 0.2734375 0.02890625 0.03828125
9 0.43828125 0.3 0.0171875 0.05546875
0 0.43671875 0.265625 0.01640625 0.025
0 0.2078125 0.27734375 0.01328125 0.06796875
