1 0.659375 0.2515625 0.1125 0.1328125
1 0.528125 0.2296875 0.0625 0.1265625
1 0.4515625 0.21640625 0.128125 0.1234375
0 0.58125 0.28203125 0.05625 0.3609375
0 0.31484375 0.475 0.1203125 0.69140625
0 0.8171875 0.3625 0.071875 0.32421875
0 0.37578125 0.20703125 0.0703125 0.253125
0 0.0234375 0.20546875 0.01875 0.1453125
0 0.74296875 0.17890625 0.0078125 0.03671875
0 0.11796875 0.42109375 0.1890625 0.509375
17 0.921875 0.29609375 0.03125 0.0984375
1 0.64453125 0.16328125 0.0796875 0.07421875
1 0.8640625 0.20078125 0.025 0.06171875
0 0.7484375 0.17890625 0.003125 0.01875
1 0.91875 0.20078125 0.021875 0.04921875
