0 0.534375 0.7328125 0.040625 0.1640625
0 0.340625 0.73984375 0.03125 0.1265625
0 0.48515625 0.734375 0.0390625 0.15703125
0 0.36953125 0.73515625 0.0328125 0.13125
0 0.37421875 0.6734375 0.0171875 0.05390625
0 0.41015625 0.69921875 0.0171875 0.08671875
0 0.446875 0.67109375 0.0125 0.04921875
0 0.46953125 0.6828125 0.0078125 0.05390625
0 0.4234375 0.69765625 0.01875 0.09375
0 0.434375 0.6875 0.015625 0.08203125
10 0.16171875 0.59140625 0.0390625 0.8125
13 0.475 0.89140625 0.025 0.18984375
13 0.434375 0.8640625 0.01875 0.1734375
13 0.40078125 0.840625 0.0234375 0.1546875
13 0.50234375 0.884375 0.0203125 0.14765625
10 0.8734375 0.7296875 0.01875 0.31640625
13 0.6640625 0.76484375 0.0125 0.09609375
13 0.63359375 0.75625 0.0140625 0.084375
13 0.61171875 0.746875 0.0109375 0.0796875
