10 0.86015625 0.146875 0.0203125 0.25078125
15 0.77578125 0.36796875 0.04375 0.1203125
15 0.78671875 0.25859375 0.0171875 0.059375
10 0.834375 0.1265625 0.01875 0.17421875
9 0.77734375 0.2359375 0.08125 0.0953125
9 0.640625 0.23046875 0.07109375 0.0859375
1 0.39921875 0.234375 0.08046875 0.0765625
1 0.45703125 0.23046875 0.04765625 0.0703125
1 0.496875 0.228125 0.03828125 0.06640625
1 0.5921875 0.21640625 0.025 0.0546875
1 0.52578125 0.22578125 0.03671875 0.05625
15 0.496875 0.49609375 0.0703125 0.25078125
15 0.43828125 0.553125 0.08671875 0.28125
1 0.2359375 0.31953125 0.27265625 0.34453125
10 0.17890625 0.153125 0.02265625 0.22109375
