1 0.3609375 0.51875 0.1 0.1640625
9 0.10390625 0.5546875 0.1984375 0.2953125
9 0.27890625 0.56484375 0.1984375 0.2875
9 0.8078125 0.53203125 0.271875 0.40546875
9 0.634375 0.54375 0.175 0.32109375
0 0.77890625 0.446875 0.1046875 0.359375
0 0.64921875 0.446875 0.1078125 0.28359375
0 0.24296875 0.50859375 0.0734375 0.2875
0 0.1015625 0.51015625 0.121875 0.29375
1 0.159375 0.4171875 0.09375 0.07578125
12 0.03046875 0.46015625 0.0609375 0.1578125
10 0.40546875 0.378125 0.0421875 0.44921875
10 0.3234375 0.2171875 0.0375 0.434375
10 0.22734375 0.209375 0.0359375 0.41875
10 0.8671875 0.16796875 0.040625 0.33125
