1 0.6359375 0.5609375 0.140625 0.09375
1 0.54375 0.5453125 0.046875 0.04453125
7 0.86875 0.52890625 0.259375 0.1375
0 0.41796875 0.6078125 0.0328125 0.13984375
0 0.53671875 0.70546875 0.0765625 0.18203125
0 0.5640625 0.621875 0.0375 0.16328125
0 0.35 0.59375 0.021875 0.1171875
0 0.66640625 0.63203125 0.0421875 0.1796875
0 0.171875 0.64140625 0.084375 0.240625
0 0.31484375 0.5984375 0.0328125 0.1171875
0 0.48046875 0.63515625 0.0453125 0.18203125
0 0.61484375 0.546875 0.0203125 0.05625
7 0.446875 0.51484375 0.171875 0.09609375
0 0.76328125 0.73984375 0.1078125 0.3578125
0 0.62578125 0.6390625 0.0453125 0.2265625
0 0.265625 0.57734375 0.028125 0.13046875
1 0.90234375 0.57734375 0.1765625 0.084375
1 0.709375 0.54453125 0.065625 0.0609375
0 0.24375 0.57578125 0.028125 0.1328125
1 0.246875 0.5265625 0.05625 0.03984375
12 0.7078125 0.546875 0.065625 0.065625
0 0.08984375 0.56328125 0.1234375 0.1078125
