1 0.95234375 0.55390625 0.0890625 0.07109375
1 0.92265625 0.521875 0.1484375 0.06015625
1 0.69375 0.51484375 0.046875 0.04140625
1 0.7296875 0.50859375 0.021875 0.02109375
1 0.01875 0.57734375 0.0375 0.125
7 0.33984375 0.40234375 0.6515625 0.80390625
0 0.65859375 0.61640625 0.0578125 0.22109375
0 0.6953125 0.58046875 0.046875 0.13515625
0 0.884375 0.55390625 0.03125 0.1125
0 0.2265625 0.453125 0.025 0.04765625
1 0.73046875 0.4875 0.0171875 0.01640625
0 0.29296875 0.465625 0.0234375 0.04375
1 0.67421875 0.50859375 0.0203125 0.03359375
17 0.9203125 0.575 0.015625 0.05390625
10 0.025 0.353125 0.034375 0.31484375
