6 0.23203125 0.85703125 0.0796875 0.10234375
1 0.65078125 0.73046875 0.1953125 0.15234375
1 0.52734375 0.69609375 0.1171875 0.09609375
1 0.3703125 0.67734375 0.065625 0.06640625
1 0.4359375 0.68359375 0.084375 0.07109375
7 0.71328125 0.60234375 0.1765625 0.05859375
6 0.1140625 0.81015625 0.0375 0.08359375
6 0.29296875 0.81640625 0.0609375 0.17890625
0 0.17265625 0.83125 0.1015625 0.32890625
0 0.01796875 0.78828125 0.0359375 0.22734375
0 0.0296875 0.70703125 0.028125 0.10625
0 0.090625 0.68828125 0.028125 0.09375
1 0.3 0.63046875 0.075 0.02734375
1 0.6328125 0.65703125 0.103125 0.03984375
1 0.47890625 0.66484375 0.0296875 0.03359375
1 0.2453125 0.58203125 0.015625 0.01484375
0 0.13671875 0.65 0.0109375 0.04140625
0 0.2125 0.659375 0.0125 0.04765625
0 0.2984375 0.66484375 0.0125 0.05859375
0 0.26171875 0.66953125 0.0171875 0.05234375
0 0.27890625 0.66015625 0.0140625 0.04609375
0 0.2875 0.66796875 0.009375 0.05234375
0 0.3390625 0.65703125 0.01875 0.05625
6 0.0859375 0.80625 0.0375 0.075
6 0.078125 0.76171875 0.028125 0.05234375
1 0.36328125 0.60859375 0.0171875 0.02109375
0 0.0203125 0.675 0.025 0.07890625
1 0.35703125 0.60625 0.0171875 0.025
12 0.87265625 0.684375 0.2421875 0.17734375
6 0.240625 0.77109375 0.04375 0.07109375
0 0.05859375 0.696875 0.0265625 0.08984375
0 0.4015625 0.65546875 0.746875 0.18125
10 0.18359375 0.41640625 0.0484375 0.51640625
