0 0.48828125 0.275 0.04375 0.21875
0 0.865625 0.30390625 0.06015625 0.2296875
0 0.82109375 0.29609375 0.0421875 0.19765625
0 0.7671875 0.30390625 0.0703125 0.17578125
0 0.63828125 0.2703125 0.03984375 0.19453125
0 0.60625 0.25625 0.0359375 0.14921875
0 0.55078125 0.2640625 0.0421875 0.165625
0 0.4296875 0.28515625 0.028125 0.17578125
0 0.84921875 0.20703125 0.021875 0.034375
0 0.33125 0.26015625 0.02578125 0.14140625
0 0.52578125 0.25625 0.028125 0.1546875
0 0.57734375 0.25234375 0.0296875 0.13046875
0 0.2203125 0.2734375 0.06796875 0.23203125
17 0.5796875 0.68125 0.13203125 0.2640625
0 0.49765625 0.31015625 0.9953125 0.3234375
