12 0.25859375 0.515625 0.0953125 0.10078125
0 0.1234375 0.68828125 0.03125 0.14453125
1 0.71875 0.7046875 0.18125 0.13828125
1 0.86953125 0.68203125 0.2015625 0.12734375
1 0.88515625 0.628125 0.1921875 0.08984375
1 0.55625 0.59296875 0.0875 0.07265625
1 0.48828125 0.58359375 0.0671875 0.06171875
1 0.4453125 0.5671875 0.059375 0.05078125
1 0.66015625 0.60078125 0.1140625 0.096875
1 0.23828125 0.57265625 0.0609375 0.065625
1 0.13359375 0.478125 0.0328125 0.03515625
1 0.409375 0.6 0.075 0.0765625
1 0.08359375 0.6328125 0.1046875 0.08984375
1 0.28984375 0.42890625 0.0171875 0.028125
1 0.10234375 0.55625 0.0484375 0.05078125
1 0.240625 0.484375 0.29375 0.21015625
10 0.3609375 0.4265625 0.05 0.8484375
