10 0.58828125 0.41875 0.09296875 0.81953125
9 0.76875 0.803125 0.46171875 0.38984375
9 0.5859375 0.79296875 0.26328125 0.403125
6 0.78828125 0.85234375 0.29140625 0.29375
1 0.4140625 0.6984375 0.3109375 0.49453125
0 0.16796875 0.73203125 0.096875 0.53359375
1 0.2546875 0.62109375 0.0828125 0.196875
0 0.03203125 0.5375 0.02265625 0.10859375
0 0.071875 0.540625 0.021875 0.10078125
0 0.05546875 0.5265625 0.01484375 0.06875
1 0.05625 0.49296875 0.04453125 0.0453125
12 0.2109375 0.50703125 0.0765625 0.10625
