1 0.28515625 0.33828125 0.0578125 0.02265625
1 0.29453125 0.32265625 0.0328125 0.02109375
1 0.15859375 0.36796875 0.3171875 0.05234375
1 0.1453125 0.34296875 0.034375 0.01875
1 0.15703125 0.33359375 0.0515625 0.02109375
1 0.18046875 0.32578125 0.0390625 0.01875
1 0.090625 0.36171875 0.05625 0.02734375
1 0.13359375 0.35 0.0390625 0.025
1 0.1515625 0.3375 0.0375 0.01640625
1 0.28203125 0.35 0.0703125 0.02890625
1 0.20234375 0.31875 0.0234375 0.0125
0 0.41328125 0.70234375 0.1921875 0.59140625
1 0.05703125 0.328125 0.0328125 0.03125
10 0.5875 0.72421875 0.053125 0.54765625
