1 0.4765625 0.2015625 0.084375 0.10234375
1 0.35234375 0.16328125 0.0359375 0.0375
1 0.08828125 0.19765625 0.1640625 0.12734375
1 0.47421875 0.1390625 0.0203125 0.02265625
1 0.47421875 0.12109375 0.0203125 0.01640625
1 0.365625 0.14609375 0.021875 0.01640625
1 0.37421875 0.13671875 0.0296875 0.02734375
1 0.29140625 0.1859375 0.0421875 0.04609375
1 0.38203125 0.171875 0.0359375 0.0375
1 0.23046875 0.1890625 0.0703125 0.06484375
1 0.39296875 0.11953125 0.0203125 0.02109375
1 0.40859375 0.0984375 0.0171875 0.02109375
1 0.271875 0.1890625 0.034375 0.0484375
1 0.43515625 0.11640625 0.0765625 0.0484375
9 0.51640625 0.6390625 0.8421875 0.475
17 0.64453125 0.240625 0.0453125 0.1046875
