6 0.18828125 0.8109375 0.37265625 0.315625
0 0.140625 0.68125 0.28125 0.6015625
0 0.221875 0.4984375 0.05234375 0.1109375
0 0.175 0.4953125 0.0296875 0.1046875
0 0.97734375 0.490625 0.01953125 0.0765625
0 0.8734375 0.47109375 0.01484375 0.04765625
0 0.93984375 0.48671875 0.01953125 0.075
12 0.67734375 0.4546875 0.27265625 0.175
12 0.4578125 0.45390625 0.13046875 0.08828125
12 0.35234375 0.453125 0.0796875 0.06015625
12 0.296875 0.45 0.03125 0.04375
12 0.26015625 0.44765625 0.0328125 0.0390625
0 0.73671875 0.44765625 0.01953125 0.02265625
0 0.8390625 0.4765625 0.02109375 0.040625
0 0.02265625 0.46171875 0.01953125 0.05078125
0 0.0578125 0.46015625 0.02109375 0.040625
0 0.03984375 0.4484375 0.01796875 0.034375
12 0.23203125 0.45234375 0.01328125 0.01640625
12 0.1890625 0.4453125 0.05078125 0.0671875
12 0.21875 0.4390625 0.01328125 0.01171875
