1 0.66328125 0.871875 0.23828125 0.22734375
7 0.25078125 0.48984375 0.21015625 0.28359375
7 0.4 0.26640625 0.2078125 0.20703125
0 0.409375 0.79765625 0.02578125 0.11328125
0 0.4328125 0.90859375 0.0296875 0.13359375
0 0.60234375 0.70234375 0.03203125 0.11640625
0 0.428125 0.7 0.0359375 0.10625
0 0.60078125 0.5984375 0.02578125 0.1015625
0 0.13203125 0.9171875 0.0359375 0.12578125
0 0.7453125 0.50859375 0.02578125 0.0890625
0 0.678125 0.475 0.01171875 0.03671875
0 0.68984375 0.46171875 0.015625 0.034375
0 0.728125 0.43125 0.02421875 0.08671875
0 0.76015625 0.41484375 0.028125 0.07890625
0 0.36796875 0.8953125 0.028125 0.1109375
1 0.5359375 0.2703125 0.1 0.09140625
12 0.42109375 0.459375 0.19765625 0.19765625
12 0.21015625 0.24453125 0.128125 0.17265625
0 0.31796875 0.68984375 0.028125 0.12109375
1 0.76484375 0.9125 0.25 0.1703125
1 0.9109375 0.63125 0.17421875 0.18984375
1 0.32578125 0.36328125 0.10390625 0.128125
1 0.12421875 0.33828125 0.08828125 0.128125
1 0.090625 0.240625 0.10234375 0.10625
1 0.109375 0.175 0.078125 0.10390625
1 0.1421875 0.028125 0.065625 0.05625
1 0.2578125 0.0984375 0.0921875 0.06875
0 0.49765625 0.49765625 0.9953125 0.9953125
