1 0.81796875 0.740625 0.1421875 0.17890625
1 0.07578125 0.7796875 0.1515625 0.109375
12 0.3921875 0.4359375 0.396875 0.871875
12 0.821875 0.740625 0.13125 0.17421875
0 0.34140625 0.7234375 0.1140625 0.3421875
0 0.7328125 0.71640625 0.06875 0.2265625
15 0.4546875 0.83203125 0.059375 0.1515625
15 0.59609375 0.81640625 0.0671875 0.140625
15 0.6546875 0.80234375 0.053125 0.13046875
15 0.69296875 0.7921875 0.0484375 0.11796875
15 0.74453125 0.7859375 0.0484375 0.10078125
10 0.65390625 0.40234375 0.0328125 0.67421875
10 0.70703125 0.53125 0.0328125 0.4203125
