0 0.2875 0.3671875 0.16640625 0.4125
0 0.10859375 0.38359375 0.21640625 0.4421875
0 0.0375 0.375 0.07109375 0.390625
0 0.36328125 0.36953125 0.10625 0.3859375
0 0.60078125 0.55546875 0.57734375 0.8671875
0 0.059375 0.24296875 0.11875 0.2046875
0 0.36953125 0.1703125 0.05234375 0.028125
12 0.59296875 0.3609375 0.80625 0.4
0 0.23359375 0.2046875 0.07109375 0.078125
0 0.18203125 0.2140625 0.06484375 0.096875
0 0.01640625 0.128125 0.0328125 0.05
0 0.79609375 0.15703125 0.04609375 0.0234375
15 0.17109375 0.85859375 0.17890625 0.2796875
