1 0.73359375 0.5765625 0.1890625 0.18359375
1 0.5234375 0.4859375 0.096875 0.10625
1 0.278125 0.46328125 0.071875 0.0890625
17 0.8625 0.8484375 0.1 0.1671875
0 0.53046875 0.8046875 0.1921875 0.3484375
0 0.34609375 0.63984375 0.1578125 0.18828125
0 0.0546875 0.5296875 0.046875 0.16953125
1 0.965625 0.53984375 0.065625 0.1671875
1 0.24296875 0.409375 0.0234375 0.0375
12 0.4265625 0.44921875 0.09375 0.10859375
0 0.72421875 0.4296875 0.0234375 0.09140625
0 0.69921875 0.41171875 0.0296875 0.075
12 0.30625 0.42265625 0.115625 0.07265625
10 0.83984375 0.39296875 0.0296875 0.7859375
10 0.3359375 0.48828125 0.01875 0.1578125
10 0.61015625 0.515625 0.0234375 0.3625
