1 0.95078125 0.5515625 0.08984375 0.134375
12 0.82890625 0.503125 0.23828125 0.1875
12 0.44453125 0.471875 0.10625 0.03125
0 0.1828125 0.57890625 0.134375 0.2078125
0 0.62734375 0.534375 0.07109375 0.1
0 0.52265625 0.52109375 0.05390625 0.1015625
0 0.44609375 0.5390625 0.07578125 0.11875
0 0.25 0.54765625 0.08515625 0.1609375
0 0.33125 0.5125 0.04453125 0.06875
1 0.91640625 0.74609375 0.1625 0.3359375
1 0.05078125 0.52109375 0.1015625 0.0609375
0 0.365625 0.52890625 0.0421875 0.0953125
12 0.64375 0.50234375 0.16484375 0.1171875
