6 0.63828125 0.55390625 0.1515625 0.35703125
0 0.3953125 0.52421875 0.165625 0.75078125
0 0.6375 0.47578125 0.140625 0.45234375
0 0.596875 0.3296875 0.025 0.0765625
0 0.4984375 0.3296875 0.009375 0.06796875
0 0.33125 0.31484375 0.034375 0.09296875
0 0.95859375 0.32734375 0.0265625 0.04921875
0 0.1265625 0.303125 0.0125 0.046875
0 0.06484375 0.30859375 0.0203125 0.04453125
0 0.08046875 0.30859375 0.0203125 0.06328125
0 0.10703125 0.30390625 0.0296875 0.04921875
0 0.24140625 0.29375 0.0046875 0.0234375
0 0.2203125 0.29609375 0.0125 0.0375
0 0.5078125 0.34375 0.978125 0.1421875
