1 0.3765625 0.2453125 0.05 0.046875
1 0.365625 0.1203125 0.040625 0.0375
1 0.340625 0.10703125 0.03125 0.03984375
1 0.309375 0.0875 0.040625 0.0375
1 0.23515625 0.03984375 0.0390625 0.0375
1 0.471875 0.2734375 0.040625 0.0515625
1 0.42734375 0.2875 0.0390625 0.046875
1 0.49765625 0.25 0.0390625 0.046875
1 0.21171875 0.028125 0.0328125 0.0328125
1 0.42265625 0.23671875 0.0484375 0.05390625
1 0.33515625 0.2109375 0.0421875 0.04453125
1 0.7046875 0.6140625 0.06875 0.0734375
6 0.4828125 0.80390625 0.03125 0.0375
1 0.740625 0.7359375 0.059375 0.07578125
1 0.50546875 0.734375 0.9828125 0.4078125
