6 0.2203125 0.9765625 0.05625 0.0421875
1 0.57421875 0.94921875 0.0546875 0.02109375
0 0.40546875 0.96484375 0.0453125 0.0609375
0 0.08984375 0.94921875 0.0140625 0.05390625
0 0.071875 0.9390625 0.009375 0.046875
0 0.09921875 0.953125 0.0140625 0.05625
1 0.64375 0.95078125 0.0625 0.028125
12 0.36796875 0.92265625 0.1609375 0.1453125
12 0.8796875 0.86875 0.228125 0.25859375
6 0.26953125 0.97890625 0.0359375 0.0375
0 0.04765625 0.94609375 0.0140625 0.065625
0 0.06328125 0.94453125 0.0109375 0.05390625
0 0.0203125 0.946875 0.021875 0.08203125
0 0.0375 0.93984375 0.0125 0.05390625
0 0.0578125 0.94140625 0.00625 0.046875
0 0.103125 0.92265625 0.00625 0.009375
0 0.68359375 0.94453125 0.0140625 0.03046875
0 0.70234375 0.94921875 0.0109375 0.03984375
0 0.728125 0.96484375 0.015625 0.065625
