13 0.15703125 0.471875 0.09609375 0.13828125
15 0.35859375 0.44296875 0.153125 0.1296875
13 0.41640625 0.4328125 0.05234375 0.09453125
13 0.53984375 0.4140625 0.04296875 0.07265625
13 0.6125 0.40390625 0.04375 0.05625
13 0.665625 0.39609375 0.0296875 0.0453125
13 0.69921875 0.3921875 0.02421875 0.0390625
13 0.72578125 0.3875 0.0203125 0.034375
13 0.74609375 0.38359375 0.02265625 0.0296875
13 0.76171875 0.38046875 0.0171875 0.02734375
1 0.590625 0.36875 0.2640625 0.05859375
12 0.23984375 0.31953125 0.46484375 0.2109375
12 0.721875 0.3453125 0.2265625 0.0390625
0 0.95625 0.36484375 0.0109375 0.015625
13 0.940625 0.3703125 0.009375 0.0109375
13 0.90078125 0.36875 0.00859375 0.00703125
1 0.89609375 0.36328125 0.034375 0.01640625
13 0.77734375 0.37890625 0.01640625 0.025
13 0.7875 0.37734375 0.0125 0.02265625
