1 0.71953125 0.58203125 0.1609375 0.11015625
1 0.434375 0.57265625 0.06875 0.04140625
12 0.6109375 0.46796875 0.240625 0.33125
12 0.24765625 0.571875 0.3203125 0.15625
0 0.68203125 0.29140625 0.0140625 0.02890625
0 0.7140625 0.29140625 0.021875 0.04140625
0 0.2359375 0.51953125 0.015625 0.02265625
0 0.70390625 0.553125 0.0140625 0.01484375
0 0.56484375 0.621875 0.0140625 0.01484375
1 0.41015625 0.54921875 0.0203125 0.01484375
1 0.82578125 0.58125 0.0578125 0.04140625
15 0.3796875 0.59921875 0.059375 0.14765625
15 0.128125 0.61484375 0.034375 0.0875
15 0.459375 0.60703125 0.025 0.06484375
10 0.63515625 0.23515625 0.0265625 0.37109375
