1 0.15 0.35078125 0.140625 0.178125
0 0.54375 0.64453125 0.190625 0.5734375
0 0.28125 0.64453125 0.178125 0.66953125
0 0.1234375 0.6828125 0.240625 0.6296875
0 0.18046875 0.3921875 0.0609375 0.253125
0 0.225 0.3078125 0.01875 0.09609375
0 0.06328125 0.30546875 0.0921875 0.1546875
0 0.0328125 0.42890625 0.065625 0.321875
12 0.61875 0.49140625 0.759375 0.9828125
0 0.15859375 0.26328125 0.0203125 0.02890625
0 0.01484375 0.271875 0.0171875 0.0375
0 0.640625 0.190625 0.034375 0.04609375
0 0.7421875 0.40078125 0.05625 0.1109375
