10 0.25078125 0.39296875 0.04375 0.76640625
14 0.059375 0.734375 0.11875 0.515625
0 0.1453125 0.30703125 0.04140625 0.1546875
1 0.53359375 0.24140625 0.0375 0.04609375
1 0.6171875 0.246875 0.04140625 0.06328125
16 0.71640625 0.35625 0.034375 0.065625
16 0.79453125 0.3640625 0.04375 0.08046875
16 0.92421875 0.38203125 0.0546875 0.096875
0 0.646875 0.26796875 0.02265625 0.10703125
14 0.2640625 0.54453125 0.1609375 0.38671875
14 0.146875 0.6390625 0.22734375 0.47109375
6 0.43203125 0.253125 0.03828125 0.053125
