0 0.065625 0.81875 0.13046875 0.3296875
0 0.96015625 0.725 0.02109375 0.0421875
0 0.93203125 0.725 0.02421875 0.05390625
0 0.90234375 0.7359375 0.01875 0.028125
0 0.853125 0.73515625 0.02109375 0.02578125
0 0.7375 0.7296875 0.02421875 0.03984375
0 0.98828125 0.71875 0.01328125 0.02578125
12 0.4890625 0.73203125 0.06171875 0.02421875
0 0.24296875 0.828125 0.2984375 0.3359375
0 0.8890625 0.7171875 0.01328125 0.02578125
0 0.784375 0.7171875 0.02109375 0.01796875
0 0.8109375 0.72734375 0.015625 0.0421875
0 0.76015625 0.72109375 0.384375 0.07421875
