1 0.2828125 0.2171875 0.1640625 0.078125
7 0.51015625 0.19375 0.196875 0.09375
0 0.5390625 0.221875 0.03046875 0.059375
0 0.05703125 0.2265625 0.01953125 0.053125
0 0.08828125 0.22421875 0.021875 0.0515625
0 0.10859375 0.23671875 0.0140625 0.0265625
0 0.628125 0.22421875 0.0328125 0.0640625
0 0.17890625 0.2203125 0.0140625 0.04375
0 0.7046875 0.221875 0.034375 0.06875
0 0.6734375 0.21953125 0.025 0.0671875
0 0.72890625 0.21796875 0.01796875 0.0671875
0 0.7171875 0.203125 0.0125 0.034375
0 0.76015625 0.21015625 0.0140625 0.0421875
0 0.77421875 0.21796875 0.025 0.0546875
0 0.7890625 0.20390625 0.0140625 0.0203125
0 0.465625 0.22421875 0.93125 0.0734375
17 0.40625 0.5984375 0.27421875 0.43125
