1 0.18046875 0.96484375 0.1890625 0.04296875
1 0.44375 0.9296875 0.134375 0.1265625
1 0.7265625 0.884375 0.04375 0.03203125
1 0.77734375 0.8890625 0.0421875 0.0546875
7 0.134375 0.90078125 0.26875 0.171875
7 0.73125 0.8515625 0.053125 0.04765625
0 0.809375 0.925 0.025 0.0546875
0 0.4546875 0.97421875 0.03125 0.04296875
0 0.5375 0.9546875 0.040625 0.0765625
0 0.8921875 0.96796875 0.040625 0.05859375
0 0.61953125 0.96796875 0.0265625 0.0546875
0 0.6359375 0.9546875 0.025 0.05
0 0.740625 0.8859375 0.015625 0.03359375
0 0.98203125 0.9546875 0.0328125 0.06328125
1 0.76484375 0.865625 0.0296875 0.03828125
1 0.834375 0.85078125 0.021875 0.02734375
12 0.62890625 0.90234375 0.0859375 0.0859375
0 0.71171875 0.975 0.0265625 0.0453125
0 0.93984375 0.97421875 0.0390625 0.04765625
0 0.86875 0.92421875 0.021875 0.0296875
1 0.80546875 0.871875 0.0296875 0.03359375
1 0.978125 0.89140625 0.040625 0.05859375
0 0.8390625 0.88671875 0.009375 0.05
0 0.7 0.92421875 0.01875 0.03359375
0 0.72421875 0.92421875 0.4546875 0.12421875
