1 0.56328125 0.446875 0.3296875 0.16875
1 0.8953125 0.4 0.115625 0.08359375
1 0.76796875 0.39140625 0.1390625 0.10859375
1 0.44140625 0.35546875 0.1015625 0.03125
1 0.5140625 0.35625 0.046875 0.04140625
9 0.36875 0.58125 0.534375 0.37890625
9 0.86796875 0.48046875 0.1078125 0.20625
1 0.28125 0.415625 0.221875 0.13515625
1 0.6578125 0.37265625 0.103125 0.075
9 0.6765625 0.55078125 0.234375 0.16015625
9 0.77421875 0.478125 0.0953125 0.10625
1 0.403125 0.43984375 0.178125 0.14140625
1 0.95625 0.38046875 0.08125 0.10234375
1 0.8859375 0.34921875 0.046875 0.01875
1 0.16640625 0.38203125 0.2078125 0.08125
1 0.57578125 0.353125 0.1015625 0.03984375
1 0.16953125 0.41484375 0.1859375 0.1
12 0.3421875 0.31796875 0.125 0.08125
10 0.31171875 0.15546875 0.0171875 0.23125
