1 0.91875 0.42890625 0.084375 0.05625
1 0.8859375 0.421875 0.0625 0.0609375
1 0.87890625 0.3875 0.0359375 0.04453125
1 0.80859375 0.38203125 0.0203125 0.0421875
0 0.66640625 0.50703125 0.0515625 0.06796875
0 0.83671875 0.559375 0.0109375 0.0375
0 0.80234375 0.56640625 0.0109375 0.028125
0 0.7875 0.5734375 0.009375 0.0234375
1 0.7296875 0.37734375 0.059375 0.0421875
1 0.73984375 0.32578125 0.0578125 0.0328125
0 0.79765625 0.54296875 0.0203125 0.0328125
0 0.82265625 0.565625 0.0109375 0.02578125
0 0.8546875 0.54921875 0.0125 0.03046875
0 0.771875 0.53828125 0.021875 0.028125
1 0.90390625 0.3234375 0.0203125 0.028125
0 0.76796875 0.5640625 0.0234375 0.0609375
