1 0.53828125 0.66484375 0.08828125 0.05859375
0 0.721875 0.81484375 0.084375 0.26796875
0 0.50078125 0.83125 0.078125 0.27890625
0 0.3859375 0.84296875 0.10390625 0.2171875
0 0.303125 0.828125 0.06171875 0.2734375
0 0.23671875 0.84453125 0.08984375 0.30546875
0 0.18671875 0.8328125 0.0578125 0.27109375
0 0.8921875 0.68515625 0.05625 0.06171875
0 0.7109375 0.67265625 0.0421875 0.06953125
0 0.9453125 0.7078125 0.05390625 0.12890625
0 0.45234375 0.6984375 0.03203125 0.16328125
0 0.48203125 0.66875 0.02421875 0.05078125
6 0.5046875 0.8859375 0.07421875 0.190625
6 0.6328125 0.76796875 0.0578125 0.1046875
6 0.715625 0.86484375 0.10390625 0.17421875
6 0.85625 0.80390625 0.1078125 0.14453125
1 0.92109375 0.67578125 0.10625 0.0640625
1 0.77578125 0.6765625 0.08828125 0.0671875
1 0.06015625 0.6484375 0.05234375 0.03203125
6 0.59296875 0.88046875 0.11015625 0.16875
6 0.80078125 0.77109375 0.0578125 0.07265625
6 0.17578125 0.6859375 0.0203125 0.05390625
6 0.7796875 0.82578125 0.015625 0.04296875
6 0.14609375 0.709375 0.0203125 0.03515625
0 0.03828125 0.85546875 0.0640625 0.284375
0 0.85625 0.75859375 0.071875 0.1984375
0 0.47265625 0.690625 0.81015625 0.4796875
10 0.36875 0.63828125 0.021875 0.134375
10 0.03203125 0.6203125 0.02421875 0.18515625
