0 0.93828125 0.4109375 0.0859375 0.43828125
0 0.8484375 0.4296875 0.103125 0.39140625
0 0.38828125 0.41796875 0.1171875 0.41484375
0 0.2671875 0.44765625 0.090625 0.3796875
0 0.6015625 0.31171875 0.075 0.1640625
0 0.9171875 0.61953125 0.1625 0.19453125
0 0.7484375 0.44140625 0.090625 0.37265625
0 0.515625 0.421875 0.078125 0.31875
0 0.6828125 0.3140625 0.071875 0.1359375
0 0.0265625 0.44140625 0.053125 0.37265625
0 0.65546875 0.60546875 0.2796875 0.540625
17 0.21484375 0.2515625 0.0421875 0.13828125
