12 0.78359375 0.953125 0.1109375 0.08515625
12 0.8859375 0.921875 0.109375 0.08984375
12 0.9203125 0.83046875 0.065625 0.0421875
1 0.309375 0.93359375 0.046875 0.0375
1 0.5765625 0.91640625 0.078125 0.05390625
1 0.67265625 0.8515625 0.0453125 0.028125
1 0.8296875 0.93984375 0.10625 0.078125
1 0.1734375 0.96953125 0.071875 0.05625
1 0.0625 0.93359375 0.03125 0.0328125
1 0.01875 0.94140625 0.0375 0.0609375
1 0.29453125 0.96328125 0.0765625 0.05859375
1 0.2375 0.975 0.06875 0.04453125
1 0.475 0.98359375 0.096875 0.028125
1 0.20625 0.9140625 0.0375 0.03515625
1 0.35859375 0.9046875 0.0453125 0.03046875
1 0.44375 0.93359375 0.065625 0.0375
1 0.4984375 0.89296875 0.996875 0.20546875
