1 0.71796875 0.915625 0.1828125 0.12578125
1 0.53828125 0.871875 0.0390625 0.0515625
1 0.503125 0.92734375 0.0625 0.12578125
0 0.1390625 0.8390625 0.015625 0.09375
0 0.45859375 0.93671875 0.0890625 0.121875
0 0.57578125 0.86015625 0.0140625 0.0515625
0 0.9109375 0.915625 0.04375 0.1125
0 0.27109375 0.89609375 0.0765625 0.203125
0 0.55625 0.93828125 0.0625 0.11953125
0 0.1859375 0.85390625 0.025 0.11015625
0 0.8046875 0.8875 0.015625 0.065625
0 0.81796875 0.90078125 0.0203125 0.10546875
0 0.85 0.90859375 0.025 0.1171875
0 0.78515625 0.8703125 0.0203125 0.07265625
0 0.625 0.94296875 0.084375 0.11015625
1 0.43203125 0.84453125 0.0234375 0.03515625
1 0.5046875 0.87734375 0.065625 0.06328125
0 0.096875 0.8921875 0.05625 0.20546875
0 0.48515625 0.8671875 0.9703125 0.25703125
