1 0.190625 0.36796875 0.11875 0.12734375
1 0.3859375 0.38203125 0.134375 0.14375
1 0.24765625 0.33515625 0.0640625 0.08359375
7 0.396875 0.25859375 0.2375 0.30390625
7 0.084375 0.28671875 0.115625 0.16484375
12 0.63515625 0.48515625 0.4859375 0.6125
0 0.9078125 0.33046875 0.0375 0.12734375
0 0.98671875 0.315625 0.0109375 0.07734375
0 0.53359375 0.36796875 0.0890625 0.08984375
0 0.3140625 0.30703125 0.009375 0.03125
0 0.1296875 0.33515625 0.015625 0.08359375
0 0.19375 0.29453125 0.0125 0.01484375
0 0.01640625 0.35078125 0.0140625 0.06875
0 0.44375 0.31796875 0.01875 0.03125
0 0.1953125 0.3375 0.025 0.025
0 0.02265625 0.46484375 0.0453125 0.12109375
0 0.20703125 0.29453125 0.0140625 0.01484375
10 0.10234375 0.44453125 0.0390625 0.48125
10 0.384375 0.303125 0.065625 0.59375
