1 0.58671875 0.21171875 0.0578125 0.06484375
0 0.7140625 0.490625 0.178125 0.33125
0 0.51953125 0.52109375 0.1453125 0.4
0 0.5125 0.3625 0.14375 0.325
0 0.46953125 0.25546875 0.0421875 0.08984375
0 0.38046875 0.228125 0.0359375 0.12734375
0 0.35234375 0.21796875 0.0234375 0.08125
0 0.3171875 0.24375 0.03125 0.0875
0 0.303125 0.19765625 0.021875 0.05859375
0 0.27421875 0.20390625 0.0296875 0.10390625
0 0.2140625 0.25390625 0.04375 0.15390625
17 0.8453125 0.39453125 0.053125 0.10625
0 0.490625 0.228125 0.01875 0.08515625
6 0.315625 0.27734375 0.0125 0.05390625
6 0.271875 0.23828125 0.009375 0.06015625
6 0.209375 0.29765625 0.03125 0.0875
6 0.37578125 0.26796875 0.0109375 0.08125
6 0.3515625 0.24765625 0.01875 0.04609375
6 0.5125 0.70234375 0.0625 0.2875
6 0.24609375 0.20703125 0.0046875 0.03125
6 0.3 0.24296875 0.009375 0.05625
6 0.4546875 0.27734375 0.021875 0.01640625
0 0.3234375 0.19296875 0.025 0.06875
0 0.5453125 0.228125 0.034375 0.11015625
0 0.26640625 0.171875 0.0671875 0.07265625
