12 0.0859375 0.54765625 0.06328125 0.0453125
17 0.48125 0.79375 0.2484375 0.278125
0 0.725 0.634375 0.25859375 0.415625
0 0.64921875 0.55546875 0.20390625 0.1296875
0 0.3625 0.55234375 0.06328125 0.1703125
0 0.52734375 0.55703125 0.07265625 0.1703125
0 0.4515625 0.55 0.01640625 0.04375
0 0.2921875 0.56953125 0.07734375 0.1140625
0 0.41640625 0.55390625 0.01171875 0.0296875
0 0.80625 0.4921875 0.09140625 0.065625
0 0.51171875 0.40546875 0.0234375 0.0421875
0 0.9375 0.35 0.02109375 0.03125
0 0.1265625 0.57734375 0.0328125 0.0421875
0 0.20078125 0.58515625 0.06328125 0.0390625
0 0.19140625 0.553125 0.05390625 0.0625
0 0.51171875 0.46328125 0.79375 0.2328125
