1 0.35625 0.75078125 0.11171875 0.05
1 0.44921875 0.75078125 0.078125 0.05
0 0.15625 0.8390625 0.1203125 0.26875
0 0.6640625 0.85859375 0.05234375 0.1890625
0 0.27109375 0.80703125 0.05390625 0.1328125
0 0.95703125 0.85078125 0.0296875 0.13828125
0 0.19296875 0.75625 0.0140625 0.06171875
0 0.05703125 0.84375 0.08984375 0.259375
0 0.81875 0.80546875 0.01015625 0.03515625
0 0.225 0.76875 0.021875 0.08515625
0 0.5609375 0.74453125 0.01015625 0.03828125
0 0.74296875 0.7953125 0.021875 0.04453125
0 0.2078125 0.79375 0.0203125 0.06484375
0 0.35703125 0.7125 0.0140625 0.0265625
0 0.928125 0.8484375 0.0359375 0.14453125
0 0.52578125 0.7578125 0.64765625 0.1828125
10 0.28125 0.396875 0.04609375 0.75234375
10 0.87734375 0.56015625 0.034375 0.72578125
10 0.5953125 0.59765625 0.01796875 0.35078125
