1 0.2 0.74453125 0.046875 0.0515625
1 0.14140625 0.74921875 0.0453125 0.0421875
1 0.0453125 0.765625 0.059375 0.046875
1 0.278125 0.72734375 0.028125 0.03515625
1 0.4875 0.69453125 0.015625 0.02109375
1 0.46953125 0.6828125 0.0140625 0.01171875
1 0.484375 0.67421875 0.009375 0.009375
1 0.2203125 0.72734375 0.025 0.03046875
1 0.27734375 0.70703125 0.0171875 0.01875
1 0.46015625 0.6765625 0.0109375 0.009375
1 0.5015625 0.67578125 0.0125 0.01640625
1 0.45234375 0.67578125 0.0078125 0.00703125
10 0.70078125 0.53359375 0.0265625 0.45
10 0.60625 0.59609375 0.01875 0.26484375
