12 0.48203125 0.55859375 0.8984375 0.840625
0 0.8265625 0.50234375 0.03125 0.1171875
0 0.8734375 0.5046875 0.028125 0.121875
0 0.85546875 0.4953125 0.0171875 0.09375
0 0.70703125 0.48203125 0.0140625 0.06796875
0 0.68203125 0.47734375 0.0140625 0.05390625
0 0.97421875 0.53984375 0.0265625 0.1078125
0 0.95 0.49296875 0.01875 0.0703125
0 0.571875 0.50390625 0.04375 0.10546875
0 0.725 0.484375 0.01875 0.06796875
0 0.69375 0.47734375 0.015625 0.06796875
0 0.84375 0.48359375 0.009375 0.046875
0 0.92421875 0.4859375 0.0078125 0.0328125
0 0.71796875 0.47890625 0.0109375 0.046875
1 0.55234375 0.49140625 0.0203125 0.03046875
1 0.628125 0.46953125 0.015625 0.0140625
