1 0.0640625 0.578125 0.128125 0.14375
12 0.5 0.46640625 0.615625 0.72109375
1 0.84375 0.50703125 0.078125 0.05625
1 0.88671875 0.48984375 0.0796875 0.04609375
1 0.9015625 0.58359375 0.19375 0.24609375
0 0.1484375 0.50859375 0.009375 0.0375
0 0.13515625 0.51015625 0.0140625 0.04609375
0 0.10234375 0.50703125 0.0109375 0.03984375
1 0.0625 0.50078125 0.028125 0.01875
0 0.0875 0.503125 0.009375 0.03125
0 0.12109375 0.51171875 0.0109375 0.04765625
0 0.16484375 0.50625 0.0140625 0.04609375
0 0.39765625 0.37265625 0.0390625 0.20390625
0 0.46171875 0.48046875 0.0734375 0.18984375
0 0.14140625 0.50859375 0.0078125 0.05
0 0.16015625 0.50078125 0.0078125 0.03984375
0 0.5375 0.471875 0.071875 0.20234375
0 0.34296875 0.38203125 0.0390625 0.19375
0 0.365625 0.36796875 0.028125 0.21875
