9 0.2828125 0.63046875 0.26640625 0.64296875
1 0.2703125 0.33125 0.11953125 0.165625
1 0.1046875 0.321875 0.15390625 0.16171875
1 0.8734375 0.3109375 0.25234375 0.22109375
0 0.728125 0.29921875 0.03203125 0.1546875
14 0.6578125 0.3859375 0.07265625 0.178125
0 0.6015625 0.2703125 0.02734375 0.09296875
9 0.12734375 0.590625 0.13828125 0.3765625
6 0.6140625 0.33125 0.05546875 0.11953125
9 0.4125 0.309375 0.04140625 0.1109375
9 0.465625 0.3234375 0.0375 0.08828125
9 0.50234375 0.3140625 0.053125 0.11484375
