1 0.29140625 0.69609375 0.2015625 0.18203125
1 0.578125 0.690625 0.1375 0.1421875
1 0.42734375 0.6484375 0.1140625 0.09609375
7 0.76796875 0.56328125 0.2921875 0.17734375
7 0.33203125 0.55703125 0.1890625 0.08671875
0 0.275 0.634375 0.03125 0.03046875
12 0.4953125 0.55703125 0.134375 0.15625
1 0.17109375 0.653125 0.1484375 0.12421875
1 0.0328125 0.65625 0.065625 0.1125
12 0.80234375 0.73046875 0.1859375 0.3203125
12 0.09765625 0.61328125 0.1296875 0.10078125
0 0.846875 0.66328125 0.015625 0.0328125
0 0.5578125 0.64375 0.028125 0.02578125
1 0.09921875 0.61328125 0.1359375 0.10546875
0 0.8453125 0.5046875 0.009375 0.0234375
