8 0.68046875 0.85 0.2046875 0.17890625
8 0.78828125 0.43359375 0.0921875 0.1125
8 0.3203125 0.44375 0.040625 0.07890625
8 0.8734375 0.43359375 0.06875 0.07890625
8 0.228125 0.29375 0.06875 0.08359375
8 0.15390625 0.54765625 0.0578125 0.09609375
8 0.2140625 0.24453125 0.08125 0.06875
0 0.7046875 0.71796875 0.14375 0.45625
0 0.50859375 0.36328125 0.0640625 0.26484375
0 0.73203125 0.28203125 0.0453125 0.13515625
0 0.63671875 0.3625 0.0921875 0.22890625
0 0.42265625 0.009375 0.0109375 0.01875
0 0.1109375 0.44921875 0.0625 0.28515625
0 0.3359375 0.29296875 0.05625 0.16484375
0 0.10859375 0.00859375 0.0203125 0.01640625
0 0.01796875 0.44296875 0.0359375 0.28984375
8 0.0609375 0.15859375 0.01875 0.02890625
8 0.621875 0.14453125 0.0375 0.03984375
8 0.17109375 0.3 0.0359375 0.0625
8 0.3015625 0.29296875 0.034375 0.08125
0 0.06328125 0.28671875 0.0484375 0.18515625
0 0.021875 0.25390625 0.034375 0.08359375
0 0.49375 0.15859375 0.034375 0.1625
8 0.51640625 0.31640625 0.0515625 0.05390625
0 0.05078125 0.45859375 0.0796875 0.29140625
8 0.26640625 0.3 0.0234375 0.02890625
