1 0.1296875 0.57890625 0.259375 0.29140625
1 0.27578125 0.55859375 0.1796875 0.24921875
1 0.37421875 0.521875 0.0578125 0.0703125
1 0.796875 0.44296875 0.04375 0.046875
1 0.73359375 0.45546875 0.0203125 0.05390625
0 0.5375 0.25390625 0.18125 0.16328125
0 0.28203125 0.53828125 0.0796875 0.36328125
0 0.7625 0.45234375 0.021875 0.0703125
0 0.9515625 0.48984375 0.09375 0.2515625
0 0.44921875 0.48359375 0.0453125 0.1515625
0 0.43671875 0.4875 0.0359375 0.13984375
0 0.78828125 0.45 0.0171875 0.07421875
1 0.84140625 0.44140625 0.0140625 0.03046875
1 0.82109375 0.434375 0.0140625 0.03515625
1 0.74140625 0.44765625 0.0359375 0.065625
6 0.7625 0.4640625 0.0125 0.0421875
6 0.78984375 0.46640625 0.0140625 0.0375
1 0.171875 0.42890625 0.040625 0.028125
1 0.01953125 0.61171875 0.0390625 0.22109375
10 0.8609375 0.4875 0.05625 0.97421875
10 0.93828125 0.38125 0.0828125 0.7625
