1 0.1546875 0.75 0.071875 0.08359375
1 0.37578125 0.76015625 0.0703125 0.0625
1 0.340625 0.74921875 0.0625 0.06015625
1 0.30859375 0.75078125 0.0234375 0.04375
1 0.6859375 0.77578125 0.0625 0.06484375
7 0.54296875 0.73828125 0.2453125 0.25625
0 0.89765625 0.84609375 0.0421875 0.15390625
12 0.81796875 0.79765625 0.2453125 0.19140625
1 0.07265625 0.71328125 0.0171875 0.01875
1 0.0828125 0.725 0.0125 0.02890625
1 0.240625 0.721875 0.028125 0.01484375
1 0.3171875 0.72734375 0.025 0.025
12 0.02578125 0.75703125 0.0515625 0.16484375
12 0.11328125 0.728125 0.0578125 0.07734375
