1 0.21953125 0.82265625 0.1078125 0.18359375
1 0.79765625 0.86953125 0.4015625 0.25625
1 0.01796875 0.83359375 0.0359375 0.1265625
1 0.265625 0.80859375 0.11875 0.17734375
1 0.4796875 0.81328125 0.021875 0.02421875
1 0.58203125 0.8203125 0.0234375 0.0265625
1 0.446875 0.81328125 0.015625 0.015625
1 0.4609375 0.81484375 0.009375 0.0109375
1 0.56484375 0.81484375 0.0265625 0.028125
1 0.10703125 0.8390625 0.2046875 0.22109375
10 0.828125 0.49375 0.040625 0.496875
10 0.046875 0.5328125 0.025 0.46640625
