6 0.85234375 0.884375 0.0203125 0.05078125
1 0.73984375 0.85234375 0.05625 0.05078125
1 0.70390625 0.84921875 0.02421875 0.03984375
0 0.5421875 0.88515625 0.06015625 0.1546875
0 0.1421875 0.9078125 0.04375 0.13046875
0 0.19765625 0.8734375 0.0359375 0.1203125
0 0.9046875 0.890625 0.0703125 0.16015625
6 0.81171875 0.88515625 0.02421875 0.04296875
1 0.6109375 0.85625 0.0421875 0.053125
0 0.2890625 0.91171875 0.05390625 0.14921875
0 0.12109375 0.90546875 0.04609375 0.1359375
0 0.0890625 0.90546875 0.0421875 0.1203125
0 0.575 0.8890625 0.03828125 0.15234375
0 0.81328125 0.846875 0.0296875 0.06171875
0 0.85234375 0.86171875 0.0203125 0.0796875
1 0.96015625 0.884375 0.071875 0.11484375
1 0.77109375 0.846875 0.02578125 0.034375
1 0.521875 0.8640625 0.028125 0.075
1 0.134375 0.875 0.0203125 0.053125
1 0.65703125 0.84375 0.04609375 0.05078125
12 0.659375 0.8453125 0.0421875 0.053125
12 0.9421875 0.79765625 0.11171875 0.12265625
12 0.0359375 0.9078125 0.071875 0.17890625
12 0.103125 0.85703125 0.08203125 0.05078125
12 0.95703125 0.88671875 0.078125 0.1203125
12 0.61015625 0.85625 0.04375 0.04765625
0 0.38125 0.890625 0.021875 0.128125
1 0.03125 0.90546875 0.06171875 0.17890625
6 0.878125 0.88125 0.015625 0.0453125
1 0.0921875 0.85234375 0.028125 0.03984375
0 0.3453125 0.8984375 0.06171875 0.165625
0 0.05703125 0.9109375 0.02578125 0.1625
0 0.640625 0.86796875 0.42578125 0.09296875
