1 0.12421875 0.78359375 0.2484375 0.33984375
1 0.28125 0.734375 0.046875 0.15703125
1 0.73984375 0.68359375 0.0390625 0.0984375
1 0.771875 0.65234375 0.053125 0.07734375
7 0.503125 0.4953125 0.44375 0.925
17 0.79375 0.9125 0.04375 0.16640625
0 0.396875 0.5453125 0.0875 0.121875
0 0.790625 0.73671875 0.0375 0.20859375
0 0.90078125 0.678125 0.0390625 0.19921875
0 0.93984375 0.76328125 0.0640625 0.3421875
0 0.496875 0.57109375 0.1 0.16875
0 0.971875 0.6203125 0.03125 0.065625
0 0.909375 0.6109375 0.025 0.05625
0 0.2546875 0.690625 0.0125 0.05625
0 0.98046875 0.59453125 0.0203125 0.0609375
0 0.1578125 0.72734375 0.059375 0.03984375
1 0.8 0.65 0.009375 0.03515625
0 0.378125 0.20390625 0.021875 0.0328125
0 0.365625 0.21171875 0.05625 0.08203125
0 0.953125 0.7609375 0.0875 0.403125
10 0.83828125 0.50078125 0.1171875 0.99296875
