1 0.59453125 0.875 0.0453125 0.071875
1 0.2078125 0.97109375 0.246875 0.053125
1 0.59765625 0.81796875 0.0359375 0.0359375
1 0.403125 0.85 0.04375 0.03359375
1 0.6390625 0.8109375 0.028125 0.03359375
1 0.3859375 0.971875 0.15 0.05
1 0.82890625 0.84296875 0.3234375 0.05859375
1 0.50859375 0.83046875 0.0203125 0.03359375
1 0.52421875 0.83046875 0.0265625 0.0390625
1 0.7734375 0.9234375 0.446875 0.13046875
1 0.62109375 0.8625 0.0171875 0.053125
1 0.4234375 0.84296875 0.028125 0.046875
12 0.77109375 0.8984375 0.4359375 0.16953125
1 0.4421875 0.83046875 0.01875 0.03359375
1 0.5734375 0.8265625 0.246875 0.05859375
