6 0.52578125 0.75234375 0.0421875 0.1875
1 0.13046875 0.684375 0.2609375 0.28984375
7 0.31328125 0.525 0.4390625 0.475
0 0.93671875 0.68828125 0.1109375 0.39375
0 0.521875 0.628125 0.0625 0.28515625
0 0.59375 0.65 0.06875 0.27109375
0 0.79609375 0.60390625 0.0390625 0.1375
1 0.73359375 0.57578125 0.0734375 0.08984375
1 0.75625 0.54921875 0.0625 0.10234375
0 0.9859375 0.63046875 0.025 0.19375
1 0.62890625 0.60078125 0.0328125 0.10625
1 0.6609375 0.59453125 0.075 0.09375
1 0.69140625 0.58046875 0.0703125 0.07734375
7 0.7578125 0.540625 0.065625 0.12265625
0 0.96640625 0.54609375 0.0203125 0.03359375
1 0.61328125 0.60859375 0.0390625 0.12890625
1 0.840625 0.54140625 0.025 0.04609375
1 0.8203125 0.534375 0.01875 0.04765625
6 0.5859375 0.74765625 0.0375 0.14140625
10 0.56328125 0.61796875 0.0390625 0.76015625
