1 0.19921875 0.925 0.1171875 0.13671875
1 0.59296875 0.92578125 0.3015625 0.14375
12 0.34609375 0.82109375 0.1453125 0.21171875
0 0.13671875 0.88125 0.0140625 0.06328125
0 0.37734375 0.92109375 0.0421875 0.153125
0 0.28046875 0.91796875 0.0390625 0.13671875
0 0.4046875 0.925 0.03125 0.14140625
0 0.1859375 0.84375 0.0125 0.03984375
0 0.5765625 0.846875 0.021875 0.01875
12 0.21484375 0.83671875 0.0546875 0.04453125
0 0.509375 0.86328125 0.0125 0.0234375
0 0.5375 0.846875 0.03125 0.0375
0 0.25703125 0.853125 0.0078125 0.00703125
0 0.5109375 0.90625 0.0375 0.05625
0 0.1296875 0.84140625 0.0125 0.04921875
1 0.15546875 0.82734375 0.0296875 0.03984375
1 0.175 0.8015625 0.0625 0.05859375
0 0.14921875 0.8765625 0.0109375 0.04453125
1 0.15078125 0.7515625 0.0140625 0.01640625
1 0.24921875 0.88203125 0.0296875 0.0515625
0 0.06640625 0.91796875 0.0828125 0.16015625
0 0.55546875 0.44921875 0.8828125 0.8328125
