7 0.18984375 0.45859375 0.125 0.0328125
0 0.55 0.47109375 0.33359375 0.6140625
0 0.159375 0.48984375 0.01484375 0.0359375
0 0.84609375 0.51484375 0.025 0.0515625
0 0.43046875 0.496875 0.01484375 0.025
0 0.71484375 0.50703125 0.01640625 0.0328125
0 0.89765625 0.51796875 0.02890625 0.0546875
0 0.91484375 0.52265625 0.025 0.0640625
0 0.96875 0.51953125 0.02109375 0.0421875
0 0.14296875 0.4875 0.01875 0.0375
0 0.24453125 0.496875 0.01015625 0.015625
0 0.8625 0.51953125 0.02109375 0.0515625
0 0.3375 0.49453125 0.0125 0.0234375
0 0.790625 0.51328125 0.01875 0.0328125
