1 0.4015625 0.740625 0.08125 0.146875
1 0.63125 0.734375 0.084375 0.10859375
1 0.35078125 0.78046875 0.1140625 0.1390625
1 0.5625 0.703125 0.0375 0.0609375
1 0.50859375 0.70546875 0.0265625 0.04453125
1 0.69296875 0.79453125 0.1140625 0.15
1 0.58046875 0.72109375 0.0328125 0.0640625
17 0.1796875 0.8625 0.0375 0.09140625
0 0.85859375 0.7765625 0.0328125 0.175
0 0.19765625 0.784375 0.0359375 0.18046875
1 0.54375 0.703125 0.009375 0.021875
0 0.32265625 0.678125 0.0109375 0.028125
0 0.271875 0.715625 0.015625 0.096875
0 0.12421875 0.759375 0.0265625 0.053125
0 0.84375 0.77109375 0.015625 0.15859375
0 0.2453125 0.753125 0.025 0.1
0 0.3125 0.70703125 0.015625 0.06953125
1 0.590625 0.73046875 0.028125 0.06640625
0 0.15234375 0.8125 0.0328125 0.21953125
0 0.83203125 0.74296875 0.0109375 0.103125
0 0.2078125 0.715625 0.015625 0.08046875
1 0.440625 0.7140625 0.021875 0.0890625
0 0.696875 0.7984375 0.028125 0.15859375
0 0.415625 0.69609375 0.178125 0.13046875
10 0.03828125 0.77890625 0.0296875 0.2859375
