0 0.20234375 0.609375 0.09296875 0.18125
0 0.09453125 0.62265625 0.14140625 0.2453125
0 0.53671875 0.62890625 0.22265625 0.2171875
0 0.796875 0.59296875 0.04765625 0.0890625
0 0.9328125 0.6109375 0.0671875 0.159375
0 0.97578125 0.615625 0.04296875 0.159375
0 0.38671875 0.5703125 0.03125 0.065625
0 0.70546875 0.57109375 0.071875 0.0984375
0 0.24765625 0.63515625 0.07421875 0.1265625
0 0.61640625 0.56015625 0.07421875 0.0765625
0 0.85390625 0.60703125 0.0765625 0.1390625
0 0.93203125 0.84375 0.1171875 0.284375
0 0.75 0.5890625 0.040625 0.0875
0 0.48828125 0.58046875 0.97578125 0.1359375
