1 0.6875 0.03125 0.153125 0.0625
1 0.84765625 0.03046875 0.0953125 0.06015625
0 0.87734375 0.084375 0.0640625 0.14765625
0 0.9171875 0.06875 0.040625 0.1375
17 0.11640625 0.38984375 0.1765625 0.39140625
1 0.6109375 0.01640625 0.05 0.0328125
1 0.96015625 0.034375 0.0640625 0.05234375
12 0.8015625 0.03203125 0.05 0.04765625
0 0.31953125 0.028125 0.0234375 0.05625
0 0.5015625 0.03046875 0.034375 0.06015625
0 0.42578125 0.02890625 0.0265625 0.0578125
1 0.96171875 0.12890625 0.0734375 0.125
0 0.3875 0.03046875 0.034375 0.05234375
1 0.5765625 0.015625 0.028125 0.02265625
