1 0.709375 0.78359375 0.146875 0.10078125
1 0.66640625 0.73359375 0.1453125 0.065625
1 0.64375 0.71875 0.153125 0.08203125
1 0.28828125 0.8 0.0703125 0.09140625
1 0.27421875 0.73359375 0.0578125 0.075
1 0.284375 0.746875 0.065625 0.06796875
1 0.66875 0.75703125 0.103125 0.084375
1 0.6203125 0.68125 0.125 0.05859375
1 0.45390625 0.47109375 0.4515625 0.50234375
12 0.478125 0.47890625 0.078125 0.0421875
12 0.57578125 0.6125 0.1078125 0.065625
12 0.4609375 0.4109375 0.071875 0.0328125
12 0.60625 0.63515625 0.159375 0.0796875
12 0.4359375 0.43125 0.096875 0.04921875
