1 0.68671875 0.35703125 0.0890625 0.09140625
0 0.38984375 0.6203125 0.1890625 0.75390625
0 0.05703125 0.4921875 0.0890625 0.3
0 0.02890625 0.7046875 0.0578125 0.4921875
0 0.71484375 0.4828125 0.0703125 0.328125
0 0.7625 0.4453125 0.05 0.2484375
0 0.6109375 0.4265625 0.04375 0.1640625
0 0.909375 0.34921875 0.034375 0.13125
0 0.8609375 0.35234375 0.03125 0.11953125
0 0.215625 0.48515625 0.059375 0.2859375
0 0.25625 0.45703125 0.059375 0.2203125
0 0.8359375 0.36171875 0.03125 0.10078125
0 0.7953125 0.35859375 0.021875 0.075
0 0.88984375 0.34453125 0.0203125 0.1171875
1 0.63828125 0.3609375 0.0171875 0.046875
0 0.4984375 0.5796875 0.996875 0.653125
