1 0.46328125 0.590625 0.1265625 0.08359375
0 0.19140625 0.59375 0.0453125 0.1640625
0 0.253125 0.54765625 0.05 0.1296875
0 0.73515625 0.5515625 0.0640625 0.1953125
0 0.91328125 0.628125 0.0265625 0.09453125
0 0.5140625 0.68984375 0.025 0.103125
0 0.48828125 0.68359375 0.0171875 0.103125
0 0.3234375 0.70234375 0.015625 0.06640625
0 0.065625 0.7 0.01875 0.1296875
1 0.5265625 0.55625 0.040625 0.0375
1 0.6484375 0.5671875 0.034375 0.04921875
1 0.8953125 0.52265625 0.0625 0.0515625
0 0.7421875 0.47578125 0.065625 0.1234375
0 0.8890625 0.6390625 0.021875 0.1296875
0 0.565625 0.68359375 0.021875 0.09765625
1 0.5484375 0.53984375 0.0125 0.01171875
12 0.5 0.57578125 0.09375 0.0890625
12 0.58984375 0.6078125 0.0765625 0.13515625
0 0.34609375 0.6953125 0.0296875 0.08046875
1 0.63828125 0.5546875 0.0328125 0.0515625
12 0.5546875 0.56328125 0.01875 0.034375
0 0.5296875 0.678125 0.01875 0.06875
0 0.49453125 0.66484375 0.9890625 0.25546875
10 0.4265625 0.5890625 0.0125 0.178125
10 0.90703125 0.38828125 0.0203125 0.31640625
10 0.97421875 0.5359375 0.0109375 0.11796875
