1 0.1578125 0.2984375 0.215625 0.1546875
1 0.94765625 0.3296875 0.084375 0.071875
7 0.978125 0.23359375 0.0359375 0.1359375
0 0.3640625 0.40546875 0.06015625 0.23984375
0 0.51796875 0.40703125 0.0640625 0.2375
0 0.33984375 0.2921875 0.02421875 0.09296875
0 0.3671875 0.30546875 0.0703125 0.125
0 0.503125 0.384375 0.02578125 0.09609375
0 0.828125 0.271875 0.03984375 0.04765625
1 0.921875 0.26640625 0.05234375 0.05859375
0 0.28984375 0.34296875 0.06015625 0.26953125
0 0.44921875 0.42265625 0.0703125 0.2
12 0.11171875 0.3234375 0.2234375 0.178125
1 0.9109375 0.35859375 0.0140625 0.06171875
1 0.78671875 0.27578125 0.0421875 0.02421875
1 0.84296875 0.26171875 0.03828125 0.04765625
7 0.60234375 0.23828125 0.31171875 0.2796875
