6 0.29765625 0.69921875 0.0421875 0.1390625
9 0.375 0.66875 0.078125 0.1625
0 0.30078125 0.6359375 0.0515625 0.20078125
0 0.44375 0.6578125 0.025 0.17421875
0 0.16328125 0.5609375 0.0421875 0.203125
0 0.83046875 0.5875 0.0265625 0.07578125
0 0.14921875 0.47734375 0.0203125 0.0875
12 0.57734375 0.615625 0.2515625 0.41015625
0 0.2125 0.56640625 0.021875 0.0421875
0 0.1890625 0.53984375 0.025 0.09921875
0 0.7984375 0.60625 0.046875 0.09921875
0 0.3734375 0.65703125 0.084375 0.19140625
0 0.09453125 0.46015625 0.0609375 0.240625
0 0.13125 0.5 0.046875 0.17421875
0 0.0421875 0.365625 0.059375 0.19375
0 0.97890625 0.578125 0.0359375 0.13671875
0 0.4828125 0.44609375 0.965625 0.5140625
