12 0.4640625 0.0890625 0.07578125 0.10390625
12 0.31171875 0.0828125 0.0921875 0.090625
12 0.3921875 0.09453125 0.07578125 0.1203125
12 0.54296875 0.0796875 0.05390625 0.0640625
12 0.2203125 0.0828125 0.07578125 0.090625
12 0.60390625 0.07890625 0.0796875 0.07734375
12 0.684375 0.0734375 0.0796875 0.06171875
0 0.578125 0.16796875 0.03203125 0.18671875
0 0.590625 0.16171875 0.0296875 0.146875
0 0.61484375 0.1375 0.021875 0.0984375
0 0.6546875 0.17578125 0.065625 0.234375
0 0.73203125 0.17578125 0.04375 0.19765625
0 0.946875 0.11328125 0.01796875 0.034375
0 0.8828125 0.13359375 0.03828125 0.09609375
0 0.30625 0.1359375 0.03203125 0.0796875
0 0.19921875 0.1375 0.01796875 0.07734375
12 0.8359375 0.0828125 0.13203125 0.075
0 0.253125 0.1375 0.02578125 0.08828125
0 0.1 0.14921875 0.02421875 0.090625
0 0.071875 0.14921875 0.028125 0.0796875
0 0.0203125 0.14140625 0.028125 0.090625
12 0.7578125 0.0625 0.05625 0.03984375
0 0.51015625 0.1296875 0.94765625 0.15703125
