1 0.92890625 0.890625 0.1390625 0.19140625
0 0.05390625 0.65234375 0.1015625 0.29765625
0 0.2390625 0.47578125 0.053125 0.17578125
0 0.653125 0.54765625 0.075 0.36484375
0 0.7515625 0.54140625 0.175 0.390625
0 0.7 0.5171875 0.04375 0.17109375
0 0.52734375 0.503125 0.0296875 0.06484375
0 0.70625 0.328125 0.028125 0.05078125
12 0.25 0.2625 0.071875 0.053125
0 0.22578125 0.75078125 0.1265625 0.38359375
0 0.4765625 0.55546875 0.096875 0.3671875
0 0.840625 0.56484375 0.0875 0.22890625
10 0.3953125 0.27265625 0.04375 0.5359375
10 0.1109375 0.46875 0.053125 0.9234375
10 0.56015625 0.35 0.0296875 0.6859375
10 0.86171875 0.21953125 0.0234375 0.4296875
