6 0.1609375 0.79296875 0.034375 0.06015625
1 0.475 0.778125 0.146875 0.17265625
1 0.09765625 0.871875 0.1953125 0.24375
1 0.53125 0.725 0.040625 0.05859375
9 0.6703125 0.76875 0.05 0.1
6 0.3125 0.74921875 0.01875 0.05234375
1 0.32265625 0.73125 0.1203125 0.05390625
0 0.6328125 0.70703125 0.021875 0.02734375
0 0.1671875 0.76953125 0.0375 0.14765625
0 0.3125 0.725 0.025 0.075
0 0.89453125 0.79609375 0.0328125 0.1375
0 0.69296875 0.69765625 0.0265625 0.05
6 0.56953125 0.7375 0.0109375 0.02890625
0 0.5703125 0.71796875 0.01875 0.05234375
6 0.58828125 0.725 0.0140625 0.0375
6 0.39609375 0.73984375 0.0140625 0.02890625
1 0.55859375 0.72734375 0.0171875 0.03359375
0 0.115625 0.728125 0.040625 0.05234375
0 0.59453125 0.70703125 0.0109375 0.01484375
1 0.5046875 0.70625 0.0125 0.00859375
1 0.42109375 0.73359375 0.0265625 0.02890625
12 0.7890625 0.82578125 0.2375 0.26015625
