15 0.43359375 0.6484375 0.2296875 0.3765625
15 0.9140625 0.28515625 0.128125 0.1796875
15 0.7046875 0.215625 0.096875 0.1453125
15 0.55234375 0.16015625 0.075 0.11640625
15 0.46953125 0.12578125 0.06171875 0.0984375
15 0.40859375 0.1078125 0.05703125 0.0953125
15 0.28046875 0.07109375 0.0453125 0.071875
15 0.253125 0.0578125 0.03359375 0.06796875
15 0.2203125 0.05078125 0.03984375 0.06484375
15 0.1796875 0.0390625 0.03359375 0.05859375
12 0.575 0.0640625 0.36328125 0.128125
1 0.34453125 0.0296875 0.1078125 0.059375
1 0.246875 0.0203125 0.09296875 0.03984375
