1 0.5609375 0.3875 0.05625 0.01640625
1 0.79375 0.39140625 0.0375 0.0421875
1 0.87578125 0.36640625 0.0859375 0.03046875
1 0.59140625 0.346875 0.0171875 0.0140625
1 0.921875 0.3609375 0.034375 0.0375
0 0.46796875 0.50078125 0.1453125 0.59921875
0 0.8171875 0.42734375 0.028125 0.12890625
0 0.1890625 0.46015625 0.08125 0.08203125
0 0.03671875 0.38046875 0.0421875 0.12421875
0 0.11796875 0.4453125 0.0296875 0.075
0 0.403125 0.4171875 0.028125 0.0796875
0 0.22578125 0.434375 0.0140625 0.05390625
0 0.76640625 0.42890625 0.0296875 0.140625
1 0.721875 0.36640625 0.046875 0.03515625
0 0.4171875 0.51484375 0.034375 0.028125
0 0.82734375 0.39453125 0.0140625 0.04453125
0 0.06484375 0.59375 0.1296875 0.521875
1 0.38671875 0.35390625 0.0828125 0.0234375
1 0.68203125 0.378125 0.0453125 0.03984375
1 0.6140625 0.38203125 0.109375 0.0515625
1 0.7265625 0.3265625 0.034375 0.01640625
1 0.65625 0.34453125 0.046875 0.028125
1 0.92890625 0.33359375 0.0328125 0.01640625
1 0.54375 0.35390625 0.06875 0.0328125
12 0.96484375 0.415625 0.0640625 0.15703125
0 0.7015625 0.4484375 0.0375 0.09609375
1 0.48125 0.35859375 0.890625 0.1171875
