1 0.9609375 0.29921875 0.075 0.1890625
12 0.93984375 0.1890625 0.1140625 0.08125
0 0.3328125 0.63046875 0.2375 0.6265625
0 0.69609375 0.3765625 0.1390625 0.3125
0 0.55390625 0.36171875 0.0953125 0.2359375
0 0.484375 0.28671875 0.053125 0.1703125
0 0.88125 0.32734375 0.065625 0.2015625
0 0.73984375 0.25234375 0.0296875 0.0734375
0 0.6140625 0.290625 0.040625 0.134375
0 0.64140625 0.2828125 0.0296875 0.1
0 0.40234375 0.23671875 0.0328125 0.0578125
0 0.4265625 0.28828125 0.1 0.1234375
0 0.53203125 0.26015625 0.0359375 0.0765625
1 0.91953125 0.29921875 0.0390625 0.1453125
0 0.58203125 0.2578125 0.0328125 0.053125
