1 0.92734375 0.4890625 0.1421875 0.29921875
7 0.171875 0.25390625 0.1875 0.175
12 0.55625 0.4703125 0.628125 0.62421875
0 0.1703125 0.4390625 0.075 0.2828125
0 0.078125 0.446875 0.053125 0.2828125
0 0.0203125 0.4453125 0.040625 0.30390625
0 0.26484375 0.32265625 0.0453125 0.1015625
0 0.965625 0.29921875 0.028125 0.09296875
0 0.91953125 0.3015625 0.0265625 0.10546875
0 0.8828125 0.30625 0.025 0.084375
0 0.9359375 0.30703125 0.01875 0.08671875
0 0.64375 0.34140625 0.025 0.04609375
0 0.95546875 0.4 0.0609375 0.06953125
0 0.0625 0.3046875 0.0125 0.0484375
0 0.571875 0.31875 0.040625 0.096875
0 0.34375 0.3453125 0.025 0.03984375
0 0.5078125 0.28828125 0.971875 0.11640625
