1 0.30234375 0.73671875 0.0953125 0.08515625
1 0.57265625 0.73515625 0.0546875 0.0625
1 0.46875 0.71953125 0.03125 0.02734375
17 0.01640625 0.76953125 0.0265625 0.07734375
0 0.80546875 0.7375 0.0234375 0.08359375
0 0.16953125 0.740625 0.0453125 0.08515625
0 0.128125 0.71015625 0.021875 0.0375
0 0.09453125 0.71875 0.0265625 0.1
1 0.5171875 0.71953125 0.021875 0.02265625
1 0.41015625 0.73671875 0.0140625 0.03515625
1 0.6984375 0.740625 0.078125 0.09375
1 0.64609375 0.728125 0.0515625 0.05625
1 0.6 0.71640625 0.01875 0.02109375
1 0.4875 0.71875 0.015625 0.025
12 0.365625 0.721875 0.075 0.08984375
12 0.59453125 0.68984375 0.0140625 0.025
12 0.56171875 0.70859375 0.0609375 0.08359375
8 0.74921875 0.771875 0.0140625 0.01484375
0 0.4359375 0.71640625 0.0125 0.02890625
1 0.496875 0.715625 0.015625 0.02265625
10 0.95390625 0.60390625 0.0515625 0.4875
10 0.071875 0.678125 0.025 0.24375
