16 0.471875 0.81171875 0.5 0.34609375
16 0.51171875 0.44296875 0.23515625 0.15546875
16 0.47578125 0.33046875 0.1515625 0.09609375
16 0.45859375 0.27421875 0.11640625 0.065625
16 0.03125 0.17421875 0.040625 0.028125
16 0.06484375 0.17109375 0.03671875 0.025
16 0.090625 0.16640625 0.03359375 0.02265625
16 0.1140625 0.16484375 0.028125 0.02109375
1 0.16953125 0.13515625 0.10546875 0.025
0 0.15859375 0.13515625 0.02421875 0.03125
10 0.890625 0.11953125 0.11875 0.23828125
1 0.2640625 0.13671875 0.0609375 0.02265625
0 0.41640625 0.140625 0.021875 0.03515625
1 0.03671875 0.1265625 0.0734375 0.028125
10 0.19296875 0.10390625 0.0109375 0.08828125
