0 0.09296875 0.67890625 0.1828125 0.51796875
0 0.25625 0.53046875 0.0828125 0.20625
9 0.25859375 0.55078125 0.275 0.1734375
0 0.3375 0.48515625 0.06796875 0.11796875
1 0.315625 0.47109375 0.259375 0.08125
15 0.575 0.50703125 0.0234375 0.040625
15 0.57890625 0.4828125 0.009375 0.0234375
15 0.590625 0.48203125 0.015625 0.025
1 0.7109375 0.459375 0.24375 0.0875
15 0.890625 0.4703125 0.0109375 0.01953125
9 0.85234375 0.465625 0.04296875 0.05625
0 0.85078125 0.46015625 0.03671875 0.06328125
10 0.17421875 0.4484375 0.00703125 0.06171875
