12 0.759375 0.1375 0.46875 0.225
0 0.83984375 0.34296875 0.0921875 0.16484375
0 0.78203125 0.396875 0.1421875 0.26875
0 0.92890625 0.590625 0.1390625 0.68515625
0 0.62890625 0.33515625 0.1359375 0.17109375
0 0.53203125 0.59765625 0.2015625 0.6875
0 0.39765625 0.54765625 0.1640625 0.5625
0 0.3265625 0.51796875 0.134375 0.50234375
0 0.24140625 0.49609375 0.1234375 0.4625
0 0.246875 0.34296875 0.034375 0.11484375
0 0.1703125 0.590625 0.15 0.56015625
0 0.115625 0.42578125 0.06875 0.27265625
0 0.07421875 0.34921875 0.0578125 0.12265625
0 0.43125 0.296875 0.096875 0.08125
0 0.40859375 0.59375 0.8171875 0.60859375
