1 0.76953125 0.62265625 0.1140625 0.10546875
1 0.85234375 0.5890625 0.0546875 0.0703125
1 0.67265625 0.56015625 0.0453125 0.03828125
1 0.7078125 0.55703125 0.034375 0.03828125
0 0.109375 0.68828125 0.065625 0.39453125
0 0.18125 0.72734375 0.0625 0.4046875
0 0.5921875 0.5984375 0.03125 0.19140625
0 0.56953125 0.53515625 0.0109375 0.01875
1 0.76640625 0.55703125 0.0234375 0.02578125
12 0.43203125 0.53359375 0.3640625 0.321875
17 0.86875 0.62578125 0.0125 0.05390625
0 0.234375 0.7640625 0.071875 0.46484375
12 0.17578125 0.5046875 0.1828125 0.18125
1 0.8328125 0.5640625 0.040625 0.0890625
1 0.90234375 0.55390625 0.0140625 0.03203125
