0 0.20625 0.43203125 0.134375 0.5484375
0 0.62265625 0.61328125 0.1140625 0.7453125
0 0.109375 0.409375 0.071875 0.471875
0 0.3734375 0.3046875 0.034375 0.10390625
0 0.7984375 0.403125 0.046875 0.17109375
0 0.9265625 0.403125 0.034375 0.16171875
0 0.88828125 0.403125 0.0390625 0.16640625
0 0.278125 0.29765625 0.05625 0.10859375
0 0.0296875 0.37734375 0.053125 0.2453125
0 0.04765625 0.2859375 0.0296875 0.09453125
0 0.5421875 0.31484375 0.04375 0.09296875
0 0.76953125 0.39140625 0.0484375 0.18515625
6 0.7375 0.67578125 0.1625 0.20859375
6 0.66796875 0.39921875 0.0484375 0.0671875
6 0.72265625 0.403125 0.0484375 0.06015625
6 0.9625 0.3828125 0.0375 0.03046875
6 0.83515625 0.40703125 0.0359375 0.06484375
6 0.87890625 0.41328125 0.0703125 0.09453125
6 0.8375 0.37734375 0.03125 0.03671875
6 0.7765625 0.3796875 0.015625 0.03203125
0 0.71796875 0.353125 0.0234375 0.0578125
6 0.20546875 0.6734375 0.1265625 0.2453125
6 0.240625 0.55234375 0.05625 0.053125
6 0.09921875 0.51640625 0.1984375 0.2546875
6 0.20546875 0.6609375 0.1296875 0.26171875
6 0.81171875 0.44765625 0.0796875 0.0765625
6 0.4953125 0.45859375 0.990625 0.16640625
0 0.4171875 0.325 0.240625 0.0765625
10 0.89765625 0.165625 0.0421875 0.33125
