1 0.36484375 0.9359375 0.0328125 0.05390625
1 0.0859375 0.92265625 0.028125 0.0375
9 0.6765625 0.94296875 0.03125 0.06328125
9 0.71484375 0.95703125 0.0578125 0.05859375
9 0.80390625 0.95078125 0.0515625 0.05625
9 0.9375 0.9546875 0.0375 0.06328125
0 0.21796875 0.94375 0.0703125 0.1078125
0 0.259375 0.92265625 0.046875 0.103125
0 0.609375 0.95078125 0.078125 0.09375
0 0.97578125 0.9390625 0.0453125 0.1125
0 0.91328125 0.93125 0.0296875 0.06328125
0 0.05 0.9390625 0.065625 0.1171875
0 0.88359375 0.93359375 0.0296875 0.08203125
0 0.3859375 0.93203125 0.01875 0.084375
0 0.7171875 0.93671875 0.021875 0.084375
0 0.68984375 0.92421875 0.0234375 0.05390625
1 0.1609375 0.91796875 0.009375 0.0234375
1 0.1484375 0.9078125 0.0125 0.02109375
0 0.18125 0.92734375 0.01875 0.0515625
0 0.78984375 0.91328125 0.0171875 0.046875
1 0.178125 0.92890625 0.0375 0.05390625
9 0.88203125 0.9546875 0.0578125 0.05859375
9 0.3171875 0.96015625 0.09375 0.0703125
9 0.84765625 0.95234375 0.0203125 0.04921875
12 0.1203125 0.9125 0.028125 0.05390625
0 0.865625 0.91328125 0.028125 0.0328125
0 0.55859375 0.94140625 0.8015625 0.1078125
10 0.93828125 0.64140625 0.0265625 0.55234375
