8 0.43203125 0.60546875 0.1453125 0.20625
1 0.58203125 0.41171875 0.0609375 0.06875
0 0.378125 0.49921875 0.221875 0.41015625
0 0.28359375 0.37734375 0.0453125 0.1375
0 0.71328125 0.396875 0.0171875 0.06484375
0 0.27265625 0.36640625 0.0140625 0.0375
0 0.4984375 0.39921875 0.0125 0.03984375
0 0.68828125 0.40546875 0.0421875 0.07265625
0 0.76015625 0.41484375 0.0265625 0.07890625
0 0.84609375 0.42109375 0.0171875 0.05859375
0 0.24296875 0.44375 0.0671875 0.22109375
0 0.9140625 0.421875 0.015625 0.06484375
0 0.54140625 0.396875 0.0296875 0.09765625
14 0.49140625 0.47421875 0.0546875 0.13125
