7 0.146875 0.31875 0.29375 0.63671875
0 0.9390625 0.23046875 0.053125 0.175
0 0.98125 0.26171875 0.034375 0.16875
0 0.73125 0.153125 0.01875 0.01953125
1 0.8078125 0.37890625 0.346875 0.4421875
0 0.69921875 0.15625 0.0171875 0.02109375
12 0.496875 0.47734375 0.728125 0.64765625
0 0.96484375 0.23359375 0.0171875 0.08359375
0 0.65078125 0.16953125 0.0171875 0.0109375
0 0.4328125 0.1578125 0.015625 0.0125
0 0.1578125 0.334375 0.01875 0.040625
0 0.228125 0.32578125 0.04375 0.08359375
0 0.3671875 0.16484375 0.021875 0.0125
