1 0.5890625 0.38046875 0.04375 0.05859375
1 0.83515625 0.38046875 0.1015625 0.05390625
1 0.9640625 0.38515625 0.025 0.03515625
1 0.98125 0.378125 0.021875 0.04453125
1 0.46875 0.39140625 0.0625 0.0375
1 0.43125 0.3921875 0.01875 0.03515625
0 0.63671875 0.48125 0.2953125 0.8546875
0 0.41484375 0.39453125 0.0328125 0.14296875
0 0.35546875 0.39453125 0.0265625 0.13359375
0 0.315625 0.40078125 0.0375 0.1359375
0 0.8921875 0.40625 0.01875 0.13359375
0 0.1203125 0.4015625 0.040625 0.16640625
0 0.21015625 0.3984375 0.0328125 0.13125
0 0.184375 0.4078125 0.03125 0.140625
0 0.1515625 0.403125 0.028125 0.140625
0 0.03125 0.39375 0.03125 0.13125
0 0.3859375 0.396875 0.025 0.13828125
0 0.62890625 0.3875 0.0296875 0.08671875
1 0.096875 0.41015625 0.025 0.0421875
12 0.5375 0.3703125 0.06875 0.075
0 0.334375 0.35703125 0.0125 0.02578125
1 0.7703125 0.384375 0.015625 0.0421875
0 0.42734375 0.4015625 0.3953125 0.14296875
