7 0.803125 0.64140625 0.2140625 0.22421875
7 0.58125 0.65078125 0.165625 0.13671875
0 0.496875 0.73828125 0.02578125 0.13671875
0 0.45625 0.73828125 0.03984375 0.16171875
0 0.1703125 0.71484375 0.0203125 0.115625
0 0.23125 0.68515625 0.021875 0.06875
0 0.053125 0.72734375 0.034375 0.121875
0 0.90390625 0.74609375 0.03203125 0.21484375
0 0.01015625 0.67578125 0.0203125 0.0625
0 0.03125 0.68515625 0.021875 0.04375
0 0.07265625 0.67734375 0.01015625 0.059375
10 0.590625 0.31484375 0.01796875 0.26796875
10 0.946875 0.4765625 0.01796875 0.19296875
