1 0.85 0.775 0.121875 0.06640625
1 0.7515625 0.76875 0.05625 0.05859375
1 0.5890625 0.75546875 0.040625 0.05234375
1 0.48203125 0.76953125 0.0703125 0.07265625
17 0.48828125 0.80703125 0.0328125 0.08125
0 0.096875 0.76328125 0.0125 0.05625
0 0.78515625 0.74765625 0.0234375 0.07109375
0 0.64921875 0.740625 0.0140625 0.04375
0 0.11484375 0.7625 0.0140625 0.05859375
0 0.84765625 0.72265625 0.0140625 0.0375
1 0.53671875 0.76015625 0.0484375 0.04140625
1 0.3796875 0.75078125 0.0375 0.03984375
1 0.33359375 0.74609375 0.0171875 0.02109375
1 0.44453125 0.76484375 0.0359375 0.04609375
0 0.66171875 0.740625 0.0109375 0.04765625
0 0.6140625 0.73515625 0.009375 0.01640625
0 0.0109375 0.79296875 0.021875 0.06484375
0 0.0109375 0.825 0.021875 0.07890625
0 0.83671875 0.72890625 0.0140625 0.02890625
0 0.6875 0.73203125 0.009375 0.02734375
0 0.62734375 0.73515625 0.0109375 0.02109375
0 0.54609375 0.79140625 0.0234375 0.10390625
1 0.43515625 0.76015625 0.0453125 0.05
1 0.71328125 0.771875 0.0953125 0.05234375
10 0.20546875 0.65625 0.0265625 0.3875
