15 0.2453125 0.48125 0.0734375 0.12265625
15 0.6203125 0.47265625 0.071875 0.1203125
0 0.75625 0.31484375 0.06796875 0.18203125
0 0.83671875 0.31484375 0.09140625 0.18828125
0 0.88984375 0.28203125 0.065625 0.1078125
9 0.8984375 0.29375 0.059375 0.0953125
0 0.809375 0.23515625 0.0140625 0.025
0 0.596875 0.28046875 0.04375 0.05625
10 0.65546875 0.19140625 0.0125 0.121875
9 0.28671875 0.23984375 0.02265625 0.025
9 0.26875 0.2390625 0.01484375 0.02421875
0 0.31875 0.23828125 0.01015625 0.034375
0 0.33515625 0.2328125 0.01328125 0.02265625
9 0.33359375 0.24609375 0.03046875 0.025
0 0.353125 0.23125 0.009375 0.0171875
0 0.53984375 0.23203125 0.01328125 0.0296875
0 0.984375 0.2515625 0.01796875 0.0515625
9 0.98125 0.25703125 0.03359375 0.0390625
15 0.421875 0.6171875 0.17734375 0.06953125
9 0.31015625 0.23984375 0.01328125 0.0265625
9 0.3828125 0.24296875 0.0234375 0.025
6 0.3984375 0.24453125 0.01328125 0.02265625
6 0.4671875 0.24609375 0.0203125 0.025
9 0.41171875 0.24296875 0.01875 0.025
9 0.4484375 0.24375 0.01640625 0.02734375
