12 0.725 0.63984375 0.540625 0.6828125
0 0.453125 0.5375 0.20625 0.58671875
0 0.25703125 0.4984375 0.0578125 0.2515625
0 0.2125 0.39765625 0.01875 0.09140625
0 0.17578125 0.38046875 0.0140625 0.0328125
0 0.140625 0.3953125 0.03125 0.11015625
0 0.1625 0.40234375 0.01875 0.08203125
0 0.1890625 0.4046875 0.028125 0.07734375
0 0.24609375 0.3859375 0.0203125 0.05390625
0 0.74375 0.390625 0.06875 0.07265625
0 0.35234375 0.428125 0.0359375 0.11015625
0 0.3703125 0.38984375 0.025 0.0609375
0 0.33515625 0.4046875 0.0234375 0.08671875
0 0.30859375 0.50390625 0.0578125 0.24609375
0 0.0671875 0.39296875 0.05625 0.13828125
10 0.240625 0.19375 0.025 0.2984375
