6 0.3828125 0.715625 0.053125 0.19375
1 0.75625 0.78125 0.484375 0.43359375
1 0.8515625 0.859375 0.2875 0.25234375
1 0.07890625 0.85 0.1578125 0.275
1 0.0890625 0.8 0.178125 0.2875
0 0.64140625 0.61328125 0.0390625 0.16015625
0 0.1953125 0.77265625 0.059375 0.10859375
0 0.5375 0.70625 0.084375 0.375
0 0.52578125 0.540625 0.0578125 0.06875
0 0.49296875 0.55 0.0484375 0.05859375
0 0.83671875 0.559375 0.0515625 0.04375
0 0.26484375 0.61796875 0.0921875 0.28984375
0 0.35859375 0.58125 0.0265625 0.125
0 0.975 0.54921875 0.040625 0.03984375
0 0.2015625 0.65 0.06875 0.225
0 0.63828125 0.34609375 0.0265625 0.15390625
6 0.425 0.74140625 0.046875 0.1375
0 0.33203125 0.68046875 0.0921875 0.44765625
6 0.4625 0.77421875 0.05 0.08515625
10 0.240625 0.2625 0.040625 0.52109375
10 0.6078125 0.35625 0.053125 0.39609375
10 0.9703125 0.26875 0.0375 0.53359375
