10 0.57265625 0.44453125 0.06875 0.75078125
16 0.56953125 0.6546875 0.184375 0.1953125
16 0.321875 0.59140625 0.15234375 0.16171875
16 0.15078125 0.5515625 0.12734375 0.128125
16 0.02734375 0.51796875 0.0546875 0.0921875
14 0.165625 0.37578125 0.03125 0.05078125
0 0.26796875 0.3390625 0.01875 0.04765625
0 0.33515625 0.3421875 0.02265625 0.06796875
0 0.29453125 0.32890625 0.01328125 0.0359375
0 0.36484375 0.3265625 0.01015625 0.03359375
16 0.59453125 0.33046875 0.00625 0.0078125
0 0.52109375 0.3203125 0.009375 0.0203125
0 0.50625 0.3171875 0.00546875 0.0171875
9 0.728125 0.33125 0.02421875 0.028125
13 0.86484375 0.3828125 0.04453125 0.62734375
13 0.3734375 0.32890625 0.01171875 0.090625
14 0.5421875 0.32421875 0.0078125 0.01328125
9 0.4875 0.32109375 0.00859375 0.01171875
1 0.44140625 0.315625 0.02109375 0.01015625
