1 0.90078125 0.5265625 0.1953125 0.3140625
1 0.64609375 0.45390625 0.1609375 0.246875
1 0.421875 0.40703125 0.14375 0.25859375
1 0.35078125 0.3640625 0.0515625 0.1109375
0 0.75625 0.6890625 0.178125 0.59453125
0 0.8015625 0.465625 0.084375 0.196875
0 0.69765625 0.5359375 0.0734375 0.25546875
0 0.5546875 0.40703125 0.071875 0.13046875
0 0.50078125 0.465625 0.0515625 0.246875
0 0.4171875 0.50546875 0.078125 0.3
0 0.16796875 0.384375 0.0453125 0.0859375
0 0.23671875 0.42109375 0.0609375 0.1859375
0 0.27265625 0.359375 0.0453125 0.096875
1 0.13359375 0.3609375 0.0453125 0.078125
0 0.31796875 0.4859375 0.0796875 0.2390625
0 0.21484375 0.34296875 0.0140625 0.04140625
0 0.49921875 0.33203125 0.0171875 0.0359375
1 0.321875 0.33203125 0.025 0.04140625
1 0.1921875 0.3234375 0.021875 0.03046875
0 0.315625 0.34609375 0.021875 0.046875
0 0.23984375 0.35703125 0.1296875 0.09140625
10 0.7734375 0.225 0.025 0.278125
10 0.134375 0.33359375 0.04375 0.6109375
10 0.08359375 0.49453125 0.0828125 0.98359375
13 0.84453125 0.3015625 0.0203125 0.13046875
9 0.759375 0.778125 0.184375 0.4390625
9 0.55703125 0.5375 0.0796875 0.253125
9 0.41875 0.5875 0.1 0.25859375
9 0.31484375 0.5625 0.0921875 0.246875
9 0.23984375 0.4875 0.0671875 0.16953125
