12 0.74453125 0.08828125 0.375 0.171875
1 0.9328125 0.21171875 0.1328125 0.1703125
1 0.60390625 0.12890625 0.09609375 0.0703125
0 0.62421875 0.13984375 0.0390625 0.12578125
9 0.63125 0.221875 0.11796875 0.20546875
1 0.51875 0.13203125 0.0734375 0.08828125
1 0.096875 0.10859375 0.03125 0.04609375
1 0.26875 0.1078125 0.03984375 0.05703125
1 0.296875 0.11484375 0.03125 0.05859375
15 0.29765625 0.140625 0.01171875 0.03359375
15 0.2453125 0.134375 0.0078125 0.02578125
15 0.22734375 0.13046875 0.00859375 0.02421875
1 0.1953125 0.09765625 0.034375 0.03046875
15 0.11953125 0.29140625 0.04375 0.109375
15 0.06796875 0.21875 0.0265625 0.06796875
15 0.2890625 0.4859375 0.08125 0.228125
12 0.140625 0.08515625 0.06875 0.1234375
11 0.940625 0.1 0.11328125 0.13046875
15 0.47890625 0.18125 0.01953125 0.05078125
15 0.36640625 0.15546875 0.01328125 0.03828125
7 0.39453125 0.0859375 0.17734375 0.17109375
15 0.82890625 0.24921875 0.034375 0.09296875
