1 0.1703125 0.72578125 0.259375 0.11875
1 0.6046875 0.67734375 0.046875 0.05390625
1 0.57578125 0.67265625 0.0328125 0.04921875
1 0.0953125 0.67734375 0.05625 0.03046875
12 0.42109375 0.67265625 0.0703125 0.0859375
0 0.38828125 0.6703125 0.0109375 0.01640625
0 0.43515625 0.64921875 0.0109375 0.01171875
0 0.27265625 0.659375 0.0078125 0.0140625
12 0.2640625 0.6796875 0.06875 0.06796875
12 0.48359375 0.6734375 0.0390625 0.05625
1 0.3296875 0.66796875 0.0375 0.01171875
1 0.3734375 0.69609375 0.078125 0.0859375
1 0.140625 0.66796875 0.025 0.01640625
1 0.6625 0.65703125 0.015625 0.0140625
1 0.45859375 0.675 0.0109375 0.03046875
12 0.57421875 0.67265625 0.0296875 0.04453125
0 0.4890625 0.6609375 0.00625 0.00703125
0 0.60078125 0.659375 0.0140625 0.009375
0 0.16484375 0.68515625 0.0140625 0.028125
0 0.1328125 0.67734375 0.0375 0.03984375
1 0.89296875 0.64140625 0.0203125 0.0234375
15 0.8578125 0.7015625 0.015625 0.0421875
15 0.834375 0.6984375 0.015625 0.04453125
15 0.81953125 0.70078125 0.0140625 0.03515625
15 0.79765625 0.696875 0.0140625 0.0328125
15 0.77421875 0.69375 0.0140625 0.03046875
15 0.76171875 0.68984375 0.0109375 0.028125
15 0.7453125 0.68984375 0.009375 0.028125
