1 0.35859375 0.340625 0.09609375 0.053125
1 0.39453125 0.33125 0.04375 0.0375
1 0.63671875 0.2921875 0.06484375 0.021875
1 0.44921875 0.29453125 0.03984375 0.0203125
1 0.38828125 0.30859375 0.06015625 0.0265625
1 0.9375 0.31875 0.09609375 0.034375
1 0.43125 0.3015625 0.04609375 0.025
1 0.60703125 0.2640625 0.02734375 0.0125
1 0.6 0.25546875 0.01640625 0.0109375
1 0.59375 0.24921875 0.0125 0.0078125
1 0.33515625 0.31015625 0.0375 0.0171875
1 0.4875 0.2640625 0.01640625 0.009375
1 0.50234375 0.2515625 0.02109375 0.0125
10 0.828125 0.1921875 0.03515625 0.371875
