1 0.703125 0.8109375 0.07421875 0.053125
0 0.25 0.5078125 0.05234375 0.1890625
0 0.3109375 0.509375 0.04609375 0.1921875
0 0.36015625 0.51484375 0.05625 0.21328125
0 0.41015625 0.51875 0.04765625 0.1890625
0 0.47265625 0.51875 0.05390625 0.19453125
0 0.8640625 0.8453125 0.26796875 0.2984375
1 0.9828125 0.7921875 0.0296875 0.0640625
12 0.565625 0.80546875 0.228125 0.13359375
0 0.071875 0.84296875 0.071875 0.309375
0 0.5296875 0.8703125 0.06015625 0.19453125
0 0.3859375 0.73203125 0.04765625 0.15234375
0 0.3890625 0.88828125 0.06171875 0.21875
0 0.2671875 0.884375 0.0703125 0.2265625
0 0.33125 0.89765625 0.078125 0.2
0 0.61171875 0.92421875 0.05234375 0.146875
10 0.7671875 0.5890625 0.02578125 0.44296875
