8 0.1203125 0.71875 0.05234375 0.04765625
1 0.9453125 0.68828125 0.10234375 0.1140625
1 0.60078125 0.6859375 0.12578125 0.12578125
1 0.79609375 0.65234375 0.12421875 0.08984375
1 0.6671875 0.6484375 0.1296875 0.08046875
1 0.27890625 0.66640625 0.178125 0.15859375
0 0.4828125 0.62890625 0.09765625 0.58671875
0 0.165625 0.6765625 0.028125 0.13203125
0 0.18125 0.671875 0.0296875 0.140625
0 0.08125 0.65546875 0.0421875 0.11953125
1 0.53984375 0.65390625 0.04375 0.05703125
12 0.92421875 0.58203125 0.14765625 0.1703125
0 0.77265625 0.6078125 0.01015625 0.0359375
1 0.3953125 0.6484375 0.07421875 0.075
