1 0.23203125 0.609375 0.1453125 0.05625
0 0.453125 0.61328125 0.01875 0.06484375
0 0.47109375 0.615625 0.0296875 0.05625
0 0.41875 0.590625 0.009375 0.03125
0 0.41484375 0.58828125 0.0078125 0.03515625
1 0.246875 0.59375 0.125 0.0375
1 0.928125 0.58828125 0.053125 0.03984375
1 0.034375 0.60078125 0.06875 0.05234375
1 0.2859375 0.59296875 0.05625 0.03125
12 0.8203125 0.6 0.11875 0.05859375
12 0.03046875 0.60078125 0.0609375 0.04375
12 0.06484375 0.59453125 0.0421875 0.03515625
10 0.1421875 0.35 0.046875 0.7
10 0.3640625 0.578125 0.025 0.31015625
