6 0.20078125 0.52109375 0.1296875 0.1171875
6 0.321875 0.48671875 0.11875 0.11015625
6 0.56015625 0.48671875 0.1234375 0.11015625
6 0.1125 0.5015625 0.11875 0.1
6 0.77734375 0.48359375 0.1203125 0.13125
1 0.903125 0.78515625 0.190625 0.425
0 0.559375 0.43203125 0.075 0.1671875
0 0.20390625 0.45546875 0.0890625 0.18125
0 0.321875 0.43828125 0.065625 0.1453125
0 0.1203125 0.4484375 0.078125 0.13828125
0 0.77578125 0.428125 0.0640625 0.17421875
10 0.06171875 0.44609375 0.0296875 0.28671875
10 0.4 0.271875 0.021875 0.31953125
