0 0.25625 0.4953125 0.509375 0.971875
0 0.9140625 0.55703125 0.028125 0.1265625
12 0.4765625 0.52578125 0.11875 0.16171875
12 0.87734375 0.5078125 0.0578125 0.0609375
12 0.05390625 0.5984375 0.0484375 0.03515625
12 0.96875 0.5328125 0.059375 0.10546875
12 0.6703125 0.5453125 0.09375 0.103125
1 0.53359375 0.5609375 0.0296875 0.07265625
1 0.09921875 0.59921875 0.0265625 0.0328125
1 0.08984375 0.59609375 0.0453125 0.03984375
1 0.82265625 0.51484375 0.0609375 0.0515625
12 0.7703125 0.5421875 0.109375 0.11015625
1 0.0703125 0.5984375 0.025 0.03515625
12 0.590625 0.5609375 0.0875 0.10546875
10 0.8296875 0.40859375 0.040625 0.42421875
