1 0.503125 0.659375 0.0625 0.10625
1 0.371875 0.6375 0.053125 0.08359375
1 0.29921875 0.63203125 0.0296875 0.05234375
1 0.3484375 0.609375 0.021875 0.02734375
1 0.28515625 0.63125 0.0328125 0.05
1 0.2640625 0.615625 0.025 0.02265625
12 0.85234375 0.62578125 0.1234375 0.08125
1 0.33125 0.634375 0.040625 0.05625
1 0.44140625 0.64375 0.1171875 0.10390625
1 0.278125 0.62734375 0.034375 0.05
10 0.090625 0.49765625 0.071875 0.9953125
10 0.4625 0.36953125 0.034375 0.73125
14 0.7359375 0.63984375 0.03125 0.05390625
14 0.665625 0.63203125 0.028125 0.04375
10 0.6484375 0.5625 0.015625 0.17890625
