6 0.421875 0.80390625 0.44765625 0.35625
6 0.22109375 0.7265625 0.18203125 0.29921875
6 0.728125 0.60859375 0.16796875 0.15390625
1 0.1109375 0.56796875 0.221875 0.175
1 0.684375 0.48671875 0.21171875 0.1390625
1 0.4828125 0.509375 0.1421875 0.09375
1 0.553125 0.490625 0.09375 0.0875
0 0.43125 0.66328125 0.25390625 0.6375
0 0.21875 0.6015625 0.1421875 0.4109375
0 0.9640625 0.47109375 0.028125 0.11484375
0 0.078125 0.5046875 0.05234375 0.090625
0 0.1109375 0.46640625 0.0296875 0.0390625
0 0.03203125 0.52265625 0.028125 0.10234375
12 0.22578125 0.48828125 0.184375 0.178125
0 0.790625 0.57109375 0.021875 0.0546875
0 0.171875 0.4640625 0.03984375 0.0453125
0 0.67109375 0.5375 0.1578125 0.29609375
0 0.921875 0.54375 0.06796875 0.1875
6 0.66796875 0.68125 0.1921875 0.21484375
1 0.32421875 0.48828125 0.05234375 0.06328125
1 0.01171875 0.51640625 0.0234375 0.0546875
0 0.9890625 0.4546875 0.01796875 0.09375
0 0.72734375 0.43828125 0.08203125 0.1328125
