1 0.87265625 0.71796875 0.0515625 0.0296875
1 0.09140625 0.74375 0.0703125 0.05625
1 0.8265625 0.72109375 0.0515625 0.0296875
1 0.5390625 0.72109375 0.075 0.0328125
1 0.6890625 0.72578125 0.0328125 0.0296875
1 0.62109375 0.71875 0.08515625 0.03125
1 0.55703125 0.715625 0.05625 0.025
10 0.76953125 0.4671875 0.0953125 0.809375
10 0.25703125 0.4796875 0.09140625 0.846875
10 0.62734375 0.58515625 0.03515625 0.3609375
10 0.3390625 0.559375 0.0390625 0.409375
17 0.39921875 0.75390625 0.02734375 0.0328125
