1 0.1609375 0.61796875 0.08125 0.08515625
7 0.51640625 0.48203125 0.6578125 0.73984375
12 0.921875 0.584375 0.153125 0.40234375
0 0.534375 0.240625 0.05625 0.06484375
0 0.4 0.28671875 0.025 0.04375
0 0.3640625 0.30078125 0.03125 0.03984375
0 0.43125 0.27265625 0.0375 0.05859375
0 0.43515625 0.546875 0.0453125 0.05234375
6 0.015625 0.61875 0.021875 0.05390625
12 0.1015625 0.59375 0.084375 0.09140625
12 0.021875 0.55234375 0.04375 0.075
12 0.1828125 0.56953125 0.065625 0.05234375
0 0.24609375 0.33828125 0.0140625 0.03125
0 0.4671875 0.26171875 0.025 0.05625
0 0.3125 0.32109375 0.01875 0.02890625
0 0.2703125 0.33203125 0.025 0.03984375
0 0.18203125 0.56328125 0.0171875 0.02734375
1 0.01328125 0.590625 0.0265625 0.03984375
0 0.17421875 0.559375 0.0078125 0.02265625
0 0.19921875 0.58125 0.0109375 0.05859375
