15 0.6859375 0.7140625 0.11796875 0.2484375
15 0.5140625 0.6484375 0.0953125 0.19296875
15 0.3828125 0.60390625 0.078125 0.16171875
15 0.30859375 0.5828125 0.0703125 0.1484375
15 0.23828125 0.5640625 0.06328125 0.13203125
15 0.17578125 0.55 0.0546875 0.11640625
15 0.11953125 0.534375 0.0515625 0.0984375
15 0.5359375 0.53671875 0.03828125 0.06015625
1 0.08515625 0.44765625 0.1703125 0.16171875
0 0.15859375 0.43203125 0.0765625 0.2203125
0 0.240625 0.44921875 0.08515625 0.21171875
1 0.2953125 0.353125 0.08984375 0.0265625
1 0.51484375 0.36171875 0.08671875 0.0265625
1 0.4296875 0.36953125 0.06015625 0.03203125
1 0.36171875 0.3671875 0.05 0.03203125
