1 0.55703125 0.23984375 0.0859375 0.12890625
1 0.6609375 0.25625 0.084375 0.09140625
1 0.8125 0.265625 0.0625 0.12890625
1 0.7640625 0.2515625 0.115625 0.13359375
1 0.95625 0.29296875 0.084375 0.178125
0 0.4578125 0.2421875 0.04375 0.10546875
1 0.49765625 0.22265625 0.0296875 0.0421875
1 0.04375 0.23984375 0.0875 0.13828125
1 0.0875 0.25078125 0.028125 0.1078125
1 0.98359375 0.32421875 0.0296875 0.13828125
1 0.8875 0.2953125 0.10625 0.1453125
1 0.1640625 0.2390625 0.059375 0.065625
1 0.2234375 0.228125 0.01875 0.05859375
1 0.253125 0.21875 0.04375 0.06328125
1 0.51796875 0.22109375 0.7390625 0.25078125
