16 0.34609375 0.54609375 0.0625 0.11875
10 0.209375 0.34609375 0.02734375 0.3359375
1 0.25078125 0.390625 0.09921875 0.11640625
9 0.43203125 0.45703125 0.08359375 0.12890625
0 0.35 0.38828125 0.0234375 0.09609375
1 0.17421875 0.37578125 0.0578125 0.08046875
0 0.3296875 0.396875 0.03984375 0.0953125
6 0.25625 0.4359375 0.07109375 0.10703125
1 0.396875 0.321875 0.03125 0.046875
14 0.421875 0.34296875 0.01953125 0.0390625
1 0.459375 0.3421875 0.0234375 0.0546875
9 0.44765625 0.4015625 0.04921875 0.07109375
1 0.32578125 0.33828125 0.03515625 0.040625
