1 0.871875 0.54609375 0.246875 0.24921875
1 0.70390625 0.4609375 0.1671875 0.25390625
1 0.56796875 0.53515625 0.1734375 0.2328125
7 0.41640625 0.39140625 0.1265625 0.21875
0 0.46015625 0.546875 0.0859375 0.36953125
0 0.2015625 0.55859375 0.078125 0.32265625
1 0.33515625 0.4375 0.0203125 0.046875
0 0.01796875 0.5046875 0.0359375 0.2
0 0.6515625 0.42265625 0.015625 0.03515625
0 0.0265625 0.42109375 0.03125 0.075
1 0.315625 0.43203125 0.009375 0.03984375
12 0.88046875 0.3515625 0.2359375 0.25625
0 0.9890625 0.38828125 0.01875 0.046875
1 0.61015625 0.43984375 0.0515625 0.075
1 0.35703125 0.453125 0.0171875 0.05859375
7 0.2875 0.40234375 0.05625 0.075
0 0.04453125 0.43671875 0.0171875 0.1015625
0 0.52265625 0.37890625 0.0109375 0.0234375
1 0.28671875 0.44375 0.0546875 0.06796875
1 0.52265625 0.40390625 0.0703125 0.03046875
