6 0.45390625 0.70703125 0.0453125 0.16875
1 0.52265625 0.60234375 0.0984375 0.14140625
1 0.9015625 0.75078125 0.19375 0.44765625
0 0.646875 0.6625 0.121875 0.3125
0 0.8171875 0.65 0.0875 0.27890625
0 0.58359375 0.59453125 0.0421875 0.12734375
0 0.5390625 0.59609375 0.046875 0.11640625
0 0.23046875 0.70703125 0.0984375 0.33984375
0 0.0859375 0.57265625 0.021875 0.02890625
1 0.02890625 0.60390625 0.0578125 0.07109375
1 0.1125 0.56171875 0.08125 0.04375
0 0.05390625 0.60234375 0.0484375 0.09609375
1 0.58046875 0.54921875 0.0609375 0.04375
12 0.18203125 0.625 0.2421875 0.18359375
0 0.4578125 0.68046875 0.04375 0.15625
1 0.765625 0.55546875 0.046875 0.01875
