0 0.6109375 0.84140625 0.021875 0.08984375
0 0.31484375 0.95625 0.0421875 0.08046875
1 0.4609375 0.78125 0.05 0.071875
12 0.334375 0.73359375 0.0796875 0.1078125
1 0.3796875 0.7203125 0.0203125 0.0265625
1 0.40703125 0.73671875 0.0296875 0.0359375
1 0.4578125 0.75 0.04375 0.0390625
12 0.4421875 0.7171875 0.028125 0.05078125
12 0.46171875 0.78125 0.05234375 0.071875
0 0.49765625 0.7453125 0.0078125 0.0296875
0 0.48984375 0.73359375 0.0078125 0.0296875
1 0.446875 0.74375 0.034375 0.04453125
10 0.76171875 0.69609375 0.04375 0.59609375
