1 0.5125 0.47265625 0.059375 0.07734375
1 0.6625 0.46015625 0.071875 0.0875
1 0.8796875 0.44765625 0.034375 0.04765625
1 0.90390625 0.4453125 0.0265625 0.0421875
1 0.5703125 0.46640625 0.0625 0.06953125
1 0.603125 0.45859375 0.025 0.05
7 0.24453125 0.42421875 0.4890625 0.64375
0 0.7828125 0.65234375 0.090625 0.371875
0 0.93671875 0.4765625 0.0296875 0.11953125
0 0.97421875 0.46640625 0.0171875 0.06484375
0 0.45546875 0.45546875 0.0203125 0.10703125
1 0.821875 0.45546875 0.04375 0.0671875
1 0.9734375 0.45390625 0.05 0.0546875
1 0.62734375 0.45 0.0234375 0.0671875
14 0.71328125 0.57890625 0.0578125 0.159375
17 0.9078125 0.5046875 0.015625 0.0671875
10 0.725 0.2515625 0.025 0.503125
