1 0.52265625 0.94296875 0.0578125 0.1078125
1 0.67578125 0.9359375 0.09609375 0.11015625
1 0.4140625 0.9359375 0.04375 0.12265625
1 0.5109375 0.92421875 0.08203125 0.14609375
1 0.4609375 0.92265625 0.034375 0.11328125
1 0.496875 0.81171875 0.034375 0.0359375
7 0.96171875 0.8625 0.071875 0.1671875
7 0.4328125 0.82421875 0.03828125 0.059375
0 0.89921875 0.875 0.01796875 0.071875
1 0.48203125 0.796875 0.028125 0.0296875
1 0.43828125 0.8984375 0.03984375 0.071875
1 0.4203125 0.85078125 0.02421875 0.01796875
1 0.45625 0.84921875 0.0359375 0.02109375
1 0.440625 0.92265625 0.021875 0.07734375
1 0.53125 0.8265625 0.02578125 0.02421875
12 0.65390625 0.85703125 0.05625 0.07734375
0 0.18125 0.97578125 0.0296875 0.0359375
10 0.37109375 0.5 0.05390625 0.98828125
