16 0.55078125 0.7703125 0.28203125 0.35234375
16 0.58125 0.53984375 0.19375 0.16015625
16 0.5171875 0.43671875 0.134375 0.14609375
16 0.4546875 0.31796875 0.07421875 0.084375
16 0.378125 0.246875 0.04375 0.05
16 0.17109375 0.18515625 0.021875 0.0296875
16 0.2109375 0.19375 0.02578125 0.03203125
16 0.321875 0.22265625 0.0359375 0.0421875
16 0.50078125 0.34765625 0.09765625 0.06796875
16 0.43828125 0.28984375 0.0640625 0.06796875
16 0.40625 0.265625 0.04765625 0.06015625
16 0.35 0.234375 0.0359375 0.04375
16 0.2921875 0.2171875 0.028125 0.0421875
16 0.275 0.2109375 0.0296875 0.034375
16 0.25 0.20390625 0.028125 0.0359375
16 0.2328125 0.196875 0.021875 0.034375
16 0.18984375 0.18828125 0.02421875 0.03203125
