0 0.62265625 0.678125 0.0359375 0.14921875
0 0.521875 0.6578125 0.03125 0.121875
0 0.590625 0.68125 0.034375 0.1296875
0 0.55078125 0.64921875 0.0328125 0.13828125
0 0.63359375 0.6734375 0.0265625 0.140625
0 0.68203125 0.59921875 0.0203125 0.04296875
0 0.5359375 0.65390625 0.021875 0.1046875
0 0.5953125 0.63125 0.015625 0.04296875
1 0.16328125 0.7515625 0.2828125 0.1171875
1 0.29765625 0.71953125 0.2203125 0.11328125
1 0.3828125 0.69609375 0.0875 0.040625
1 0.47578125 0.6703125 0.0421875 0.0359375
7 0.82578125 0.61015625 0.2609375 0.315625
12 0.98046875 0.61640625 0.0359375 0.07265625
0 0.66953125 0.66171875 0.0296875 0.15546875
0 0.68671875 0.67734375 0.0296875 0.121875
1 0.44296875 0.68515625 0.0953125 0.04453125
1 0.94921875 0.83125 0.0984375 0.1875
1 0.0734375 0.7109375 0.0375 0.02734375
1 0.65078125 0.66328125 0.0296875 0.0515625
1 0.33203125 0.66875 0.0484375 0.02734375
1 0.02421875 0.71640625 0.0484375 0.06796875
1 0.09921875 0.696875 0.0296875 0.0171875
0 0.60390625 0.634375 0.0140625 0.075
