1 0.4046875 0.6109375 0.32578125 0.35703125
1 0.30390625 0.41328125 0.21171875 0.13828125
1 0.14296875 0.45078125 0.19375 0.13359375
7 0.70390625 0.47578125 0.5796875 0.9515625
0 0.03125 0.3921875 0.0296875 0.09609375
0 0.015625 0.45234375 0.03125 0.2140625
1 0.165625 0.39296875 0.07578125 0.06640625
1 0.10703125 0.37734375 0.03828125 0.02421875
17 0.03203125 0.50234375 0.03984375 0.125
1 0.05078125 0.3828125 0.0296875 0.0453125
10 0.17578125 0.3265625 0.08828125 0.653125
10 0.07109375 0.31328125 0.07421875 0.6265625
