12 0.64453125 0.68984375 0.1578125 0.15
0 0.5421875 0.72578125 0.021875 0.04375
0 0.52578125 0.70546875 0.0171875 0.08125
0 0.56875 0.70625 0.015625 0.07890625
12 0.3875 0.68359375 0.21875 0.14609375
12 0.1671875 0.71953125 0.21875 0.10234375
0 0.53828125 0.68515625 0.0171875 0.04609375
0 0.51015625 0.69375 0.0109375 0.05859375
0 0.50078125 0.70703125 0.0109375 0.08125
0 0.765625 0.71875 0.015625 0.0375
1 0.94296875 0.70703125 0.1109375 0.12265625
0 0.80546875 0.696875 0.0140625 0.08125
0 0.5640625 0.703125 0.015625 0.07734375
0 0.5296875 0.665625 0.00625 0.02265625
10 0.815625 0.509375 0.05 0.45625
10 0.1328125 0.3875 0.034375 0.775
10 0.325 0.38671875 0.025 0.47265625
17 0.00703125 0.753125 0.0140625 0.04765625
