8 0.5 0.5296875 0.228125 0.3453125
0 0.28515625 0.2671875 0.0859375 0.21875
0 0.17421875 0.24453125 0.15625 0.28125
0 0.58125 0.08125 0.14375 0.1625
0 0.5734375 0.06015625 0.184375 0.1203125
0 0.30234375 0.10078125 0.1078125 0.16875
0 0.259375 0.225 0.09375 0.2078125
0 0.9109375 0.0828125 0.12578125 0.165625
0 0.07109375 0.04375 0.1140625 0.08671875
0 0.15625 0.040625 0.09609375 0.08125
0 0.9796875 0.10390625 0.0359375 0.2078125
0 0.065625 0.10078125 0.13125 0.2015625
0 0.55078125 0.04375 0.09375 0.08671875
0 0.6890625 0.0578125 0.08203125 0.11484375
