1 0.24296875 0.51015625 0.0609375 0.07890625
1 0.221875 0.50390625 0.090625 0.0625
1 0.8234375 0.425 0.046875 0.0375
1 0.81484375 0.45546875 0.0421875 0.06015625
7 0.53046875 0.478125 0.5421875 0.47734375
0 0.859375 0.45546875 0.040625 0.08125
0 0.8578125 0.49609375 0.06875 0.09609375
12 0.05859375 0.52734375 0.1171875 0.18359375
0 0.8890625 0.453125 0.025 0.12734375
0 0.92265625 0.421875 0.0296875 0.06015625
0 0.97109375 0.43046875 0.0171875 0.06015625
0 0.98984375 0.45859375 0.0171875 0.14609375
0 0.984375 0.43203125 0.015625 0.08515625
0 0.9515625 0.42734375 0.015625 0.05
0 0.9265625 0.45 0.0125 0.02109375
8 0.86796875 0.50859375 0.0296875 0.0375
8 0.9515625 0.46328125 0.009375 0.02265625
10 0.85 0.21875 0.034375 0.37890625
