1 0.39453125 0.24140625 0.0484375 0.0375
1 0.50390625 0.25 0.1203125 0.10390625
9 0.81640625 0.471875 0.3578125 0.38515625
9 0.521875 0.39921875 0.303125 0.24375
9 0.40390625 0.36796875 0.2140625 0.19765625
9 0.28671875 0.36328125 0.0640625 0.12265625
9 0.2015625 0.31953125 0.128125 0.16484375
9 0.1828125 0.33203125 0.125 0.11015625
1 0.0734375 0.25234375 0.05 0.04609375
1 0.19453125 0.26171875 0.0828125 0.06015625
1 0.3359375 0.23515625 0.06875 0.05
1 0.14921875 0.23984375 0.0296875 0.02890625
12 0.77734375 0.27109375 0.4421875 0.25390625
1 0.96640625 0.253125 0.0640625 0.06015625
1 0.046875 0.246875 0.01875 0.02265625
1 0.19921875 0.23203125 0.0546875 0.03125
9 0.3703125 0.2875 0.084375 0.09140625
10 0.24921875 0.14609375 0.0296875 0.29140625
10 0.08203125 0.15703125 0.0328125 0.31015625
