1 0.221875 0.64375 0.06015625 0.05625
1 0.44296875 0.63203125 0.021875 0.015625
1 0.11328125 0.64921875 0.0703125 0.05078125
1 0.33828125 0.63984375 0.03203125 0.0375
1 0.06328125 0.653125 0.0578125 0.04765625
0 0.6828125 0.62109375 0.01015625 0.0375
1 0.9578125 0.634375 0.07578125 0.075
1 0.16484375 0.64296875 0.06171875 0.053125
1 0.2796875 0.64375 0.06015625 0.05625
1 0.31484375 0.64296875 0.021875 0.04765625
1 0.00625 0.65859375 0.01171875 0.04296875
0 0.62421875 0.63359375 0.015625 0.05078125
1 0.88203125 0.61328125 0.04375 0.0375
0 0.634375 0.64140625 0.01171875 0.0296875
