15 0.2859375 0.940625 0.04921875 0.11796875
10 0.4984375 0.49609375 0.05859375 0.98359375
10 0.353125 0.31875 0.02734375 0.434375
10 0.7328125 0.31953125 0.01953125 0.36875
0 0.046875 0.58125 0.02109375 0.09453125
0 0.07890625 0.56875 0.02265625 0.07109375
0 0.6140625 0.54140625 0.0171875 0.065625
15 0.64375 0.571875 0.009375 0.03359375
1 0.1359375 0.54609375 0.05078125 0.04375
9 0.2484375 0.55078125 0.02265625 0.0359375
12 0.43359375 0.53671875 0.09296875 0.0890625
9 0.9078125 0.54375 0.05078125 0.05703125
9 0.0796875 0.57890625 0.02109375 0.04921875
0 0.24609375 0.5390625 0.0125 0.03671875
7 0.0171875 0.5265625 0.03359375 0.071875
9 0.015625 0.565625 0.01953125 0.03671875
1 0.08125 0.54609375 0.03984375 0.03671875
10 0.20078125 0.4296875 0.01171875 0.22421875
10 0.29296875 0.4765625 0.00859375 0.15390625
6 0.66953125 0.54296875 0.02265625 0.03515625
10 0.634375 0.496875 0.00703125 0.1203125
0 0.9109375 0.53671875 0.01484375 0.06875
0 0.853125 0.5390625 0.021875 0.0703125
9 0.85625 0.5515625 0.03828125 0.05078125
15 0.81484375 0.5734375 0.01171875 0.0390625
0 0.8109375 0.52890625 0.0109375 0.0609375
