12 0.63828125 0.35078125 0.0796875 0.05625
0 0.696875 0.425 0.0421875 0.15703125
0 0.31171875 0.42265625 0.05625 0.14140625
0 0.79609375 0.41328125 0.02421875 0.1015625
0 0.984375 0.40703125 0.02421875 0.10390625
0 0.66171875 0.40234375 0.03203125 0.10703125
1 0.75078125 0.39609375 0.034375 0.03984375
1 0.221875 0.3890625 0.10390625 0.09609375
1 0.246875 0.3828125 0.08984375 0.08828125
12 0.82578125 0.39296875 0.06796875 0.0828125
1 0.35078125 0.39609375 0.06171875 0.06171875
0 0.93203125 0.4015625 0.05234375 0.125
1 0.59765625 0.39296875 0.05625 0.05625
10 0.42890625 0.2203125 0.034375 0.43984375
15 0.4828125 0.4203125 0.01796875 0.0453125
15 0.415625 0.4078125 0.015625 0.04296875
