1 0.82578125 0.6671875 0.06328125 0.0375
1 0.51171875 0.68671875 0.0796875 0.0390625
7 0.6296875 0.678125 0.1421875 0.146875
7 0.76640625 0.62421875 0.0890625 0.0828125
7 0.51015625 0.6109375 0.06796875 0.0625
0 0.70703125 0.8515625 0.11484375 0.20625
0 0.78125 0.85078125 0.09609375 0.2046875
0 0.35390625 0.7515625 0.02578125 0.046875
0 0.2640625 0.79140625 0.046875 0.0953125
0 0.38671875 0.78203125 0.05859375 0.0921875
0 0.11328125 0.75546875 0.02109375 0.0234375
0 0.3046875 0.7421875 0.02109375 0.021875
0 0.1328125 0.80234375 0.0515625 0.1109375
0 0.0609375 0.803125 0.0375 0.0875
0 0.33671875 0.7875 0.0421875 0.1
0 0.15625 0.80078125 0.0234375 0.0828125
0 0.103125 0.8046875 0.065625 0.109375
1 0.79453125 0.6640625 0.0421875 0.03125
1 0.7 0.7 0.02578125 0.04375
1 0.79765625 0.65703125 0.04921875 0.0359375
7 0.5984375 0.596875 0.084375 0.028125
7 0.93359375 0.6859375 0.11015625 0.078125
0 0.26171875 0.74375 0.0421875 0.034375
0 0.253125 0.7671875 0.50625 0.14375
10 0.2125 0.52265625 0.0796875 0.7796875
15 0.846875 0.8078125 0.05390625 0.0625
15 0.92265625 0.8296875 0.0421875 0.059375
