7 0.5 0.5265625 0.696875 0.45625
0 0.2671875 0.5234375 0.04375 0.0828125
0 0.45390625 0.48828125 0.0328125 0.0640625
0 0.575 0.45859375 0.028125 0.046875
1 0.92890625 0.2625 0.0484375 0.04296875
1 0.9734375 0.2890625 0.05 0.053125
0 0.38046875 0.50390625 0.0265625 0.09609375
0 0.71015625 0.421875 0.0296875 0.03828125
0 0.40390625 0.51171875 0.0359375 0.0515625
1 0.97734375 0.38515625 0.0421875 0.07890625
1 0.98984375 0.32421875 0.0171875 0.046875
1 0.56953125 0.17734375 0.0296875 0.02578125
1 0.6328125 0.22734375 0.040625 0.01953125
1 0.640625 0.17890625 0.025 0.0171875
0 0.64453125 0.4390625 0.0359375 0.05546875
0 0.61953125 0.44765625 0.0171875 0.046875
10 0.865625 0.73671875 0.053125 0.4796875
10 0.0875 0.22734375 0.034375 0.45
14 0.0609375 0.55 0.0375 0.08125
