1 0.696875 0.446875 0.403125 0.26484375
7 0.15234375 0.32578125 0.1921875 0.16484375
12 0.534375 0.53828125 0.79375 0.47265625
0 0.01015625 0.40703125 0.0203125 0.07734375
0 0.09375 0.475 0.034375 0.17890625
0 0.89921875 0.38984375 0.0234375 0.08359375
0 0.06953125 0.45390625 0.0359375 0.175
0 0.12421875 0.48359375 0.0359375 0.16640625
0 0.87734375 0.38828125 0.0234375 0.07265625
0 0.925 0.39765625 0.015625 0.07109375
0 0.94765625 0.36796875 0.0109375 0.03515625
0 0.028125 0.46328125 0.04375 0.16875
0 0.04609375 0.46796875 0.0234375 0.15625
0 0.14453125 0.48125 0.0203125 0.1625
1 0.92890625 0.51640625 0.1359375 0.175
0 0.98671875 0.38984375 0.0171875 0.075
0 0.9328125 0.38515625 0.0125 0.0625
0 0.56015625 0.41015625 0.7359375 0.125
10 0.65078125 0.13671875 0.0328125 0.27265625
