15 0.33203125 0.82734375 0.18515625 0.228125
15 0.81328125 0.7796875 0.13828125 0.1578125
15 0.11328125 0.78359375 0.11484375 0.14375
15 0.509375 0.76171875 0.0796875 0.11484375
15 0.71171875 0.58828125 0.0734375 0.10703125
15 0.96484375 0.59453125 0.0546875 0.11328125
15 0.37265625 0.58828125 0.08203125 0.10390625
15 0.15390625 0.58828125 0.07734375 0.1015625
1 0.146875 0.46875 0.27109375 0.15859375
1 0.5265625 0.45234375 0.10859375 0.06484375
1 0.909375 0.4453125 0.1609375 0.071875
10 0.9453125 0.428125 0.02265625 0.128125
15 0.121875 0.19921875 0.16328125 0.20546875
15 0.52265625 0.17890625 0.1265625 0.15546875
15 0.778125 0.16796875 0.11015625 0.13046875
15 0.9578125 0.1578125 0.071875 0.1078125
1 0.76796875 0.0921875 0.45546875 0.1796875
1 0.85078125 0.43828125 0.1390625 0.0578125
1 0.975 0.73125 0.04453125 0.09375
10 0.35234375 0.40234375 0.01640625 0.12890625
