0 0.34765625 0.68515625 0.0234375 0.09140625
0 0.434375 0.38671875 0.009375 0.03984375
1 0.6515625 0.64921875 0.175 0.17265625
1 0.6078125 0.42578125 0.115625 0.06875
1 0.515625 0.54609375 0.11875 0.12109375
1 0.47578125 0.453125 0.0734375 0.08125
1 0.4109375 0.47421875 0.1 0.10234375
1 0.5921875 0.74140625 0.209375 0.19609375
1 0.29765625 0.41796875 0.0421875 0.06015625
1 0.70625 0.565625 0.203125 0.12734375
1 0.55546875 0.54609375 0.4859375 0.12109375
1 0.53359375 0.48046875 0.0984375 0.08125
1 0.8953125 0.56875 0.196875 0.12890625
1 0.2578125 0.46953125 0.05625 0.06875
0 0.221875 0.503125 0.01875 0.07265625
0 0.1984375 0.48125 0.021875 0.07109375
0 0.42890625 0.45234375 0.0046875 0.00390625
0 0.5359375 0.4625 0.01875 0.01640625
0 0.365625 0.396875 0.009375 0.01484375
