12 0.6375 0.77734375 0.4 0.3875
12 0.21484375 0.590625 0.4171875 0.28984375
12 0.60078125 0.38671875 0.2234375 0.10625
12 0.2328125 0.41015625 0.284375 0.125
12 0.90625 0.7 0.18125 0.325
12 0.70546875 0.43125 0.2734375 0.125
1 0.4828125 0.340625 0.184375 0.10234375
1 0.07265625 0.33515625 0.1453125 0.1125
1 0.2609375 0.27265625 0.103125 0.06640625
1 0.34921875 0.30625 0.1453125 0.06640625
1 0.10078125 0.38203125 0.1953125 0.12265625
1 0.32109375 0.27890625 0.1265625 0.07890625
12 0.328125 0.19921875 0.065625 0.06484375
12 0.36171875 0.33203125 0.1421875 0.08515625
