1 0.68125 0.93828125 0.040625 0.10625
7 0.15703125 0.77890625 0.3140625 0.41640625
0 0.63671875 0.90625 0.0765625 0.18359375
1 0.78203125 0.92578125 0.0359375 0.08125
7 0.559375 0.78984375 0.175 0.2875
0 0.7984375 0.91015625 0.0375 0.14609375
7 0.42109375 0.815625 0.2921875 0.36484375
7 0.690625 0.815625 0.125 0.12734375
12 0.790625 0.85546875 0.065625 0.08984375
0 0.728125 0.89765625 0.0625 0.16640625
1 0.6890625 0.88125 0.04375 0.05
12 0.9015625 0.81875 0.19375 0.32890625
10 0.50234375 0.58125 0.0515625 0.46640625
