12 0.47421875 0.590625 0.89609375 0.5859375
0 0.4140625 0.44609375 0.05234375 0.08359375
0 0.54296875 0.44609375 0.05 0.08359375
0 0.62734375 0.44921875 0.0859375 0.08359375
0 0.7421875 0.45078125 0.03984375 0.08046875
0 0.4703125 0.4453125 0.071875 0.08046875
0 0.5796875 0.465625 0.0203125 0.04453125
0 0.78828125 0.45546875 0.03984375 0.059375
0 0.35625 0.4421875 0.03984375 0.0921875
0 0.6953125 0.4671875 0.03828125 0.04765625
0 0.8359375 0.45234375 0.071875 0.1015625
0 0.509375 0.440625 0.02578125 0.1015625
0 0.28203125 0.53125 0.015625 0.04453125
0 0.88671875 0.45859375 0.05390625 0.065625
0 0.50390625 0.4453125 0.84375 0.22890625
10 0.59765625 0.14609375 0.028125 0.29140625
