7 0.8328125 0.61796875 0.33125 0.4734375
7 0.36875 0.58046875 0.14375 0.13125
17 0.65 0.62421875 0.0125 0.03515625
0 0.25390625 0.59609375 0.0109375 0.05859375
0 0.2640625 0.59609375 0.0125 0.06328125
0 0.45390625 0.64609375 0.0296875 0.16875
1 0.1734375 0.528125 0.03125 0.02109375
1 0.21640625 0.5265625 0.0234375 0.0234375
1 0.23984375 0.52578125 0.0234375 0.01640625
1 0.26015625 0.521875 0.0171875 0.01875
1 0.28515625 0.521875 0.0171875 0.0140625
10 0.490625 0.4640625 0.01875 0.3421875
10 0.1078125 0.4625 0.021875 0.33515625
10 0.93125 0.2 0.03125 0.38671875
