16 0.11796875 0.3984375 0.06015625 0.1015625
16 0.2703125 0.39609375 0.05703125 0.103125
16 0.39453125 0.39765625 0.05546875 0.0953125
16 0.546875 0.4015625 0.06015625 0.10859375
16 0.6890625 0.40625 0.06640625 0.1234375
16 0.84609375 0.415625 0.07109375 0.1234375
10 0.9 0.2640625 0.0390625 0.39453125
14 0.14921875 0.30078125 0.02734375 0.07109375
9 0.41953125 0.26953125 0.028125 0.08203125
0 0.4203125 0.25390625 0.0234375 0.07578125
9 0.0671875 0.303125 0.0765625 0.12109375
0 0.0703125 0.2765625 0.03515625 0.12890625
0 0.71796875 0.259375 0.025 0.10390625
14 0.81796875 0.28125 0.0375 0.06484375
10 0.86328125 0.16015625 0.02578125 0.31484375
0 0.125 0.23984375 0.01875 0.0515625
0 0.14296875 0.2390625 0.01640625 0.04609375
0 0.18046875 0.24921875 0.01015625 0.05078125
0 0.2625 0.24296875 0.00703125 0.03515625
1 0.2390625 0.2359375 0.01640625 0.01953125
10 0.67421875 0.246875 0.009375 0.1140625
9 0.55078125 0.265625 0.03984375 0.05
13 0.9671875 0.2609375 0.03203125 0.43046875
