6 0.1921875 0.76171875 0.290625 0.253125
0 0.7203125 0.54921875 0.05625 0.246875
0 0.50625 0.56875 0.046875 0.225
0 0.83359375 0.74453125 0.1640625 0.49375
0 0.02265625 0.6296875 0.0453125 0.26015625
0 0.76484375 0.5296875 0.0359375 0.18984375
0 0.6921875 0.51953125 0.040625 0.2140625
0 0.65703125 0.50234375 0.0390625 0.175
0 0.0203125 0.49375 0.040625 0.10078125
0 0.43046875 0.51953125 0.0484375 0.2140625
0 0.3296875 0.58203125 0.075 0.26875
0 0.1734375 0.6921875 0.10625 0.4625
0 0.15390625 0.5796875 0.0640625 0.3125
0 0.2328125 0.54453125 0.05625 0.2078125
0 0.509375 0.53828125 0.975 0.5046875
