1 0.7125 0.3734375 0.09375 0.08203125
1 0.81015625 0.375 0.0578125 0.0546875
1 0.76796875 0.38359375 0.0359375 0.053125
17 0.78046875 0.6421875 0.0734375 0.2578125
0 0.88125 0.571875 0.15 0.296875
0 0.9140625 0.6171875 0.0875 0.328125
1 0.840625 0.37578125 0.025 0.040625
1 0.96953125 0.36796875 0.0578125 0.071875
0 0.059375 0.41875 0.025 0.0640625
1 0.86328125 0.37421875 0.0390625 0.0375
1 0.8859375 0.3671875 0.034375 0.03125
1 0.93359375 0.3640625 0.0140625 0.021875
1 0.91015625 0.365625 0.0171875 0.03515625
1 0.98828125 0.38984375 0.0203125 0.0375
