14 0.87578125 0.59609375 0.246875 0.73359375
10 0.05078125 0.3984375 0.09921875 0.740625
9 0.76640625 0.11953125 0.07578125 0.21328125
9 0.8796875 0.13125 0.06328125 0.21328125
9 0.94765625 0.1390625 0.06953125 0.221875
9 0.60859375 0.09375 0.07421875 0.18515625
9 0.42265625 0.07421875 0.05859375 0.1484375
9 0.35546875 0.06484375 0.071875 0.1296875
9 0.2671875 0.05078125 0.09765625 0.10078125
0 0.5640625 0.059375 0.03203125 0.11875
9 0.184375 0.04609375 0.0671875 0.09140625
9 0.1265625 0.040625 0.05546875 0.071875
