1 0.1296875 0.346875 0.25234375 0.171875
1 0.33515625 0.3234375 0.16015625 0.1234375
1 0.53125 0.309375 0.0859375 0.07421875
1 0.59765625 0.30078125 0.05234375 0.05625
1 0.6296875 0.2953125 0.0296875 0.05
1 0.675 0.29140625 0.034375 0.04140625
1 0.71484375 0.28671875 0.02421875 0.03203125
10 0.6125 0.2015625 0.00703125 0.13984375
15 0.58515625 0.55546875 0.05859375 0.17890625
15 0.6453125 0.41875 0.03828125 0.13359375
15 0.71640625 0.375 0.0234375 0.0703125
1 0.77109375 0.31640625 0.0625 0.11171875
