9 0.42890625 0.50703125 0.6578125 0.95625
1 0.1328125 0.4265625 0.103125 0.07734375
1 0.2359375 0.31171875 0.021875 0.01875
1 0.0671875 0.44140625 0.134375 0.08125
1 0.04609375 0.39453125 0.0921875 0.05390625
1 0.13828125 0.38125 0.0984375 0.05234375
1 0.2125 0.3171875 0.021875 0.02109375
1 0.18359375 0.32578125 0.0390625 0.03359375
1 0.3015625 0.30078125 0.015625 0.025
1 0.23359375 0.34375 0.0421875 0.03125
1 0.9890625 0.371875 0.01875 0.05
12 0.28828125 0.4015625 0.1546875 0.0859375
12 0.95234375 0.32578125 0.0921875 0.15
1 0.26796875 0.346875 0.0421875 0.025
12 0.90859375 0.3328125 0.1046875 0.10234375
1 0.55703125 0.34375 0.7859375 0.13125
