14 0.28359375 0.63515625 0.24765625 0.559375
1 0.09453125 0.19765625 0.1890625 0.3203125
6 0.7890625 0.1984375 0.08671875 0.1390625
6 0.70625 0.31484375 0.1984375 0.2015625
0 0.59765625 0.12421875 0.01015625 0.03125
9 0.59921875 0.14140625 0.01640625 0.03125
0 0.20078125 0.15 0.01953125 0.10390625
10 0.784375 0.12890625 0.02421875 0.2453125
1 0.65859375 0.14453125 0.078125 0.07421875
1 0.7515625 0.12421875 0.0234375 0.04296875
1 0.7140625 0.121875 0.01015625 0.028125
1 0.7578125 0.115625 0.02734375 0.053125
6 0.8546875 0.15078125 0.0359375 0.03828125
