1 0.68828125 0.509375 0.04375 0.0359375
1 0.64375 0.509375 0.04375 0.03046875
1 0.1796875 0.46875 0.05234375 0.0390625
1 0.2640625 0.48046875 0.06015625 0.0328125
1 0.2203125 0.47109375 0.05234375 0.0390625
1 0.12578125 0.46875 0.04375 0.02734375
1 0.08125 0.465625 0.034375 0.02734375
12 0.8140625 0.5359375 0.0640625 0.05390625
1 0.0609375 0.490625 0.034375 0.0421875
1 0.8546875 0.52734375 0.02578125 0.02421875
1 0.05078125 0.459375 0.02578125 0.01484375
10 0.1671875 0.35859375 0.021875 0.34921875
