0 0.65546875 0.64140625 0.0171875 0.0375
0 0.68046875 0.63671875 0.0109375 0.02265625
1 0.5984375 0.64375 0.065625 0.04140625
1 0.52578125 0.64140625 0.0609375 0.04140625
1 0.68203125 0.52890625 0.0203125 0.02109375
1 0.93125 0.52578125 0.021875 0.02265625
1 0.4734375 0.6375 0.0375 0.02890625
0 0.6015625 0.56484375 0.01875 0.0625
1 0.88125 0.52421875 0.025 0.02734375
1 0.8375 0.528125 0.021875 0.01875
0 0.475 0.45234375 0.021875 0.02890625
12 0.55234375 0.63828125 0.0703125 0.05234375
10 0.90703125 0.49765625 0.0609375 0.9953125
