14 0.30625 0.54609375 0.3703125 0.43359375
6 0.73203125 0.41171875 0.35234375 0.31796875
0 0.91484375 0.17578125 0.02265625 0.046875
0 0.878125 0.1953125 0.03046875 0.09609375
9 0.8109375 0.16640625 0.01796875 0.03203125
10 0.74375 0.16328125 0.009375 0.04921875
10 0.8578125 0.18671875 0.04921875 0.3515625
10 0.5625 0.1546875 0.0109375 0.10234375
9 0.50234375 0.184375 0.03984375 0.05625
0 0.41796875 0.171875 0.0171875 0.059375
0 0.446875 0.171875 0.015625 0.046875
0 0.47421875 0.196875 0.05703125 0.08828125
9 0.46484375 0.221875 0.06484375 0.090625
0 0.2578125 0.1859375 0.0328125 0.08125
10 0.1515625 0.14453125 0.025 0.19296875
6 0.075 0.21484375 0.06640625 0.065625
0 0.05 0.18046875 0.03203125 0.071875
0 0.621875 0.1640625 0.0125 0.04296875
1 0.9859375 0.18828125 0.0265625 0.059375
10 0.75859375 0.09453125 0.02421875 0.18671875
