10 0.1765625 0.18203125 0.0453125 0.36015625
10 0.496875 0.284375 0.01875 0.471875
14 0.35859375 0.33046875 0.12109375 0.271875
9 0.0703125 0.0984375 0.04296875 0.05390625
9 0.8296875 0.2015625 0.09765625 0.178125
9 0.95390625 0.21640625 0.08515625 0.2046875
9 0.71171875 0.1828125 0.08828125 0.1640625
9 0.65703125 0.171875 0.05234375 0.13671875
9 0.60546875 0.15703125 0.05625 0.12578125
14 0.58203125 0.39453125 0.14140625 0.36953125
14 0.4703125 0.3640625 0.11484375 0.3015625
11 0.38359375 0.12734375 0.1 0.14375
1 0.27421875 0.1390625 0.08125 0.11640625
9 0.44375 0.153125 0.0453125 0.11484375
