0 0.71015625 0.68671875 0.0671875 0.36484375
0 0.64453125 0.73046875 0.1078125 0.38515625
0 0.4796875 0.75859375 0.11875 0.39140625
0 0.9375 0.5375 0.053125 0.225
12 0.059375 0.45625 0.11875 0.1375
0 0.41484375 0.77734375 0.0859375 0.35
0 0.30859375 0.56953125 0.0515625 0.16484375
0 0.584375 0.73671875 0.075 0.38125
0 0.2171875 0.58046875 0.03125 0.15234375
0 0.571875 0.47734375 0.01875 0.02890625
0 0.8953125 0.53203125 0.04375 0.20234375
0 0.77890625 0.68125 0.0828125 0.35
0 0.97890625 0.571875 0.0390625 0.24375
12 0.046875 0.65703125 0.09375 0.26015625
0 0.115625 0.65 0.090625 0.2125
0 0.55234375 0.51484375 0.8859375 0.25390625
