1 0.84375 0.36328125 0.3015625 0.1421875
1 0.72109375 0.321875 0.13046875 0.1203125
17 0.2703125 0.715625 0.3171875 0.46796875
0 0.29609375 0.31875 0.04296875 0.08984375
0 0.246875 0.29375 0.0296875 0.04375
0 0.22109375 0.321875 0.04765625 0.11171875
0 0.0296875 0.3359375 0.05859375 0.17578125
0 0.3625 0.29765625 0.03203125 0.06015625
0 0.2703125 0.2953125 0.02421875 0.0421875
0 0.32265625 0.30703125 0.03203125 0.09765625
0 0.19609375 0.31796875 0.03984375 0.09609375
0 0.08125 0.32578125 0.05078125 0.1203125
