6 0.1796875 0.7328125 0.2 0.203125
1 0.584375 0.69140625 0.134375 0.18671875
1 0.765625 0.6609375 0.153125 0.14921875
1 0.67109375 0.64609375 0.0703125 0.11484375
1 0.4046875 0.5890625 0.025 0.0421875
1 0.32109375 0.55859375 0.0109375 0.01875
7 0.52734375 0.578125 0.2296875 0.315625
0 0.16953125 0.67265625 0.0703125 0.22890625
0 0.253125 0.56875 0.00625 0.02578125
0 0.37734375 0.57578125 0.0078125 0.03046875
0 0.746875 0.62265625 0.021875 0.03515625
6 0.26328125 0.56796875 0.0046875 0.0140625
6 0.19609375 0.67421875 0.0515625 0.07265625
10 0.3453125 0.3828125 0.053125 0.765625
10 0.31171875 0.42734375 0.0328125 0.5609375
10 0.7109375 0.28984375 0.028125 0.5796875
