6 0.746875 0.52734375 0.125 0.3
6 0.81796875 0.38359375 0.0859375 0.125
6 0.45546875 0.30859375 0.0234375 0.04140625
1 0.52890625 0.31015625 0.1015625 0.06640625
1 0.13828125 0.27578125 0.0484375 0.04765625
1 0.525 0.303125 0.1125 0.05625
0 0.665625 0.421875 0.234375 0.79375
0 0.45625 0.72265625 0.2 0.35859375
0 0.153125 0.29765625 0.15625 0.35
0 0.94765625 0.6875 0.1015625 0.60859375
0 0.815625 0.3375 0.071875 0.20859375
0 0.92734375 0.28359375 0.0859375 0.125
0 0.02578125 0.25078125 0.0203125 0.06015625
0 0.41328125 0.259375 0.0171875 0.02734375
6 0.14609375 0.40234375 0.2328125 0.24140625
6 0.90625 0.40546875 0.046875 0.15234375
6 0.025 0.27734375 0.00625 0.03359375
6 0.428125 0.3 0.021875 0.02890625
1 0.05546875 0.27109375 0.0328125 0.03359375
1 0.8984375 0.32109375 0.03125 0.03359375
0 0.25390625 0.27578125 0.0140625 0.06015625
0 0.2671875 0.27578125 0.0125 0.05625
