0 0.60234375 0.40546875 0.3625 0.5265625
0 0.35546875 0.5296875 0.21875 0.378125
0 0.046875 0.10546875 0.01484375 0.0203125
1 0.74140625 0.24140625 0.05859375 0.0234375
1 0.88828125 0.225 0.04375 0.01875
12 0.771875 0.28671875 0.08984375 0.0859375
12 0.85546875 0.21953125 0.04375 0.0234375
0 0.146875 0.24140625 0.05625 0.1078125
1 0.97890625 0.23359375 0.0375 0.0234375
1 0.80625 0.21640625 0.0375 0.0171875
1 0.765625 0.21328125 0.02734375 0.0171875
0 0.378125 0.18203125 0.01484375 0.0140625
1 0.82421875 0.2203125 0.02734375 0.015625
1 0.934375 0.228125 0.05234375 0.021875
1 0.746875 0.2125 0.02265625 0.015625
1 0.68828125 0.209375 0.03125 0.015625
