15 0.125 0.66640625 0.13671875 0.3203125
15 0.2515625 0.6125 0.11328125 0.28203125
15 0.3421875 0.5640625 0.1046875 0.2546875
15 0.4203125 0.528125 0.08359375 0.2265625
15 0.47734375 0.4921875 0.06796875 0.20859375
15 0.54140625 0.47578125 0.06640625 0.19140625
15 0.578125 0.44609375 0.05 0.178125
15 0.61953125 0.434375 0.0546875 0.16796875
15 0.871875 0.353125 0.06015625 0.1203125
15 0.66328125 0.4171875 0.053125 0.15859375
15 0.690625 0.40546875 0.04140625 0.1515625
15 0.72109375 0.38984375 0.0453125 0.13671875
15 0.753125 0.37578125 0.03671875 0.13515625
15 0.77578125 0.3703125 0.03203125 0.1296875
15 0.7953125 0.359375 0.0234375 0.11796875
1 0.61328125 0.22578125 0.13359375 0.1015625
