6 0.31015625 0.7015625 0.2203125 0.47890625
1 0.34453125 0.4390625 0.2109375 0.1890625
1 0.68046875 0.39375 0.2359375 0.17890625
0 0.50390625 0.525 0.1390625 0.6109375
0 0.6734375 0.5921875 0.228125 0.7875
0 0.225 0.59921875 0.115625 0.4484375
0 0.10234375 0.5234375 0.1546875 0.60390625
0 0.84375 0.58984375 0.134375 0.67890625
0 0.9125 0.6 0.171875 0.76640625
0 0.01640625 0.359375 0.0328125 0.115625
0 0.978125 0.3140625 0.040625 0.2078125
0 0.803125 0.39140625 0.0625 0.2125
0 0.7078125 0.571875 0.115625 0.52578125
6 0.0265625 0.403125 0.053125 0.05625
1 0.04140625 0.5515625 0.0828125 0.240625
10 0.45625 0.16484375 0.025 0.32578125
