0 0.61328125 0.6296875 0.1484375 0.659375
0 0.74609375 0.6484375 0.1359375 0.6640625
0 0.91796875 0.2421875 0.0265625 0.1359375
0 0.83984375 0.21953125 0.0265625 0.0859375
0 0.94609375 0.24140625 0.0328125 0.11640625
0 0.871875 0.2390625 0.03125 0.1203125
0 0.696875 0.20078125 0.021875 0.034375
0 0.834375 0.10703125 0.021875 0.040625
17 0.1328125 0.31875 0.028125 0.08203125
0 0.109375 0.28359375 0.046875 0.209375
0 0.74375 0.19296875 0.0375 0.0671875
10 0.23125 0.17890625 0.025 0.34921875
10 0.734375 0.1109375 0.028125 0.21796875
