9 0.6265625 0.65859375 0.03125 0.04609375
7 0.91484375 0.640625 0.1671875 0.37734375
9 0.79609375 0.66484375 0.0359375 0.05390625
9 0.08203125 0.88046875 0.1609375 0.21015625
9 0.590625 0.65703125 0.04375 0.05625
0 0.278125 0.65625 0.01875 0.12109375
0 0.55390625 0.61171875 0.0078125 0.01015625
0 0.2671875 0.67109375 0.05625 0.12109375
0 0.33359375 0.65078125 0.0296875 0.13125
0 0.75859375 0.65625 0.0234375 0.09140625
0 0.37734375 0.63046875 0.0203125 0.07265625
0 0.78046875 0.64609375 0.0203125 0.06640625
0 0.35625 0.63515625 0.025 0.12109375
0 0.5859375 0.64296875 0.03125 0.06015625
0 0.18046875 0.65546875 0.0421875 0.11015625
0 0.62578125 0.63359375 0.0171875 0.05
12 0.0265625 0.58203125 0.053125 0.26015625
12 0.084375 0.596875 0.08125 0.14765625
9 0.8359375 0.68203125 0.009375 0.02734375
0 0.3265625 0.621875 0.025 0.05625
12 0.215625 0.615625 0.059375 0.05234375
0 0.68046875 0.66484375 0.0234375 0.09140625
0 0.484375 0.59453125 0.490625 0.26875
