1 0.8390625 0.5390625 0.26875 0.19453125
1 0.63046875 0.49296875 0.0484375 0.03046875
0 0.54375 0.51640625 0.015625 0.0609375
0 0.56796875 0.5 0.0140625 0.06640625
0 0.46328125 0.4859375 0.0078125 0.03359375
0 0.628125 0.515625 0.015625 0.06953125
0 0.45234375 0.50859375 0.0109375 0.0609375
12 0.165625 0.478125 0.053125 0.0390625
0 0.4875 0.4875 0.009375 0.0359375
0 0.47578125 0.4875 0.0046875 0.03046875
0 0.47109375 0.4859375 0.0046875 0.0390625
0 0.65546875 0.4875 0.0078125 0.03046875
12 0.84375 0.546875 0.26875 0.1890625
0 0.4140625 0.4859375 0.009375 0.04453125
1 0.09765625 0.4765625 0.0296875 0.053125
0 0.4828125 0.4875 0.00625 0.0359375
10 0.7828125 0.51953125 0.025 0.39453125
10 0.09609375 0.5234375 0.0265625 0.353125
10 0.2671875 0.4375 0.015625 0.203125
