1 0.2796875 0.8796875 0.215625 0.228125
1 0.91875 0.86796875 0.15 0.20390625
1 0.371875 0.78203125 0.02421875 0.075
1 0.4203125 0.75546875 0.02421875 0.05078125
0 0.071875 0.85859375 0.04375 0.221875
0 0.61484375 0.79296875 0.0296875 0.15
0 0.30625 0.87421875 0.09609375 0.24609375
0 0.76171875 0.7703125 0.028125 0.06875
0 0.12265625 0.86328125 0.05390625 0.24921875
0 0.64921875 0.8046875 0.04609375 0.15625
0 0.559375 0.7609375 0.0296875 0.075
0 0.528125 0.75859375 0.03203125 0.06328125
1 0.7046875 0.7765625 0.065625 0.1109375
12 0.67578125 0.75546875 0.06796875 0.1109375
0 0.478125 0.7390625 0.0078125 0.02421875
1 0.378125 0.775 0.03203125 0.071875
1 0.265625 0.83203125 0.5 0.21015625
1 0.41015625 0.759375 0.02421875 0.0421875
1 0.425 0.75078125 0.021875 0.0421875
1 0.4 0.7625 0.028125 0.0484375
1 0.36328125 0.7328125 0.021875 0.01171875
0 0.34921875 0.76875 0.034375 0.05390625
1 0.6171875 0.7671875 0.04609375 0.06875
0 0.59296875 0.75546875 0.0140625 0.05703125
0 0.45390625 0.51171875 0.70390625 0.765625
