9 0.39375 0.55859375 0.009375 0.0125
7 0.6078125 0.68359375 0.05625 0.075
7 0.20078125 0.39921875 0.0578125 0.06484375
9 0.36328125 0.57734375 0.0046875 0.0125
7 0.309375 0.19375 0.034375 0.0375
0 0.3625 0.56875 0.009375 0.02109375
0 0.39296875 0.54453125 0.0078125 0.01484375
0 0.64765625 0.71484375 0.0109375 0.0125
0 0.875 0.68671875 0.009375 0.01015625
0 0.7875 0.9 0.0125 0.02109375
0 0.31484375 0.61875 0.0109375 0.02890625
0 0.6734375 0.77578125 0.009375 0.01484375
1 0.69296875 0.90859375 0.0265625 0.04140625
1 0.8328125 0.61796875 0.046875 0.02734375
7 0.62265625 0.63046875 0.0546875 0.07734375
0 0.14453125 0.18203125 0.0078125 0.01875
1 0.7046875 0.80703125 0.028125 0.03515625
1 0.68359375 0.75 0.0265625 0.03359375
1 0.66796875 0.71015625 0.0265625 0.0375
1 0.684375 0.68125 0.021875 0.03359375
1 0.65390625 0.846875 0.0234375 0.03125
1 0.653125 0.88515625 0.03125 0.03359375
1 0.50078125 0.496875 0.0234375 0.02734375
1 0.51484375 0.51171875 0.0265625 0.03125
1 0.54296875 0.49453125 0.0234375 0.03125
1 0.56015625 0.51328125 0.0234375 0.02734375
9 0.6734375 0.78984375 0.009375 0.02109375
9 0.7859375 0.91328125 0.0125 0.02265625
9 0.68046875 0.825 0.0109375 0.02109375
9 0.87421875 0.70078125 0.0109375 0.02265625
9 0.646875 0.72421875 0.015625 0.02265625
9 0.70078125 0.67265625 0.0078125 0.01640625
9 0.14296875 0.1875 0.0078125 0.0125
9 0.28125 0.19140625 0.003125 0.00859375
9 0.346875 0.115625 0.00625 0.01484375
7 0.54296875 0.578125 0.0390625 0.06875
12 0.44765625 0.64921875 0.0265625 0.03125
0 0.57734375 0.46171875 0.0046875 0.02734375
1 0.69765625 0.78203125 0.0296875 0.03515625
0 0.70078125 0.659375 0.0078125 0.01484375
1 0.54609375 0.49921875 0.8890625 0.99375
