1 0.8015625 0.33359375 0.071875 0.05390625
1 0.7046875 0.32734375 0.065625 0.04609375
1 0.6203125 0.315625 0.071875 0.04765625
1 0.3015625 0.28828125 0.01875 0.02734375
1 0.34296875 0.29140625 0.0328125 0.025
1 0.41015625 0.3 0.0453125 0.02890625
1 0.46484375 0.30390625 0.0546875 0.03359375
0 0.23515625 0.64453125 0.4703125 0.70625
1 0.58125 0.315625 0.053125 0.03984375
1 0.65859375 0.32265625 0.0671875 0.04609375
1 0.746875 0.33046875 0.06875 0.04765625
1 0.55 0.31328125 0.059375 0.03984375
1 0.37265625 0.29453125 0.0484375 0.02734375
1 0.9359375 0.33828125 0.075 0.05234375
1 0.4984375 0.30625 0.996875 0.11640625
