12 0.7859375 0.36484375 0.16875 0.2875
1 0.94375 0.46484375 0.109375 0.17109375
1 0.61953125 0.42578125 0.1015625 0.08515625
1 0.88359375 0.44609375 0.0515625 0.1
1 0.42109375 0.425 0.0703125 0.05
1 0.3875 0.41796875 0.04375 0.03984375
1 0.309375 0.42265625 0.075 0.05
0 0.6875 0.4375 0.0375 0.22109375
1 0.146875 0.4375 0.115625 0.09609375
1 0.24140625 0.42265625 0.0671875 0.04609375
1 0.909375 0.44375 0.0625 0.12109375
1 0.05 0.44296875 0.1 0.11015625
1 0.35625 0.421875 0.059375 0.04375
1 0.54453125 0.41875 0.0390625 0.03359375
1 0.87890625 0.415625 0.0421875 0.03984375
1 0.7890625 0.41171875 0.3125 0.48984375
