0 0.528125 0.940625 0.02734375 0.05
0 0.55703125 0.94140625 0.02734375 0.0484375
0 0.5125 0.94375 0.01640625 0.04375
12 0.53515625 0.8578125 0.08359375 0.071875
1 0.48984375 0.90625 0.06640625 0.0375
1 0.16953125 0.90546875 0.16484375 0.1078125
1 0.4125 0.94296875 0.075 0.0578125
1 0.32734375 0.92890625 0.1 0.0859375
1 0.44765625 0.94453125 0.02890625 0.0515625
0 0.38515625 0.90625 0.02109375 0.01875
1 0.62890625 0.82734375 0.0375 0.0328125
1 0.115625 0.9171875 0.11484375 0.08125
1 0.496875 0.88828125 0.07265625 0.0359375
0 0.96875 0.8859375 0.05390625 0.221875
0 0.453125 0.8640625 0.01875 0.0375
1 0.03828125 0.90078125 0.0765625 0.1171875
1 0.59921875 0.85 0.04765625 0.028125
10 0.73046875 0.63671875 0.10234375 0.6703125
10 0.74296875 0.71953125 0.07734375 0.5265625
