6 0.9078125 0.82109375 0.05625 0.1375
1 0.45859375 0.72109375 0.0703125 0.09140625
1 0.50234375 0.71015625 0.0796875 0.0984375
1 0.8953125 0.7265625 0.06875 0.0890625
1 0.56484375 0.6796875 0.0578125 0.0328125
0 0.26796875 0.69765625 0.0234375 0.11484375
0 0.275 0.67890625 0.01875 0.09140625
0 0.5640625 0.72578125 0.04375 0.10078125
0 0.1734375 0.83515625 0.059375 0.325
0 0.29609375 0.68671875 0.0140625 0.0796875
0 0.121875 0.70546875 0.05 0.16328125
17 0.56171875 0.80625 0.0203125 0.05625
17 0.44765625 0.834375 0.0296875 0.15390625
0 0.86953125 0.6375 0.0140625 0.0328125
1 0.62890625 0.67734375 0.0296875 0.0234375
1 0.90234375 0.690625 0.0578125 0.05859375
12 0.36875 0.7234375 0.11875 0.12421875
10 0.3828125 0.48984375 0.059375 0.97421875
10 0.85390625 0.58984375 0.0390625 0.815625
14 0.490625 0.87421875 0.08125 0.16328125
