1 0.30234375 0.50546875 0.0609375 0.1125
7 0.4671875 0.45703125 0.26875 0.58046875
0 0.95078125 0.61953125 0.0546875 0.26953125
0 0.7640625 0.59140625 0.040625 0.19453125
0 0.87890625 0.5703125 0.0390625 0.16171875
0 0.90703125 0.621875 0.0390625 0.23671875
1 0.24453125 0.4484375 0.0515625 0.05390625
1 0.3 0.38515625 0.03125 0.03515625
7 0.13515625 0.43671875 0.1421875 0.26953125
0 0.671875 0.59453125 0.0375 0.2296875
0 0.7328125 0.59140625 0.04375 0.22265625
0 0.6390625 0.57578125 0.03125 0.2109375
0 0.7046875 0.57265625 0.040625 0.22734375
0 0.834375 0.52421875 0.025 0.075
0 0.8625 0.584375 0.03125 0.18515625
0 0.0140625 0.64296875 0.028125 0.28359375
0 0.046875 0.49765625 0.01875 0.08671875
0 0.61875 0.53984375 0.034375 0.16171875
1 0.28828125 0.37265625 0.0203125 0.0375
1 0.61015625 0.4109375 0.0484375 0.05859375
1 0.22890625 0.55 0.1140625 0.1546875
0 0.40390625 0.5546875 0.8078125 0.28125
10 0.16796875 0.559375 0.0390625 0.4921875
10 0.02578125 0.4859375 0.0453125 0.68125
10 0.81328125 0.56796875 0.0421875 0.33984375
