6 0.64765625 0.70234375 0.06015625 0.0359375
1 0.67265625 0.62734375 0.16484375 0.075
1 0.28984375 0.37109375 0.04765625 0.0296875
1 0.44921875 0.38984375 0.065625 0.03125
1 0.175 0.3453125 0.0359375 0.02421875
1 0.446875 0.34609375 0.040625 0.01953125
1 0.6359375 0.4140625 0.08828125 0.03125
7 0.25 0.53359375 0.28125 0.19140625
7 0.80703125 0.40625 0.1859375 0.08671875
0 0.44453125 0.8421875 0.0296875 0.08984375
0 0.478125 0.81171875 0.02421875 0.08828125
6 0.59296875 0.58125 0.05234375 0.034375
0 0.60390625 0.55078125 0.01796875 0.0328125
0 0.58125 0.3515625 0.0078125 0.01953125
0 0.45859375 0.72265625 0.02109375 0.0703125
0 0.4890625 0.72890625 0.04375 0.08203125
0 0.440625 0.77578125 0.02421875 0.065625
0 0.43671875 0.71015625 0.02421875 0.0765625
0 0.35 0.853125 0.0296875 0.1078125
0 0.65234375 0.684375 0.0359375 0.06875
0 0.49453125 0.57421875 0.01796875 0.05390625
1 0.48203125 0.3859375 0.05859375 0.0328125
1 0.21484375 0.36015625 0.05078125 0.028125
1 0.0671875 0.36875 0.04609375 0.02109375
12 0.15 0.409375 0.04921875 0.06015625
6 0.62734375 0.57578125 0.04609375 0.034375
1 0.3140625 0.36796875 0.0390625 0.0296875
1 0.371875 0.38125 0.0640625 0.03125
0 0.940625 0.90234375 0.02421875 0.04609375
0 0.5171875 0.5765625 0.02109375 0.04921875
1 0.94921875 0.44140625 0.02265625 0.05234375
1 0.38046875 0.3421875 0.47421875 0.178125
