1 0.315625 0.8859375 0.075 0.06328125
1 0.51953125 0.89140625 0.0796875 0.084375
0 0.18203125 0.846875 0.0109375 0.0328125
0 0.171875 0.8484375 0.0125 0.03046875
0 0.359375 0.8515625 0.0125 0.0375
0 0.84921875 0.84140625 0.0109375 0.02578125
1 0.61953125 0.91796875 0.0984375 0.10859375
1 0.43984375 0.9234375 0.1265625 0.1390625
1 0.11015625 0.934375 0.2203125 0.12734375
1 0.26796875 0.88671875 0.0609375 0.0703125
1 0.4703125 0.8421875 0.046875 0.0375
1 0.4015625 0.8859375 0.06875 0.09140625
1 0.56328125 0.87421875 0.0328125 0.06328125
1 0.22890625 0.93203125 0.2171875 0.13203125
1 0.22578125 0.8515625 0.0609375 0.046875
7 0.60703125 0.8140625 0.0640625 0.09375
0 0.103125 0.83671875 0.015625 0.02578125
0 0.1359375 0.83671875 0.0125 0.02109375
0 0.146875 0.828125 0.0125 0.0328125
0 0.16796875 0.83515625 0.0140625 0.0375
0 0.34453125 0.8390625 0.0171875 0.03984375
1 0.32734375 0.94921875 0.1109375 0.09609375
