1 0.07421875 0.76015625 0.1484375 0.45078125
1 0.90703125 0.753125 0.1015625 0.08671875
12 0.26640625 0.871875 0.2890625 0.246875
12 0.8125 0.76171875 0.2375 0.184375
1 0.3734375 0.6890625 0.040625 0.0359375
1 0.36796875 0.7078125 0.0359375 0.04765625
1 0.225 0.721875 0.06875 0.053125
1 0.73828125 0.7046875 0.0296875 0.02890625
12 0.90625 0.75390625 0.10625 0.103125
12 0.9703125 0.7578125 0.05 0.071875
1 0.9453125 0.7046875 0.028125 0.03359375
1 0.71328125 0.6921875 0.0140625 0.01640625
10 0.559375 0.53515625 0.028125 0.4703125
10 0.44765625 0.49296875 0.0234375 0.3765625
