12 0.96640625 0.37734375 0.0296875 0.01875
1 0.94140625 0.38046875 0.0296875 0.01171875
1 0.7640625 0.415625 0.0375 0.03515625
0 0.4390625 0.6453125 0.5375 0.7046875
0 0.89296875 0.6828125 0.2109375 0.6296875
0 0.94921875 0.4578125 0.0359375 0.05390625
0 0.70546875 0.4859375 0.0890625 0.24140625
0 0.790625 0.6453125 0.146875 0.48984375
0 0.640625 0.54296875 0.084375 0.2578125
0 0.84453125 0.3734375 0.0453125 0.08203125
0 0.80234375 0.39375 0.0390625 0.0703125
0 0.403125 0.50234375 0.040625 0.10546875
0 0.3640625 0.49921875 0.040625 0.1125
0 0.715625 0.73203125 0.0875 0.521875
1 0.68203125 0.4015625 0.0171875 0.02578125
1 0.77734375 0.39375 0.0203125 0.01875
0 0.98203125 0.4453125 0.0328125 0.1171875
0 0.36328125 0.596875 0.2234375 0.196875
1 0.81953125 0.3890625 0.0109375 0.0140625
1 0.7390625 0.396875 0.021875 0.01171875
1 0.75625 0.396875 0.015625 0.01171875
1 0.63203125 0.40625 0.0359375 0.02109375
1 0.58828125 0.4078125 0.0109375 0.028125
0 0.6421875 0.5609375 0.690625 0.39140625
