12 0.6015625 0.625 0.6625 0.3546875
0 0.659375 0.5171875 0.04375 0.0546875
0 0.76796875 0.5390625 0.0484375 0.125
0 0.83984375 0.57421875 0.0359375 0.1578125
0 0.21484375 0.6578125 0.0515625 0.1765625
0 0.04453125 0.6609375 0.0421875 0.203125
0 0.2609375 0.66328125 0.028125 0.1578125
0 0.17890625 0.66640625 0.0265625 0.14765625
0 0.10234375 0.65625 0.0453125 0.19765625
0 0.73515625 0.53984375 0.0265625 0.0703125
0 0.69375 0.5515625 0.046875 0.0703125
0 0.2859375 0.659375 0.0375 0.16484375
0 0.809375 0.5734375 0.046875 0.1859375
1 0.1 0.66015625 0.1875 0.17421875
0 0.20078125 0.659375 0.0359375 0.16875
