16 0.38515625 0.42578125 0.07265625 0.15078125
16 0.33046875 0.3546875 0.05859375 0.121875
0 0.246875 0.19375 0.03828125 0.18671875
0 0.0953125 0.21875 0.0296875 0.2046875
0 0.1359375 0.20859375 0.0578125 0.21953125
0 0.86640625 0.16875 0.04765625 0.1453125
0 0.3859375 0.19609375 0.03515625 0.19453125
0 0.54296875 0.14453125 0.0375 0.07109375
0 0.978125 0.18203125 0.0421875 0.140625
9 0.86484375 0.22109375 0.06015625 0.11796875
9 0.5421875 0.18828125 0.04140625 0.11640625
0 0.671875 0.13671875 0.03359375 0.096875
