1 0.66328125 0.5859375 0.0640625 0.0765625
1 0.5046875 0.56953125 0.0375 0.04375
1 0.63125 0.57734375 0.028125 0.06484375
1 0.43984375 0.57109375 0.0296875 0.0328125
1 0.421875 0.57734375 0.015625 0.05078125
12 0.3828125 0.56875 0.071875 0.09765625
0 0.55078125 0.56171875 0.0109375 0.0328125
0 0.28671875 0.56875 0.0203125 0.04140625
0 0.20859375 0.559375 0.0140625 0.04609375
0 0.4984375 0.5578125 0.00625 0.00703125
1 0.45625 0.5625 0.01875 0.02578125
1 0.56953125 0.5625 0.0109375 0.03046875
1 0.4734375 0.559375 0.01875 0.028125
1 0.4859375 0.56171875 0.009375 0.0234375
