1 0.47265625 0.675 0.0546875 0.06640625
1 0.5578125 0.6640625 0.053125 0.05546875
12 0.70390625 0.646875 0.1140625 0.2
12 0.39140625 0.6390625 0.0765625 0.1890625
0 0.11328125 0.73046875 0.0515625 0.26640625
0 0.54921875 0.671875 0.0140625 0.071875
0 0.33984375 0.67109375 0.0140625 0.0640625
1 0.51875 0.65546875 0.025 0.04453125
0 0.91640625 0.615625 0.0140625 0.04140625
0 0.55546875 0.68203125 0.0078125 0.05859375
1 0.559375 0.65390625 0.0125 0.03046875
0 0.6234375 0.68203125 0.009375 0.03046875
0 0.5640625 0.6734375 0.0125 0.075
0 0.5265625 0.6734375 0.025 0.0640625
0 0.72265625 0.69609375 0.0234375 0.103125
10 0.26640625 0.6515625 0.0171875 0.26953125
15 0.85546875 0.78359375 0.0234375 0.0890625
15 0.9734375 0.7984375 0.03125 0.0859375
