6 0.84765625 0.75625 0.05234375 0.0421875
1 0.2203125 0.76640625 0.09609375 0.0453125
0 0.6828125 0.73515625 0.134375 0.35546875
0 0.6109375 0.75 0.05 0.175
1 0.80703125 0.73515625 0.065625 0.0421875
0 0.134375 0.76015625 0.0203125 0.0875
0 0.84765625 0.73046875 0.028125 0.06953125
0 0.86171875 0.72109375 0.015625 0.0453125
0 0.9453125 0.72734375 0.021875 0.06328125
0 0.98671875 0.72578125 0.01796875 0.07265625
0 0.37734375 0.75 0.01015625 0.03046875
0 0.01171875 0.840625 0.0234375 0.078125
6 0.946875 0.74375 0.05 0.0484375
6 0.78515625 0.90078125 0.19375 0.15078125
1 0.484375 0.7515625 0.04375 0.02109375
1 0.14765625 0.76796875 0.06796875 0.0421875
1 0.38828125 0.7578125 0.01171875 0.02109375
10 0.315625 0.68671875 0.015625 0.19296875
