1 0.90703125 0.55859375 0.0484375 0.2125
7 0.61328125 0.41875 0.6234375 0.79140625
0 0.2046875 0.50703125 0.025 0.11875
0 0.12421875 0.54296875 0.0453125 0.20625
0 0.053125 0.54296875 0.03125 0.17734375
0 0.01953125 0.54609375 0.0390625 0.17109375
0 0.16328125 0.59140625 0.0734375 0.27109375
0 0.22890625 0.45 0.0171875 0.02109375
0 0.94765625 0.48359375 0.0265625 0.10390625
0 0.25 0.56015625 0.040625 0.175
0 0.08203125 0.49375 0.0203125 0.05390625
0 0.29453125 0.55078125 0.0234375 0.18984375
0 0.93125 0.484375 0.01875 0.10234375
0 0.94375 0.49140625 0.109375 0.1625
0 0.2875 0.57109375 0.01875 0.13359375
1 0.03984375 0.428125 0.0453125 0.03125
0 0.50390625 0.38828125 0.9859375 0.49375
9 0.065625 0.825 0.13125 0.27890625
