1 0.2609375 0.73125 0.10625 0.08359375
0 0.37265625 0.74765625 0.1078125 0.45625
0 0.6859375 0.70625 0.025 0.09921875
0 0.73125 0.70078125 0.034375 0.11875
1 0.16796875 0.70234375 0.0734375 0.03046875
12 0.47890625 0.69921875 0.0421875 0.0546875
12 0.20859375 0.70234375 0.0453125 0.0484375
6 0.34453125 0.8546875 0.2078125 0.28671875
1 0.115625 0.70390625 0.071875 0.0328125
1 0.44921875 0.70390625 0.0203125 0.01953125
1 0.425 0.71171875 0.03125 0.0265625
1 0.07109375 0.70078125 0.0578125 0.03515625
12 0.07109375 0.71171875 0.0609375 0.05703125
