0 0.221875 0.47421875 0.05703125 0.16171875
0 0.26640625 0.4671875 0.06484375 0.16484375
0 0.43671875 0.453125 0.034375 0.1625
0 0.46796875 0.45703125 0.02734375 0.14765625
0 0.5578125 0.459375 0.04921875 0.17109375
14 0.6125 0.51328125 0.08828125 0.1265625
0 0.68828125 0.41484375 0.0578125 0.18046875
0 0.92734375 0.47421875 0.05234375 0.209375
1 0.05078125 0.50390625 0.096875 0.228125
10 0.39296875 0.42421875 0.01171875 0.2375
0 0.53203125 0.403125 0.01796875 0.09140625
9 0.35546875 0.43828125 0.084375 0.0921875
0 0.27109375 0.3921875 0.02890625 0.0515625
0 0.040625 0.40234375 0.02734375 0.04140625
0 0.97734375 0.48203125 0.04375 0.21640625
