14 0.553125 0.61953125 0.13515625 0.36796875
10 0.6421875 0.4203125 0.08359375 0.8203125
10 0.46953125 0.4171875 0.0578125 0.8296875
0 0.1953125 0.35078125 0.01796875 0.09453125
9 0.40390625 0.35625 0.07109375 0.07890625
9 0.50078125 0.3484375 0.040625 0.0703125
0 0.5734375 0.35859375 0.021875 0.09296875
0 0.70234375 0.34765625 0.01484375 0.06328125
0 0.83359375 0.371875 0.04296875 0.1046875
0 0.7890625 0.33125 0.009375 0.0375
17 0.24765625 0.39296875 0.01796875 0.03984375
1 0.0953125 0.38671875 0.190625 0.1859375
11 0.534375 0.33828125 0.059375 0.078125
9 0.915625 0.3375 0.0125 0.02265625
1 0.97109375 0.325 0.02421875 0.0296875
9 0.95234375 0.33046875 0.0078125 0.01640625
0 0.94140625 0.32578125 0.00703125 0.025
0 0.90546875 0.328125 0.00703125 0.02734375
0 0.840625 0.325 0.00703125 0.03125
0 0.8234375 0.3265625 0.0046875 0.028125
