14 0.94296875 0.396875 0.059375 0.1234375
0 0.78125 0.35625 0.03671875 0.16796875
13 0.77109375 0.41484375 0.01640625 0.08984375
13 0.73828125 0.41640625 0.01328125 0.08515625
13 0.7078125 0.4171875 0.015625 0.08203125
13 0.678125 0.396875 0.0140625 0.053125
0 0.71171875 0.35546875 0.0375 0.1453125
0 0.753125 0.3640625 0.0234375 0.13671875
1 0.696875 0.31171875 0.0578125 0.03359375
10 0.5203125 0.159375 0.01640625 0.296875
13 0.40546875 0.42265625 0.01171875 0.075
13 0.365625 0.42265625 0.01328125 0.0765625
13 0.3265625 0.4234375 0.01328125 0.07265625
13 0.28828125 0.42421875 0.0140625 0.075
13 0.2515625 0.42578125 0.0140625 0.075
13 0.2109375 0.425 0.01484375 0.075
0 0.35625 0.35703125 0.02109375 0.04765625
1 0.01875 0.3484375 0.0328125 0.03828125
0 0.06484375 0.35 0.02109375 0.0484375
0 0.078125 0.35703125 0.01953125 0.02890625
0 0.11171875 0.35625 0.0203125 0.02578125
7 0.6109375 0.2828125 0.065625 0.03515625
0 0.5921875 0.32109375 0.0109375 0.03046875
7 0.7625 0.26953125 0.053125 0.0359375
0 0.83515625 0.325 0.0140625 0.046875
0 0.85703125 0.3203125 0.01875 0.0390625
0 0.9140625 0.309375 0.0140625 0.0421875
