10 0.834375 0.4234375 0.1171875 0.84609375
14 0.67109375 0.47265625 0.09375 0.26484375
0 0.7703125 0.2703125 0.02265625 0.0765625
0 0.7515625 0.2609375 0.01015625 0.040625
9 0.73828125 0.26484375 0.01484375 0.03515625
7 0.63125 0.24375 0.08828125 0.0484375
9 0.47421875 0.27265625 0.021875 0.02734375
0 0.47578125 0.26875 0.009375 0.0328125
1 0.50234375 0.2625 0.03359375 0.02109375
9 0.55234375 0.25703125 0.01171875 0.0125
0 0.453125 0.2640625 0.00859375 0.0296875
0 0.46171875 0.2640625 0.0078125 0.03046875
6 0.4296875 0.27890625 0.02578125 0.03125
6 0.371875 0.28828125 0.034375 0.03671875
0 0.4203125 0.26640625 0.009375 0.03125
0 0.3796875 0.26015625 0.00859375 0.02109375
9 0.27734375 0.29609375 0.03984375 0.053125
0 0.97265625 0.28515625 0.04375 0.05625
0 0.7421875 0.246875 0.00859375 0.01484375
0 0.73671875 0.24375 0.0078125 0.0171875
0 0.7625 0.25703125 0.0125 0.04453125
9 0.65625 0.27265625 0.00859375 0.025
9 0.66796875 0.2765625 0.01484375 0.028125
9 0.6328125 0.29296875 0.0234375 0.04921875
0 0.6328125 0.28046875 0.02265625 0.05
0 0.6390625 0.25546875 0.01015625 0.01328125
0 0.65703125 0.2546875 0.0109375 0.01328125
11 0.61328125 0.27265625 0.0328125 0.0546875
10 0.29453125 0.25625 0.0078125 0.0828125
1 0.34765625 0.2734375 0.0296875 0.03828125
10 0.44765625 0.26328125 0.0046875 0.059375
11 0.32578125 0.2875 0.065625 0.08984375
