15 0.68671875 0.48203125 0.0375 0.096875
15 0.58203125 0.47265625 0.04140625 0.09375
15 0.39375 0.390625 0.02421875 0.04765625
15 0.25390625 0.4234375 0.04765625 0.03359375
0 0.621875 0.34375 0.03515625 0.10078125
0 0.5625 0.33984375 0.034375 0.11328125
0 0.49375 0.36953125 0.07421875 0.14453125
0 0.384375 0.34453125 0.0453125 0.12109375
0 0.43828125 0.3421875 0.0203125 0.109375
0 0.33125 0.34765625 0.028125 0.1390625
7 0.42734375 0.2859375 0.309375 0.2015625
1 0.2203125 0.35703125 0.203125 0.12890625
0 0.03828125 0.4046875 0.075 0.22578125
9 0.06328125 0.49140625 0.11796875 0.209375
9 0.95703125 0.49296875 0.0859375 0.25
1 0.65703125 0.33359375 0.115625 0.08203125
7 0.6984375 0.25703125 0.1515625 0.06015625
