0 0.40078125 0.5609375 0.05078125 0.24296875
0 0.46015625 0.5609375 0.07578125 0.265625
0 0.51875 0.55234375 0.04609375 0.2390625
0 0.5984375 0.5828125 0.0640625 0.30078125
0 0.65390625 0.57890625 0.0796875 0.27109375
0 0.42578125 0.55078125 0.034375 0.21953125
16 0.26171875 0.81953125 0.0859375 0.12734375
16 0.440625 0.746875 0.06875 0.10625
16 0.5375 0.7578125 0.06796875 0.10546875
16 0.52421875 0.71328125 0.05859375 0.084375
6 0.7875 0.50234375 0.0328125 0.05234375
6 0.81640625 0.5046875 0.034375 0.053125
6 0.84765625 0.503125 0.04140625 0.05390625
