13 0.85859375 0.59296875 0.015625 0.053125
13 0.83125 0.59296875 0.01640625 0.0546875
13 0.79375 0.590625 0.01640625 0.0515625
13 0.76015625 0.58984375 0.015625 0.053125
13 0.72578125 0.5890625 0.01640625 0.0515625
13 0.6921875 0.5890625 0.0140625 0.05234375
13 0.6609375 0.5875 0.01640625 0.05
13 0.6265625 0.58671875 0.0140625 0.05078125
13 0.59453125 0.584375 0.01484375 0.0515625
13 0.56640625 0.58203125 0.01484375 0.0515625
13 0.53515625 0.57734375 0.015625 0.04765625
10 0.61484375 0.41640625 0.01640625 0.25234375
16 0.37265625 0.56328125 0.05078125 0.071875
16 0.240625 0.54765625 0.046875 0.06328125
10 0.12265625 0.48671875 0.015625 0.17734375
9 0.153125 0.45703125 0.0421875 0.04765625
13 0.08515625 0.55234375 0.01796875 0.06484375
14 0.45703125 0.471875 0.0171875 0.03046875
11 0.028125 0.44296875 0.053125 0.09296875
