15 0.22890625 0.4828125 0.109375 0.246875
15 0.1671875 0.39140625 0.0609375 0.20546875
15 0.2578125 0.334375 0.0640625 0.16171875
15 0.496875 0.27109375 0.046875 0.1234375
15 0.80546875 0.50078125 0.121875 0.265625
0 0.77109375 0.12734375 0.08125 0.25078125
6 0.846875 0.1015625 0.1125 0.125
0 0.85390625 0.0671875 0.08359375 0.134375
0 0.54375 0.02734375 0.02109375 0.053125
0 0.571875 0.01796875 0.01796875 0.0359375
0 0.5203125 0.01953125 0.0125 0.03828125
9 0.54375 0.03515625 0.05625 0.05859375
9 0.1984375 0.08828125 0.15703125 0.11796875
0 0.17421875 0.06484375 0.07734375 0.12734375
15 0.04765625 0.065625 0.02578125 0.01953125
6 0.0296875 0.03203125 0.01953125 0.04609375
9 0.07734375 0.02890625 0.0359375 0.05078125
9 0.10625 0.03203125 0.0296875 0.046875
15 0.30390625 0.0421875 0.009375 0.02578125
13 0.403125 0.0203125 0.003125 0.01640625
0 0.34609375 0.0203125 0.0140625 0.040625
