15 0.7765625 0.4375 0.04296875 0.1015625
13 0.68984375 0.55078125 0.02734375 0.1609375
13 0.4234375 0.53203125 0.02421875 0.140625
13 0.20859375 0.51640625 0.0234375 0.125
1 0.64765625 0.34296875 0.25234375 0.115625
1 0.07265625 0.34453125 0.14453125 0.08203125
1 0.19296875 0.33828125 0.096875 0.05546875
1 0.2578125 0.33046875 0.08046875 0.05859375
1 0.3171875 0.33203125 0.05546875 0.0484375
13 0.6640625 0.38671875 0.009375 0.13671875
13 0.7078125 0.33046875 0.02109375 0.2765625
9 0.3515625 0.334375 0.021875 0.034375
9 0.375 0.33046875 0.02421875 0.03515625
9 0.39296875 0.3296875 0.03125 0.0375
9 0.41328125 0.3265625 0.02265625 0.03359375
