0 0.17578125 0.23515625 0.15703125 0.4203125
0 0.05078125 0.22890625 0.1 0.34765625
0 0.2125 0.0953125 0.03203125 0.115625
15 0.23984375 0.1484375 0.0265625 0.06328125
0 0.28671875 0.07421875 0.02421875 0.078125
0 0.30078125 0.071875 0.01953125 0.075
0 0.259375 0.07578125 0.021875 0.0796875
0 0.05390625 0.08046875 0.03359375 0.08515625
0 0.1015625 0.084375 0.034375 0.090625
13 0.1140625 0.61015625 0.09453125 0.27578125
13 0.2625 0.571875 0.071875 0.2484375
13 0.3859375 0.540625 0.0546875 0.23671875
13 0.51015625 0.50859375 0.04609375 0.2234375
13 0.61484375 0.4796875 0.046875 0.2171875
13 0.70859375 0.45390625 0.0546875 0.2046875
13 0.79296875 0.42890625 0.05625 0.1984375
13 0.87109375 0.40703125 0.0609375 0.19375
13 0.94296875 0.38671875 0.0609375 0.1890625
10 0.47578125 0.4921875 0.02578125 0.40859375
0 0.18125 0.0671875 0.0265625 0.07421875
0 0.22421875 0.04609375 0.0203125 0.03828125
11 0.24609375 0.06015625 0.04921875 0.08359375
