15 0.23671875 0.5078125 0.071875 0.15859375
15 0.52421875 0.52578125 0.07421875 0.1625
15 0.80546875 0.57421875 0.08359375 0.184375
0 0.85859375 0.30390625 0.053125 0.16796875
9 0.85390625 0.315625 0.15234375 0.1390625
9 0.98125 0.275 0.03125 0.0484375
0 0.98515625 0.25625 0.0234375 0.06015625
0 0.9375 0.27734375 0.03671875 0.090625
6 0.79921875 0.265625 0.04921875 0.05078125
9 0.72734375 0.3328125 0.07578125 0.15859375
0 0.72890625 0.296875 0.0578125 0.15
0 0.61796875 0.26953125 0.03046875 0.0734375
10 0.6703125 0.25234375 0.009375 0.0921875
1 0.47421875 0.2984375 0.2953125 0.1796875
10 0.540625 0.10703125 0.028125 0.21328125
10 0.44375 0.1375 0.0125 0.14453125
1 0.07265625 0.434375 0.140625 0.215625
11 0.2390625 0.29453125 0.17109375 0.18671875
