9 0.14140625 0.3015625 0.0265625 0.04453125
1 0.37109375 0.33046875 0.2828125 0.1265625
14 0.4375 0.65703125 0.39921875 0.51015625
10 0.69609375 0.209375 0.0171875 0.1796875
6 0.80234375 0.29140625 0.040625 0.04140625
0 0.64609375 0.28125 0.01484375 0.053125
1 0.65703125 0.27265625 0.01875 0.0203125
1 0.625 0.265625 0.00859375 0.01015625
1 0.534375 0.28046875 0.040625 0.0359375
1 0.5578125 0.27265625 0.01640625 0.01875
10 0.46953125 0.240625 0.0078125 0.10234375
9 0.4453125 0.2828125 0.02578125 0.0296875
0 0.0078125 0.2984375 0.015625 0.06796875
17 0.125 0.2984375 0.0078125 0.01796875
10 0.41171875 0.2671875 0.00390625 0.03828125
9 0.4890625 0.278125 0.02421875 0.021875
1 0.56875 0.271875 0.01171875 0.01640625
1 0.57734375 0.2703125 0.0109375 0.01484375
1 0.584375 0.26953125 0.00625 0.01328125
1 0.58984375 0.26796875 0.00625 0.01171875
9 0.5953125 0.2734375 0.0046875 0.01328125
9 0.60078125 0.27109375 0.0046875 0.0125
17 0.678125 0.29375 0.00703125 0.0140625
0 0.70234375 0.2703125 0.00625 0.02109375
