10 0.11015625 0.35859375 0.05625 0.6453125
10 0.9 0.36484375 0.02890625 0.4109375
14 0.9046875 0.53984375 0.05625 0.05390625
0 0.85078125 0.4796875 0.0171875 0.0328125
0 0.7921875 0.46953125 0.0140625 0.02421875
0 0.93046875 0.44453125 0.0140625 0.0203125
10 0.86328125 0.38125 0.0140625 0.21484375
10 0.68046875 0.4015625 0.01328125 0.153125
14 0.08359375 0.640625 0.0609375 0.09140625
0 0.77890625 0.46796875 0.01328125 0.02734375
0 0.6453125 0.478125 0.00859375 0.0234375
0 0.65390625 0.4796875 0.00859375 0.02109375
0 0.9203125 0.44453125 0.01015625 0.0234375
0 0.846875 0.434375 0.00859375 0.01484375
