1 0.95 0.5328125 0.09921875 0.13828125
9 0.371875 0.53984375 0.10546875 0.165625
0 0.2875 0.50859375 0.04375 0.13828125
0 0.17734375 0.475 0.0296875 0.06171875
0 0.109375 0.48203125 0.04609375 0.05859375
14 0.16171875 0.58046875 0.1484375 0.159375
6 0.56875 0.5359375 0.0859375 0.115625
9 0.70859375 0.52265625 0.0828125 0.121875
10 0.60859375 0.3421875 0.03046875 0.48984375
11 0.76640625 0.5 0.18671875 0.13671875
9 0.478125 0.51328125 0.06953125 0.0953125
17 0.5953125 0.5578125 0.02421875 0.07734375
9 0.04765625 0.80234375 0.0953125 0.26640625
