14 0.734375 0.678125 0.21796875 0.325
6 0.47265625 0.6578125 0.21640625 0.24609375
6 0.40234375 0.58203125 0.15859375 0.23359375
10 0.515625 0.3828125 0.09296875 0.75234375
10 0.69453125 0.32890625 0.01171875 0.27578125
10 0.5828125 0.41640625 0.01171875 0.090625
0 0.7828125 0.42578125 0.0203125 0.08046875
0 0.57578125 0.41171875 0.01171875 0.03359375
0 0.41875 0.4296875 0.0140625 0.03203125
0 0.36953125 0.44921875 0.03203125 0.06171875
6 0.2859375 0.54453125 0.15 0.146875
9 0.14765625 0.4890625 0.09296875 0.11328125
0 0.08515625 0.47109375 0.03515625 0.09140625
10 0.13671875 0.375 0.015625 0.19140625
10 0.16875 0.38671875 0.01796875 0.13125
0 0.00625 0.4421875 0.01171875 0.05625
0 0.01015625 0.43515625 0.01328125 0.04921875
0 0.0203125 0.4375 0.01328125 0.04609375
1 0.1 0.41328125 0.01796875 0.01640625
1 0.11953125 0.4125 0.01640625 0.01640625
1 0.23984375 0.41328125 0.01875 0.0140625
1 0.28828125 0.41171875 0.021875 0.01328125
0 0.3078125 0.41953125 0.00625 0.02578125
10 0.28125 0.3953125 0.0078125 0.07109375
10 0.26640625 0.38984375 0.0046875 0.06953125
10 0.30390625 0.39296875 0.00546875 0.07109375
10 0.353125 0.36484375 0.009375 0.10390625
17 0.4765625 0.4421875 0.00859375 0.02578125
1 0.1578125 0.41328125 0.01484375 0.01328125
1 0.26875 0.41328125 0.0140625 0.0125
