15 0.61953125 0.5046875 0.0546875 0.03671875
15 0.56640625 0.49375 0.03515625 0.07578125
15 0.52109375 0.4953125 0.03125 0.07734375
15 0.4875 0.48984375 0.025 0.07265625
1 0.86171875 0.45 0.27578125 0.21015625
7 0.54375 0.3453125 0.43671875 0.3
1 0.3015625 0.44296875 0.2640625 0.225
9 0.084375 0.47265625 0.1359375 0.19375
0 0.08515625 0.44375 0.0984375 0.23671875
7 0.8921875 0.2921875 0.215625 0.1765625
7 0.02734375 0.32734375 0.05390625 0.04609375
7 0.1203125 0.33515625 0.04921875 0.02734375
7 0.2171875 0.32578125 0.03984375 0.0296875
