10 0.1734375 0.38671875 0.0171875 0.2140625
10 0.11796875 0.39921875 0.01171875 0.1265625
10 0.2234375 0.39765625 0.0125 0.15625
0 0.20390625 0.48046875 0.02109375 0.02890625
0 0.209375 0.459375 0.0109375 0.02109375
0 0.20078125 0.446875 0.00625 0.0234375
0 0.359375 0.4359375 0.00859375 0.01796875
14 0.45546875 0.44453125 0.0140625 0.0296875
14 0.4125 0.4328125 0.0109375 0.01875
10 0.54375 0.41015625 0.00546875 0.07890625
1 0.9 0.4125 0.02265625 0.01796875
1 0.93828125 0.4125 0.01484375 0.0171875
1 0.9796875 0.41328125 0.0296875 0.01953125
