14 0.80625 0.47734375 0.115625 0.15546875
0 0.73828125 0.39921875 0.059375 0.171875
1 0.76484375 0.34921875 0.0765625 0.0390625
9 0.7046875 0.3484375 0.01640625 0.02890625
1 0.5359375 0.36640625 0.15703125 0.084375
10 0.44296875 0.2875 0.0234375 0.396875
16 0.384375 0.42421875 0.021875 0.03125
16 0.175 0.4453125 0.0375 0.05
0 0.19375 0.38828125 0.02265625 0.0796875
0 0.19375 0.37734375 0.01328125 0.0328125
10 0.28515625 0.25859375 0.01953125 0.31171875
0 0.3796875 0.34921875 0.00703125 0.015625
1 0.125 0.3640625 0.0375 0.01796875
0 0.278125 0.36015625 0.00546875 0.01953125
9 0.29609375 0.36171875 0.00703125 0.01328125
0 0.2640625 0.353125 0.00390625 0.00859375
10 0.04453125 0.30625 0.01328125 0.18359375
