0 0.5296875 0.49609375 0.05546875 0.13828125
0 0.4484375 0.49375 0.02890625 0.14296875
16 0.61328125 0.521875 0.03515625 0.0453125
16 0.54765625 0.51640625 0.01640625 0.0421875
6 0.48125 0.4984375 0.0484375 0.06171875
0 0.4140625 0.49375 0.0515625 0.13203125
0 0.30234375 0.5 0.04375 0.13671875
12 0.24140625 0.45546875 0.30859375 0.20625
15 0.29140625 0.53984375 0.02578125 0.05703125
9 0.06484375 0.82265625 0.1203125 0.31171875
0 0.03515625 0.5921875 0.06796875 0.21171875
6 0.6015625 0.490625 0.03359375 0.06484375
