14 0.68046875 0.60234375 0.24140625 0.4265625
1 0.6296875 0.33515625 0.140625 0.0859375
10 0.484375 0.3703125 0.07890625 0.72421875
6 0.26328125 0.4671875 0.1921875 0.225
0 0.08125 0.38515625 0.06484375 0.203125
0 0.0234375 0.39140625 0.0421875 0.20703125
10 0.11875 0.2765625 0.046875 0.28671875
1 0.4375 0.33046875 0.04765625 0.0578125
1 0.359375 0.32734375 0.05 0.04375
1 0.74375 0.33515625 0.13203125 0.09921875
1 0.540625 0.3328125 0.06953125 0.07109375
1 0.4015625 0.32890625 0.05390625 0.04921875
1 0.3328125 0.3234375 0.040625 0.0453125
0 0.228125 0.34765625 0.02578125 0.07421875
1 0.259375 0.325 0.0265625 0.0328125
1 0.246875 0.32265625 0.03125 0.034375
12 0.21484375 0.31640625 0.0265625 0.03671875
1 0.196875 0.31875 0.0140625 0.025
0 0.74453125 0.33359375 0.06640625 0.13203125
1 0.975 0.33984375 0.05 0.12265625
