0 0.0703125 0.44921875 0.034375 0.125
0 0.10703125 0.44765625 0.034375 0.1125
9 0.1265625 0.4625 0.09453125 0.08203125
0 0.1890625 0.48125 0.0203125 0.1171875
15 0.175 0.53984375 0.03671875 0.06796875
15 0.3875 0.5703125 0.04375 0.08828125
0 0.4203125 0.48671875 0.0328125 0.12890625
15 0.790625 0.58671875 0.04609375 0.09609375
13 0.7421875 0.53046875 0.0109375 0.06796875
13 0.69921875 0.53203125 0.0109375 0.06640625
13 0.67734375 0.53203125 0.00859375 0.06171875
0 0.7109375 0.43046875 0.01640625 0.03671875
15 0.9375 0.4890625 0.015625 0.0390625
15 0.9828125 0.4828125 0.0125 0.03359375
13 0.915625 0.490625 0.00859375 0.04375
0 0.91953125 0.45 0.02265625 0.08359375
0 0.940625 0.4453125 0.01875 0.06875
0 0.928125 0.4421875 0.0140625 0.0578125
0 0.90703125 0.425 0.01015625 0.02109375
0 0.4875 0.4671875 0.01640625 0.10703125
0 0.58359375 0.42265625 0.0125 0.02265625
