15 0.23359375 0.5390625 0.08359375 0.175
15 0.47109375 0.4796875 0.06796875 0.1375
15 0.6125 0.43828125 0.05703125 0.115625
15 0.74921875 0.4078125 0.0484375 0.1
15 0.89296875 0.39921875 0.04765625 0.09296875
9 0.5 0.2953125 0.0546875 0.09765625
0 0.5015625 0.26875 0.0453125 0.10625
10 0.575 0.20390625 0.01796875 0.19296875
10 0.63671875 0.1796875 0.0234375 0.2421875
0 0.778125 0.284375 0.05703125 0.12421875
6 0.6875 0.26640625 0.06015625 0.06171875
0 0.903125 0.253125 0.02265625 0.06328125
10 0.8515625 0.203125 0.0140625 0.1546875
10 0.7296875 0.240625 0.009375 0.1015625
6 0.740625 0.2625 0.02109375 0.046875
