10 0.2328125 0.17578125 0.02265625 0.3078125
0 0.228125 0.3328125 0.01640625 0.06796875
9 0.24453125 0.34765625 0.0390625 0.0421875
14 0.303125 0.396875 0.06953125 0.09609375
1 0.12421875 0.33203125 0.15859375 0.06796875
10 0.71484375 0.2 0.034375 0.39921875
0 0.65234375 0.33515625 0.0171875 0.0296875
13 0.71015625 0.53125 0.0265625 0.140625
13 0.66640625 0.51328125 0.02265625 0.128125
13 0.63046875 0.5 0.0171875 0.11796875
13 0.6 0.484375 0.01796875 0.1078125
13 0.57421875 0.47421875 0.01875 0.10234375
13 0.54921875 0.4625 0.01328125 0.09765625
13 0.603125 0.40625 0.0125 0.04921875
13 0.6203125 0.41640625 0.01640625 0.053125
0 0.94375 0.4640625 0.03515625 0.0703125
0 0.98515625 0.38046875 0.02890625 0.0640625
0 0.9546875 0.38359375 0.040625 0.07265625
0 0.83203125 0.3203125 0.00859375 0.01171875
0 0.87265625 0.321875 0.009375 0.0109375
0 0.89921875 0.31875 0.0140625 0.01484375
0 0.90859375 0.3203125 0.00625 0.0140625
0 0.91484375 0.31953125 0.0078125 0.0125
1 0.8046875 0.31953125 0.0546875 0.01328125
