10 0.2609375 0.24453125 0.02578125 0.48515625
16 0.2015625 0.453125 0.04453125 0.059375
16 0.50078125 0.465625 0.046875 0.065625
16 0.73203125 0.46171875 0.04609375 0.06328125
0 0.7265625 0.384375 0.0234375 0.0921875
0 0.73125 0.371875 0.015625 0.0375
1 0.69453125 0.35703125 0.0484375 0.02421875
10 0.90390625 0.22109375 0.021875 0.421875
10 0.5984375 0.2921875 0.009375 0.209375
1 0.53671875 0.3625 0.0359375 0.02421875
1 0.47734375 0.36484375 0.0375 0.02421875
1 0.20859375 0.384375 0.08203125 0.08671875
10 0.159375 0.32421875 0.00625 0.109375
