15 0.43515625 0.64765625 0.11953125 0.315625
15 0.4734375 0.45703125 0.0828125 0.19921875
15 0.575 0.36015625 0.0609375 0.14375
15 0.64765625 0.2859375 0.04375 0.0984375
15 0.69140625 0.23671875 0.0328125 0.07421875
15 0.7734375 0.225 0.03359375 0.0765625
10 0.50546875 0.0671875 0.01015625 0.13046875
0 0.4796875 0.1203125 0.00625 0.0296875
0 0.4734375 0.12109375 0.00625 0.02890625
0 0.459375 0.11796875 0.01953125 0.0296875
0 0.41875 0.12109375 0.00703125 0.03515625
0 0.40625 0.12109375 0.0125 0.0375
0 0.3953125 0.1171875 0.00703125 0.03046875
0 0.3890625 0.11953125 0.00625 0.03046875
0 0.38359375 0.11796875 0.00546875 0.03203125
9 0.37421875 0.13671875 0.0375 0.05
10 0.21015625 0.075 0.0171875 0.14765625
6 0.0328125 0.1828125 0.06484375 0.0828125
0 0.12421875 0.1140625 0.01015625 0.034375
10 0.09140625 0.0640625 0.02109375 0.1265625
9 0.81640625 0.14765625 0.01796875 0.04921875
9 0.8046875 0.1453125 0.0140625 0.04296875
13 0.76484375 0.14296875 0.00625 0.015625
13 0.75234375 0.14296875 0.00625 0.015625
13 0.73984375 0.14296875 0.00703125 0.0140625
13 0.7265625 0.14296875 0.00703125 0.01328125
13 0.71484375 0.14296875 0.00703125 0.01484375
13 0.70234375 0.14296875 0.00625 0.01328125
13 0.6890625 0.14296875 0.00625 0.01328125
13 0.71328125 0.13359375 0.00546875 0.01171875
13 0.63125 0.13203125 0.00390625 0.01015625
13 0.6390625 0.13125 0.0046875 0.009375
13 0.646875 0.13203125 0.0046875 0.009375
13 0.6546875 0.13203125 0.0046875 0.009375
