9 0.65078125 0.4890625 0.20859375 0.24140625
10 0.7484375 0.38984375 0.01640625 0.2234375
9 0.80234375 0.434375 0.1453125 0.1375
9 0.69140625 0.38046875 0.01953125 0.0328125
0 0.68984375 0.3734375 0.0140625 0.034375
0 0.603125 0.3796875 0.0125 0.0421875
9 0.603125 0.38984375 0.02421875 0.04140625
0 0.62734375 0.36875 0.009375 0.0375
0 0.5125 0.36796875 0.0140625 0.0296875
0 0.521875 0.3875 0.0109375 0.03984375
0 0.52890625 0.38984375 0.00859375 0.03515625
0 0.39921875 0.3984375 0.03203125 0.06796875
6 0.35546875 0.40234375 0.05 0.04765625
14 0.4078125 0.58125 0.17734375 0.26171875
10 0.31484375 0.31640625 0.01953125 0.23515625
9 0.93359375 0.38828125 0.1015625 0.0875
1 0.8578125 0.35703125 0.015625 0.02734375
0 0.79140625 0.3546875 0.0078125 0.021875
0 0.76015625 0.35859375 0.015625 0.021875
9 0.43515625 0.39296875 0.01875 0.05234375
