0 0.95390625 0.7328125 0.0859375 0.534375
1 0.9578125 0.621875 0.05234375 0.06875
1 0.89609375 0.62734375 0.10078125 0.0578125
9 0.81328125 0.63046875 0.04375 0.0453125
0 0.815625 0.61953125 0.01796875 0.04296875
0 0.69609375 0.6609375 0.04921875 0.20546875
0 0.54765625 0.62890625 0.02265625 0.11171875
0 0.51796875 0.6296875 0.02578125 0.109375
9 0.58125 0.628125 0.040625 0.0453125
0 0.48984375 0.625 0.0140625 0.05859375
10 0.58515625 0.43125 0.0203125 0.334375
9 0.225 0.70703125 0.13359375 0.196875
0 0.228125 0.634375 0.06953125 0.11328125
1 0.103125 0.6421875 0.11796875 0.08046875
1 0.38125 0.6265625 0.07578125 0.0359375
1 0.0328125 0.6484375 0.0625 0.08125
1 0.17890625 0.6046875 0.034375 0.01328125
10 0.29921875 0.6046875 0.003125 0.06875
1 0.31875 0.6046875 0.0375 0.01875
1 0.63125 0.61171875 0.04140625 0.0265625
0 0.5796875 0.62421875 0.01328125 0.05
1 0.45390625 0.60859375 0.040625 0.02734375
1 0.40390625 0.60546875 0.034375 0.009375
