15 0.0890625 0.62734375 0.07421875 0.18125
15 0.20859375 0.5453125 0.0640625 0.15234375
15 0.31328125 0.475 0.046875 0.11953125
15 0.35859375 0.43984375 0.04140625 0.10234375
15 0.4109375 0.40390625 0.02890625 0.0875
0 0.46015625 0.38671875 0.13671875 0.359375
0 0.54765625 0.41484375 0.08125 0.31015625
0 0.625 0.40390625 0.0953125 0.32265625
0 0.07421875 0.2484375 0.0296875 0.1015625
0 0.10078125 0.24296875 0.02421875 0.11640625
0 0.15625 0.24609375 0.03671875 0.10390625
0 0.28671875 0.25390625 0.03203125 0.121875
0 0.34140625 0.25 0.0375 0.13359375
0 0.328125 0.30234375 0.0375 0.1515625
15 0.7171875 0.353125 0.025 0.06640625
15 0.86015625 0.34609375 0.02578125 0.06640625
15 0.87265625 0.29375 0.01875 0.046875
14 0.65703125 0.28125 0.03828125 0.06328125
0 0.97578125 0.2890625 0.04765625 0.1375
