13 0.1515625 0.45546875 0.021875 0.053125
13 0.21640625 0.4453125 0.021875 0.04765625
13 0.27265625 0.459375 0.01796875 0.09140625
13 0.321875 0.4296875 0.01875 0.04609375
13 0.36640625 0.4625 0.015625 0.125
13 0.4109375 0.4546875 0.01484375 0.11796875
15 0.11875 0.340625 0.02890625 0.0453125
15 0.11796875 0.38046875 0.02421875 0.03828125
0 0.21171875 0.3203125 0.03046875 0.0828125
1 0.3828125 0.30546875 0.03828125 0.0484375
1 0.528125 0.31875 0.07890625 0.0546875
0 0.59296875 0.309375 0.01015625 0.0390625
1 0.728125 0.321875 0.14296875 0.06328125
13 0.69140625 0.41796875 0.02109375 0.090625
13 0.7390625 0.42578125 0.01875 0.09296875
13 0.78984375 0.43125 0.01328125 0.09453125
13 0.840625 0.44140625 0.02265625 0.09765625
13 0.88203125 0.45078125 0.0234375 0.1
1 0.65 0.296875 0.034375 0.01328125
