0 0.7421875 0.55859375 0.0359375 0.11328125
10 0.80234375 0.45390625 0.01953125 0.2453125
10 0.64375 0.54453125 0.0125 0.1140625
1 0.95078125 0.55 0.0984375 0.08828125
0 0.3984375 0.575 0.0609375 0.1328125
14 0.3171875 0.5953125 0.0578125 0.075
6 0.55 0.58125 0.0515625 0.06640625
9 0.27578125 0.815625 0.33046875 0.36171875
0 0.253125 0.74296875 0.18046875 0.38515625
0 0.5984375 0.54140625 0.01484375 0.07890625
6 0.48984375 0.57578125 0.07421875 0.0828125
9 0.85859375 0.53984375 0.05859375 0.059375
9 0.0140625 0.60625 0.0234375 0.090625
