16 0.95546875 0.42890625 0.0890625 0.1703125
16 0.1890625 0.40390625 0.10234375 0.14140625
10 0.34609375 0.25234375 0.06953125 0.5
10 0.91484375 0.10859375 0.0359375 0.209375
10 0.196875 0.13203125 0.021875 0.14609375
1 0.14375 0.18671875 0.09765625 0.0921875
10 0.09140625 0.12578125 0.01640625 0.08828125
10 0.4390625 0.125 0.00859375 0.103125
9 0.59453125 0.140625 0.01484375 0.0125
1 0.49140625 0.1421875 0.015625 0.0125
1 0.53203125 0.140625 0.01875 0.0171875
0 0.59921875 0.1375 0.0046875 0.01953125
1 0.4515625 0.14375 0.021875 0.01640625
1 0.3625 0.15 0.02578125 0.0171875
1 0.3125 0.1515625 0.025 0.0140625
0 0.2953125 0.15390625 0.00546875 0.02265625
0 0.28671875 0.15078125 0.003125 0.01796875
0 0.06328125 0.1515625 0.0046875 0.00859375
