1 0.11015625 0.5796875 0.1625 0.11796875
9 0.38828125 0.57890625 0.02578125 0.04296875
0 0.38828125 0.55546875 0.02578125 0.06015625
1 0.35859375 0.54296875 0.025 0.0203125
1 0.4453125 0.53671875 0.01484375 0.015625
1 0.425 0.53671875 0.0125 0.0125
1 0.190625 0.565625 0.05625 0.05703125
12 0.23046875 0.51953125 0.084375 0.046875
1 0.334375 0.5421875 0.0140625 0.0125
1 0.4046875 0.53984375 0.021875 0.0234375
11 0.49453125 0.53203125 0.00703125 0.01015625
1 0.47109375 0.53359375 0.00859375 0.01015625
1 0.484375 0.53203125 0.0046875 0.00546875
1 0.46171875 0.53359375 0.00703125 0.00703125
9 0.40546875 0.55234375 0.01015625 0.01953125
