0 0.9078125 0.12421875 0.08046875 0.17734375
9 0.89765625 0.159375 0.121875 0.16171875
0 0.5609375 0.10703125 0.01484375 0.02578125
0 0.56953125 0.103125 0.009375 0.0234375
0 0.45546875 0.12578125 0.01171875 0.04453125
14 0.440625 0.134375 0.01953125 0.02734375
14 0.38984375 0.2375 0.10390625 0.14375
16 0.68359375 0.54609375 0.11796875 0.18828125
16 0.521875 0.3859375 0.07421875 0.11328125
16 0.4515625 0.30859375 0.053125 0.08359375
0 0.20703125 0.159375 0.0234375 0.071875
0 0.32109375 0.1171875 0.01328125 0.01875
