13 0.52734375 0.31640625 0.0421875 0.2203125
13 0.47421875 0.2 0.0203125 0.12109375
0 0.4109375 0.11875 0.0515625 0.196875
0 0.2625 0.16796875 0.08828125 0.33125
0 0.30234375 0.084375 0.02109375 0.06953125
9 0.31796875 0.12578125 0.059375 0.07578125
9 0.37890625 0.09921875 0.040625 0.05546875
0 0.38515625 0.0859375 0.0109375 0.05
0 0.47265625 0.09609375 0.01640625 0.06484375
1 0.96171875 0.1546875 0.05546875 0.09296875
1 0.80625 0.10625 0.21015625 0.134375
0 0.6625 0.08984375 0.02421875 0.05390625
9 0.6546875 0.1015625 0.0359375 0.05703125
1 0.61796875 0.07421875 0.0453125 0.03125
1 0.58203125 0.071875 0.03671875 0.02890625
1 0.515625 0.07109375 0.0484375 0.028125
10 0.684375 0.1671875 0.06796875 0.33125
13 0.178125 0.08515625 0.00625 0.025
13 0.18984375 0.08125 0.00546875 0.02109375
0 0.11953125 0.0609375 0.0109375 0.0203125
0 0.0890625 0.05390625 0.01171875 0.01796875
0 0.078125 0.06875 0.01875 0.04140625
0 0.0609375 0.0703125 0.01875 0.0453125
1 0.0484375 0.059375 0.04296875 0.034375
0 0.01328125 0.06875 0.021875 0.04765625
9 0.965625 0.09375 0.0453125 0.03046875
0 0.9671875 0.0859375 0.02421875 0.0453125
1 0.90078125 0.07265625 0.04453125 0.03828125
9 0.7296875 0.07890625 0.02890625 0.034375
1 0.4421875 0.06875 0.02890625 0.0265625
17 0.37109375 0.0625 0.003125 0.00703125
9 0.1671875 0.08671875 0.01328125 0.01953125
0 0.1671875 0.07265625 0.015625 0.03359375
1 0.1953125 0.06640625 0.040625 0.03203125
1 0.146875 0.05390625 0.02421875 0.01953125
0 0.134375 0.06875 0.0125 0.03203125
11 0.090625 0.065625 0.02734375 0.046875
1 0.12734375 0.0484375 0.01953125 0.01015625
1 0.1796875 0.046875 0.01953125 0.0109375
9 0.0328125 0.10546875 0.03828125 0.05859375
9 0.01015625 0.10859375 0.01953125 0.065625
