15 0.7125 0.38515625 0.02578125 0.05859375
15 0.76875 0.38203125 0.021875 0.05703125
12 0.97578125 0.284375 0.0484375 0.1109375
1 0.9390625 0.30546875 0.040625 0.0546875
1 0.8828125 0.3125 0.078125 0.06796875
9 0.675 0.3375 0.03359375 0.05078125
0 0.6765625 0.3234375 0.01953125 0.053125
9 0.56875 0.35 0.04140625 0.06015625
0 0.56796875 0.33203125 0.0203125 0.06484375
1 0.56171875 0.3109375 0.1015625 0.0671875
1 0.4890625 0.32578125 0.06953125 0.0609375
10 0.534375 0.18203125 0.0265625 0.35390625
1 0.41953125 0.32890625 0.07578125 0.065625
1 0.35390625 0.33046875 0.0640625 0.0625
1 0.2703125 0.32421875 0.07890625 0.0859375
0 0.31328125 0.34609375 0.03046875 0.084375
1 0.18515625 0.33046875 0.08671875 0.07578125
9 0.3109375 0.36484375 0.059375 0.0875
1 0.09453125 0.340625 0.071875 0.06953125
10 0.6984375 0.2953125 0.0046875 0.103125
17 0.8390625 0.3171875 0.0078125 0.01875
