16 0.9609375 0.6859375 0.078125 0.23828125
16 0.78203125 0.64921875 0.14140625 0.22109375
16 0.58671875 0.6140625 0.1203125 0.19765625
16 0.39375 0.58359375 0.11484375 0.19375
16 0.71171875 0.26484375 0.025 0.03828125
16 0.67734375 0.275 0.02734375 0.04296875
0 0.6171875 0.1296875 0.01328125 0.04140625
0 0.6 0.1296875 0.01015625 0.04140625
0 0.54765625 0.16796875 0.01875 0.05390625
0 0.53515625 0.1671875 0.01484375 0.0515625
9 0.54765625 0.1796875 0.0421875 0.05078125
13 0.45546875 0.27109375 0.0109375 0.0453125
16 0.14765625 0.2078125 0.01640625 0.025
16 0.08984375 0.21015625 0.01875 0.02578125
13 0.015625 0.23984375 0.0125 0.0375
11 0.89296875 0.17734375 0.16484375 0.09921875
