13 0.33046875 0.50546875 0.0125 0.0546875
13 0.4671875 0.490625 0.0109375 0.04921875
13 0.53046875 0.484375 0.01015625 0.0453125
1 0.52578125 0.45625 0.175 0.084375
1 0.14453125 0.48671875 0.17265625 0.090625
9 0.33046875 0.46328125 0.05859375 0.05390625
0 0.3296875 0.45234375 0.0203125 0.05234375
10 0.81171875 0.4015625 0.01640625 0.17421875
10 0.52109375 0.4140625 0.0140625 0.1953125
13 0.7296875 0.471875 0.009375 0.0421875
13 0.9296875 0.45234375 0.0078125 0.0390625
1 0.96796875 0.425 0.06328125 0.02734375
1 0.86171875 0.4296875 0.03828125 0.02109375
1 0.8234375 0.428125 0.0703125 0.02421875
1 0.740625 0.43203125 0.02421875 0.02265625
10 0.715625 0.42109375 0.00703125 0.04765625
10 0.66640625 0.37109375 0.0140625 0.1734375
13 0.6453125 0.45234375 0.0078125 0.0265625
0 0.62265625 0.43671875 0.009375 0.0265625
0 0.6296875 0.4359375 0.0078125 0.028125
0 0.70234375 0.4296875 0.00703125 0.02265625
0 0.61015625 0.4296875 0.00703125 0.02265625
11 0.19609375 0.44765625 0.08671875 0.0671875
12 0.221875 0.42734375 0.04921875 0.053125
1 0.28515625 0.4375 0.02578125 0.0203125
1 0.31171875 0.43828125 0.0234375 0.01953125
1 0.359375 0.4328125 0.02265625 0.01328125
10 0.38359375 0.4125 0.00703125 0.0984375
10 0.390625 0.41328125 0.0078125 0.096875
