1 0.9796875 0.31953125 0.0359375 0.040625
1 0.94453125 0.315625 0.0453125 0.0390625
10 0.9765625 0.3609375 0.01875 0.1140625
0 0.87421875 0.321875 0.0125 0.0390625
1 0.83046875 0.27578125 0.02421875 0.02265625
0 0.79609375 0.28203125 0.00625 0.02578125
9 0.85078125 0.27734375 0.00859375 0.0203125
1 0.784375 0.32890625 0.08515625 0.0421875
10 0.7890625 0.346875 0.00546875 0.0671875
1 0.7765625 0.30859375 0.07734375 0.03125
10 0.69375 0.2796875 0.01484375 0.2359375
1 0.8671875 0.45546875 0.1859375 0.0984375
14 0.6484375 0.56015625 0.05078125 0.05234375
9 0.42109375 0.5 0.059375 0.06484375
0 0.42109375 0.4890625 0.025 0.0578125
10 0.35078125 0.44453125 0.0140625 0.1421875
1 0.125 0.3984375 0.08671875 0.05234375
12 0.24375 0.3671875 0.0984375 0.0765625
9 0.3390625 0.34296875 0.02421875 0.02421875
1 0.19765625 0.315625 0.0359375 0.01796875
9 0.1140625 0.3515625 0.02421875 0.02578125
0 0.11015625 0.3453125 0.01328125 0.02890625
