6 0.753125 0.59453125 0.06171875 0.0375
6 0.70390625 0.56171875 0.05234375 0.034375
6 0.671875 0.58671875 0.05625 0.04765625
6 0.596875 0.56015625 0.0421875 0.04296875
6 0.5703125 0.58671875 0.04765625 0.04296875
6 0.52421875 0.58515625 0.0203125 0.0296875
6 0.49296875 0.5890625 0.04609375 0.04296875
6 0.43671875 0.58671875 0.0421875 0.04765625
6 0.38203125 0.58515625 0.0359375 0.03984375
6 0.32890625 0.58828125 0.034375 0.0296875
6 0.2828125 0.584375 0.034375 0.0375
6 0.24921875 0.584375 0.0296875 0.0375
6 0.21328125 0.57734375 0.02578125 0.03984375
6 0.184375 0.58515625 0.028125 0.02421875
0 0.75078125 0.56171875 0.03828125 0.06640625
0 0.69609375 0.534375 0.0359375 0.06171875
0 0.66796875 0.56015625 0.03203125 0.0640625
0 0.59375 0.53359375 0.028125 0.05859375
0 0.56328125 0.55625 0.034375 0.05625
0 0.509375 0.546875 0.021875 0.0375
0 0.48984375 0.5640625 0.03203125 0.06171875
0 0.4328125 0.55859375 0.0296875 0.05625
0 0.378125 0.56171875 0.028125 0.0453125
0 0.32734375 0.565625 0.021875 0.0375
0 0.28125 0.55703125 0.02578125 0.04296875
0 0.24609375 0.5640625 0.0203125 0.034375
0 0.21328125 0.5625 0.01796875 0.0375
0 0.18203125 0.5546875 0.0203125 0.0375
10 0.565625 0.2625 0.03203125 0.525
10 0.0890625 0.34765625 0.02578125 0.290625
