14 0.51640625 0.31953125 0.16875 0.21875
9 0.34296875 0.35390625 0.2671875 0.33125
0 0.39921875 0.184375 0.04140625 0.1046875
0 0.5828125 0.159375 0.02578125 0.053125
0 0.6140625 0.18515625 0.03671875 0.1
0 0.9796875 0.14375 0.01640625 0.04296875
9 0.978125 0.15625 0.01796875 0.03203125
1 0.9359375 0.14296875 0.0609375 0.05234375
12 0.89921875 0.1203125 0.04453125 0.0265625
1 0.80078125 0.15 0.0828125 0.0703125
1 0.6921875 0.1515625 0.0796875 0.0515625
10 0.51875 0.071875 0.0109375 0.13515625
1 0.4640625 0.1515625 0.10703125 0.07109375
0 0.34296875 0.15234375 0.01796875 0.05234375
1 0.18671875 0.1953125 0.20078125 0.12421875
1 0.16640625 0.12578125 0.15 0.0515625
9 0.0359375 0.290625 0.06484375 0.17421875
1 0.85859375 0.13984375 0.03359375 0.0328125
