13 0.6765625 0.484375 0.0140625 0.084375
13 0.690625 0.45546875 0.01015625 0.05234375
13 0.759375 0.42109375 0.0046875 0.02421875
0 0.70625 0.41875 0.02109375 0.0734375
0 0.64609375 0.421875 0.0234375 0.09375
9 0.6171875 0.421875 0.02890625 0.0296875
0 0.615625 0.41171875 0.01796875 0.03671875
0 0.62265625 0.41171875 0.01875 0.0328125
9 0.59765625 0.40546875 0.01484375 0.01953125
0 0.546875 0.40546875 0.01171875 0.02265625
9 0.54453125 0.41171875 0.0203125 0.02421875
13 0.53125 0.41640625 0.00390625 0.0171875
0 0.5234375 0.41015625 0.009375 0.02734375
0 0.50390625 0.4078125 0.009375 0.02578125
13 0.43046875 0.45625 0.01171875 0.0546875
13 0.3421875 0.47578125 0.01328125 0.06953125
0 0.46171875 0.4203125 0.02890625 0.0609375
0 0.38125 0.4234375 0.02421875 0.06328125
9 0.38203125 0.428125 0.0546875 0.0515625
0 0.32265625 0.4125 0.01953125 0.04375
9 0.32265625 0.4296875 0.02421875 0.0296875
0 0.3515625 0.4015625 0.01171875 0.021875
10 0.0703125 0.35859375 0.02265625 0.2375
0 0.103125 0.41796875 0.021875 0.05078125
0 0.115625 0.42890625 0.0203125 0.07265625
12 0.034375 0.3875 0.06875 0.0828125
10 0.75546875 0.2484375 0.03046875 0.490625
10 0.80234375 0.39453125 0.00703125 0.07421875
1 0.81953125 0.3984375 0.05078125 0.02421875
1 0.8828125 0.39765625 0.0296875 0.02578125
1 0.940625 0.41953125 0.1171875 0.07109375
0 0.90625 0.39921875 0.015625 0.03203125
1 0.9296875 0.39765625 0.04375 0.025
12 0.5359375 0.390625 0.025 0.01953125
1 0.49453125 0.40078125 0.025 0.01796875
9 0.46484375 0.42578125 0.053125 0.04609375
9 0.5234375 0.42109375 0.009375 0.01796875
9 0.490625 0.41328125 0.01015625 0.0171875
11 0.35 0.41171875 0.0359375 0.046875
1 0.41640625 0.4015625 0.0234375 0.02109375
1 0.4359375 0.4 0.02109375 0.01796875
1 0.3109375 0.40078125 0.0109375 0.021875
