13 0.37578125 0.50703125 0.01171875 0.059375
13 0.5421875 0.46953125 0.00859375 0.04609375
13 0.60546875 0.45625 0.009375 0.04296875
13 0.79375 0.43046875 0.009375 0.0390625
10 0.70234375 0.3515625 0.0109375 0.12578125
10 0.7578125 0.33359375 0.0078125 0.13671875
10 0.87421875 0.359375 0.01328125 0.16875
13 0.9546875 0.40078125 0.0078125 0.034375
1 0.803125 0.390625 0.02421875 0.01640625
1 0.78203125 0.39296875 0.02109375 0.0171875
1 0.740625 0.39609375 0.0296875 0.01640625
0 0.76328125 0.3921875 0.00625 0.0125
0 0.690625 0.403125 0.00703125 0.0265625
13 0.6875 0.41328125 0.0046875 0.01953125
0 0.621875 0.41015625 0.0125 0.03984375
0 0.64921875 0.40390625 0.00546875 0.01875
13 0.6453125 0.41015625 0.003125 0.009375
1 0.68359375 0.3953125 0.009375 0.0125
10 0.59453125 0.3875 0.01484375 0.19375
1 0.5890625 0.41171875 0.05703125 0.028125
1 0.44609375 0.41640625 0.01953125 0.015625
1 0.42890625 0.41796875 0.02421875 0.01875
1 0.403125 0.42109375 0.021875 0.01796875
9 0.31484375 0.4578125 0.02578125 0.04375
0 0.2859375 0.45234375 0.02265625 0.05546875
0 0.1578125 0.4859375 0.040625 0.08125
0 0.08203125 0.49296875 0.04375 0.08984375
9 0.1625 0.5140625 0.05390625 0.075
1 0.04453125 0.459375 0.0875 0.04921875
11 0.1171875 0.4671875 0.0625 0.08671875
10 0.503125 0.3953125 0.00625 0.0703125
10 0.509375 0.396875 0.0078125 0.0671875
9 0.47265625 0.42109375 0.0125 0.015625
9 0.5015625 0.4203125 0.01015625 0.01328125
12 0.42578125 0.4109375 0.03125 0.03046875
9 0.33828125 0.42890625 0.00859375 0.01796875
9 0.35 0.42890625 0.00859375 0.015625
9 0.3703125 0.42734375 0.00625 0.01640625
9 0.3796875 0.4265625 0.00859375 0.01640625
1 0.3828125 0.4234375 0.01796875 0.01484375
0 0.3390625 0.42578125 0.0078125 0.0171875
0 0.35078125 0.4265625 0.009375 0.0203125
0 0.3703125 0.425 0.00703125 0.0203125
0 0.3234375 0.42734375 0.0046875 0.01171875
0 0.253125 0.434375 0.01484375 0.02265625
0 0.2015625 0.45546875 0.028125 0.05078125
0 0.18046875 0.43828125 0.01484375 0.025
0 0.1828125 0.471875 0.03671875 0.06953125
0 0.2421875 0.46875 0.02265625 0.04921875
0 0.290625 0.42890625 0.0078125 0.01640625
0 0.2953125 0.43046875 0.01015625 0.021875
0 0.09609375 0.44140625 0.01640625 0.01796875
14 0.63984375 0.3984375 0.00625 0.00859375
1 0.521875 0.40859375 0.0109375 0.01015625
1 0.51015625 0.4078125 0.0125 0.00703125
1 0.49453125 0.41015625 0.0140625 0.00703125
