16 0.90625 0.6546875 0.1875 0.3140625
13 0.146875 0.53125 0.0828125 0.30546875
13 0.196875 0.43515625 0.0703125 0.26328125
13 0.22109375 0.384375 0.06015625 0.2296875
13 0.246875 0.36171875 0.0359375 0.16875
13 0.43828125 0.34921875 0.04296875 0.1703125
13 0.2875 0.26484375 0.02890625 0.134375
9 0.3875 0.16875 0.0828125 0.16484375
1 0.31015625 0.12578125 0.08984375 0.12109375
0 0.24765625 0.10546875 0.01953125 0.0609375
1 0.3734375 0.0859375 0.0484375 0.02734375
1 0.221875 0.0875 0.0390625 0.04375
1 0.19140625 0.09140625 0.05 0.05
1 0.16328125 0.10078125 0.05234375 0.0453125
1 0.13046875 0.10546875 0.059375 0.05234375
1 0.03046875 0.1453125 0.06015625 0.15859375
1 0.0625 0.125 0.0734375 0.10859375
