6 0.78984375 0.42109375 0.1890625 0.175
6 0.7140625 0.378125 0.10078125 0.14609375
16 0.46875 0.49453125 0.078125 0.11484375
16 0.41953125 0.43984375 0.06328125 0.08828125
13 0.6140625 0.35703125 0.0140625 0.06640625
13 0.58828125 0.346875 0.0125 0.06171875
13 0.54375 0.33984375 0.0140625 0.07421875
13 0.496875 0.33984375 0.0140625 0.075
13 0.43828125 0.340625 0.01796875 0.06953125
13 0.4265625 0.3203125 0.0140625 0.0546875
13 0.41796875 0.30078125 0.00859375 0.02265625
16 0.41015625 0.325 0.0234375 0.03515625
12 0.25078125 0.35390625 0.278125 0.32578125
1 0.2515625 0.3578125 0.284375 0.31796875
9 0.046875 0.31796875 0.07421875 0.14453125
0 0.046875 0.28046875 0.075 0.1796875
10 0.14609375 0.1296875 0.025 0.25625
9 0.39375 0.22578125 0.01875 0.0515625
