15 0.6421875 0.32890625 0.04140625 0.0796875
15 0.59296875 0.32734375 0.04140625 0.0796875
15 0.4625 0.31875 0.034375 0.07421875
15 0.36875 0.31328125 0.034375 0.07265625
15 0.2078125 0.3015625 0.0328125 0.0671875
0 0.26875 0.2546875 0.05625 0.16328125
0 0.48671875 0.22578125 0.02421875 0.08828125
0 0.43125 0.22421875 0.02890625 0.07734375
0 0.384375 0.22421875 0.02109375 0.07734375
0 0.3671875 0.22734375 0.021875 0.06953125
0 0.66328125 0.225 0.0328125 0.090625
0 0.68515625 0.22421875 0.0203125 0.0859375
0 0.7453125 0.2234375 0.025 0.0890625
0 0.82890625 0.2375 0.02578125 0.0984375
0 0.89921875 0.23671875 0.021875 0.09375
0 0.8796875 0.23671875 0.02421875 0.09609375
7 0.94453125 0.16796875 0.109375 0.23515625
9 0.97890625 0.440625 0.04140625 0.24765625
10 0.7078125 0.153125 0.01875 0.234375
