13 0.90859375 0.51171875 0.04921875 0.221875
6 0.971875 0.34765625 0.05546875 0.17109375
13 0.76484375 0.46953125 0.04140625 0.19609375
13 0.70546875 0.425 0.02734375 0.13125
13 0.6734375 0.45078125 0.0359375 0.1796875
13 0.640625 0.4046875 0.02734375 0.13828125
13 0.59609375 0.4453125 0.028125 0.13984375
13 0.52578125 0.43203125 0.0265625 0.1296875
13 0.48359375 0.41875 0.02265625 0.12734375
13 0.4359375 0.41171875 0.02265625 0.1140625
13 0.38046875 0.390625 0.02265625 0.11953125
9 0.4578125 0.31640625 0.06015625 0.16484375
9 0.3609375 0.3125 0.09140625 0.15703125
9 0.2640625 0.31796875 0.0828125 0.15390625
16 0.303125 0.84296875 0.1921875 0.31328125
16 0.1625 0.7734375 0.1390625 0.2625
13 0.20625 0.5828125 0.0515625 0.115625
13 0.0765625 0.71484375 0.075 0.3296875
9 0.1375 0.31484375 0.0625 0.109375
13 0.57890625 0.40078125 0.01953125 0.11875
13 0.52890625 0.39453125 0.01953125 0.1046875
13 0.478125 0.38125 0.021875 0.10703125
