13 0.515625 0.48984375 0.02734375 0.0890625
13 0.353125 0.4953125 0.0265625 0.090625
0 0.4046875 0.28359375 0.02109375 0.078125
0 0.5765625 0.27109375 0.02734375 0.07265625
9 0.57265625 0.28046875 0.034375 0.05546875
1 0.49609375 0.27265625 0.12890625 0.08828125
1 0.3140625 0.284375 0.05859375 0.0703125
0 0.271875 0.28984375 0.015625 0.05625
0 0.2453125 0.28828125 0.01875 0.05859375
0 0.209375 0.278125 0.015625 0.04921875
0 0.06171875 0.29375 0.02734375 0.09453125
1 0.05859375 0.3 0.1046875 0.078125
1 0.11796875 0.2875 0.06484375 0.0546875
1 0.171875 0.2828125 0.06015625 0.04609375
1 0.215625 0.2796875 0.04375 0.04140625
1 0.25703125 0.27890625 0.02421875 0.03125
14 0.696875 0.31484375 0.053125 0.09609375
13 0.65859375 0.2984375 0.0078125 0.0203125
0 0.72890625 0.2359375 0.0171875 0.02890625
