10 0.43125 0.23515625 0.028125 0.45859375
6 0.7609375 0.428125 0.04140625 0.0421875
15 0.73125 0.4328125 0.0140625 0.03203125
10 0.82890625 0.384375 0.01640625 0.11953125
1 0.6453125 0.41015625 0.078125 0.04375
1 0.54609375 0.41328125 0.09140625 0.0546875
1 0.48359375 0.41328125 0.08125 0.0515625
1 0.44765625 0.41171875 0.0828125 0.06015625
1 0.359375 0.4078125 0.09453125 0.07578125
1 0.30234375 0.4203125 0.06875 0.059375
1 0.221875 0.421875 0.1359375 0.0671875
14 0.18515625 0.45625 0.05703125 0.07109375
9 0.034375 0.909375 0.06640625 0.18046875
16 0.6109375 0.4328125 0.01328125 0.01796875
16 0.62421875 0.43125 0.01328125 0.01796875
16 0.6 0.4234375 0.01015625 0.01328125
16 0.64453125 0.43046875 0.0140625 0.01796875
16 0.6625 0.42890625 0.0140625 0.01875
16 0.68046875 0.42734375 0.01328125 0.01875
16 0.69453125 0.42109375 0.009375 0.0140625
16 0.71875 0.4203125 0.0109375 0.015625
1 0.76015625 0.40546875 0.071875 0.0453125
16 0.79453125 0.4203125 0.009375 0.015625
16 0.80390625 0.4203125 0.01015625 0.0171875
16 0.8140625 0.41953125 0.01015625 0.01484375
16 0.8234375 0.41796875 0.00859375 0.015625
1 0.84140625 0.4046875 0.05234375 0.0359375
1 0.9078125 0.3953125 0.078125 0.04765625
12 0.90625 0.39453125 0.078125 0.04765625
17 0.80859375 0.43359375 0.009375 0.02578125
