13 0.4015625 0.45703125 0.021875 0.1078125
13 0.67265625 0.375 0.0125 0.05390625
10 0.5953125 0.26796875 0.0359375 0.45
10 0.303125 0.26015625 0.02109375 0.2
13 0.2765625 0.3546875 0.00546875 0.03125
13 0.28203125 0.34921875 0.0046875 0.0203125
0 0.29140625 0.334375 0.00703125 0.0296875
0 0.309375 0.33515625 0.00703125 0.02734375
0 0.15859375 0.3421875 0.02265625 0.06796875
0 0.19609375 0.33828125 0.015625 0.0328125
9 0.19375 0.34453125 0.0359375 0.034375
13 0.25234375 0.3421875 0.00390625 0.01640625
1 0.1375 0.325 0.01796875 0.01328125
1 0.11875 0.325 0.01875 0.01328125
1 0.10078125 0.32578125 0.01796875 0.01484375
1 0.08671875 0.33203125 0.03046875 0.02734375
0 0.06875 0.34921875 0.03046875 0.06484375
9 0.065625 0.36171875 0.0875 0.06796875
1 0.375 0.334375 0.08515625 0.021875
1 0.44453125 0.33125 0.02734375 0.01640625
1 0.4234375 0.33125 0.02265625 0.01640625
1 0.778125 0.32734375 0.06484375 0.01796875
