13 0.43359375 0.51328125 0.01328125 0.0609375
13 0.40546875 0.48046875 0.009375 0.04765625
13 0.34375 0.49921875 0.01328125 0.053125
0 0.68046875 0.48125 0.04296875 0.1140625
0 0.728125 0.45859375 0.0203125 0.08359375
0 0.86484375 0.465625 0.021875 0.10390625
9 0.75859375 0.55546875 0.10078125 0.10625
0 0.7578125 0.5203125 0.05625 0.1109375
10 0.4609375 0.4046875 0.015625 0.1921875
10 0.36796875 0.41484375 0.01640625 0.21796875
0 0.3859375 0.46171875 0.03203125 0.078125
0 0.19921875 0.5 0.06015625 0.12578125
1 0.02109375 0.4921875 0.0375 0.13671875
0 0.1046875 0.74765625 0.20625 0.48984375
9 0.13984375 0.80859375 0.26328125 0.36640625
11 0.21875 0.49296875 0.22265625 0.15859375
13 0.33671875 0.4921875 0.00859375 0.05234375
1 0.56015625 0.4359375 0.10390625 0.065625
10 0.6 0.4296875 0.00703125 0.11796875
