13 0.36796875 0.5875 0.04921875 0.23984375
13 0.88125 0.3390625 0.015625 0.05703125
0 0.84140625 0.31171875 0.04296875 0.08671875
0 0.8359375 0.33046875 0.071875 0.08515625
1 0.978125 0.2609375 0.04296875 0.0421875
0 0.971875 0.24921875 0.01328125 0.01484375
1 0.90703125 0.2640625 0.09140625 0.040625
1 0.83359375 0.26328125 0.0515625 0.0421875
1 0.7828125 0.265625 0.06875 0.04375
1 0.715625 0.275 0.1 0.046875
10 0.6046875 0.20546875 0.015625 0.196875
1 0.57578125 0.28359375 0.12265625 0.0546875
10 0.55 0.24453125 0.0078125 0.05703125
1 0.453125 0.28828125 0.1140625 0.05
13 0.3671875 0.2890625 0.00390625 0.01484375
9 0.34921875 0.2859375 0.02734375 0.0265625
1 0.25 0.29765625 0.140625 0.06015625
