13 0.80625 0.3 0.040625 0.134375
13 0.678125 0.22890625 0.0203125 0.0875
13 0.190625 0.30234375 0.0359375 0.1453125
13 0.29140625 0.23515625 0.01953125 0.09140625
0 0.3484375 0.165625 0.02421875 0.0828125
10 0.8765625 0.16328125 0.0703125 0.325
1 0.9078125 0.15390625 0.15234375 0.08046875
9 0.796875 0.1640625 0.05 0.065625
0 0.8015625 0.14921875 0.028125 0.07734375
1 0.59296875 0.14453125 0.0421875 0.0375
0 0.546875 0.146875 0.01875 0.06171875
1 0.51640625 0.13984375 0.0375 0.03671875
1 0.56640625 0.13984375 0.02578125 0.0359375
1 0.48984375 0.1390625 0.02265625 0.0265625
9 0.140625 0.16796875 0.059375 0.05234375
0 0.1375 0.153125 0.0296875 0.05390625
10 0.74375 0.13203125 0.04375 0.2625
10 0.3671875 0.075 0.0125 0.13046875
0 0.41015625 0.13828125 0.00859375 0.03828125
13 0.41953125 0.15234375 0.0046875 0.01875
13 0.45078125 0.14921875 0.00390625 0.01953125
