15 0.7046875 0.44453125 0.02109375 0.04453125
15 0.57109375 0.44765625 0.021875 0.0453125
15 0.5046875 0.45078125 0.021875 0.0453125
0 0.596875 0.4171875 0.02578125 0.07578125
0 0.559375 0.41640625 0.03125 0.06953125
0 0.52421875 0.4046875 0.03359375 0.10703125
15 0.4109375 0.45390625 0.021875 0.04609375
15 0.3765625 0.45546875 0.025 0.0484375
13 0.35859375 0.41484375 0.00703125 0.025
13 0.31640625 0.41640625 0.00703125 0.02734375
10 0.48984375 0.31015625 0.01953125 0.23828125
14 0.26484375 0.4125 0.0328125 0.040625
15 0.20546875 0.42109375 0.0140625 0.02890625
1 0.190625 0.40546875 0.059375 0.05546875
1 0.0625 0.403125 0.0625 0.0578125
9 0.0125 0.40546875 0.01796875 0.0375
1 0.15390625 0.39765625 0.0234375 0.04765625
1 0.1453125 0.39453125 0.0390625 0.0515625
1 0.11328125 0.390625 0.0296875 0.040625
