13 0.29375 0.31796875 0.009375 0.03828125
16 0.48984375 0.32265625 0.0265625 0.03671875
16 0.51875 0.315625 0.021875 0.0328125
16 0.32734375 0.49296875 0.0765625 0.12109375
16 0.45859375 0.49765625 0.08046875 0.12734375
16 0.58125 0.50859375 0.08203125 0.1375
16 0.70390625 0.51328125 0.0859375 0.13125
9 0.853125 0.2828125 0.07421875 0.06328125
0 0.85546875 0.27109375 0.02578125 0.0625
0 0.84140625 0.265625 0.01640625 0.06484375
10 0.8265625 0.22734375 0.02578125 0.18515625
0 0.5796875 0.2421875 0.0203125 0.05234375
0 0.42421875 0.20078125 0.0125 0.03984375
0 0.40859375 0.19921875 0.0109375 0.03828125
0 0.29921875 0.2015625 0.0140625 0.03125
9 0.3 0.20859375 0.021875 0.03046875
14 0.190625 0.19375 0.015625 0.0203125
11 0.5625 0.2484375 0.09609375 0.07421875
11 0.84453125 0.2296875 0.10234375 0.065625
