13 0.39375 0.28203125 0.01484375 0.0765625
13 0.5765625 0.25859375 0.0125 0.059375
13 0.621875 0.23515625 0.0078125 0.03671875
13 0.59921875 0.2296875 0.009375 0.03828125
10 0.3203125 0.20859375 0.03046875 0.22734375
0 0.46796875 0.24453125 0.03125 0.10703125
0 0.54296875 0.21953125 0.01796875 0.07109375
1 0.76484375 0.19453125 0.0359375 0.02734375
1 0.740625 0.1921875 0.03125 0.0265625
1 0.7 0.1953125 0.03046875 0.0265625
1 0.67109375 0.1984375 0.03125 0.0296875
1 0.62578125 0.19765625 0.021875 0.025
13 0.62265625 0.115625 0.01796875 0.0421875
