13 0.60390625 0.53671875 0.04921875 0.23828125
13 0.3125 0.47421875 0.04140625 0.16015625
9 0.04609375 0.36328125 0.09140625 0.1234375
0 0.01796875 0.34140625 0.0359375 0.1234375
1 0.0984375 0.31015625 0.1921875 0.09453125
1 0.1546875 0.29375 0.16171875 0.08203125
10 0.3703125 0.32578125 0.08046875 0.64921875
13 0.51171875 0.25390625 0.0046875 0.01796875
9 0.39140625 0.2546875 0.01640625 0.034375
0 0.47578125 0.2484375 0.0140625 0.034375
9 0.47578125 0.25859375 0.0359375 0.03515625
10 0.49453125 0.22265625 0.00625 0.084375
10 0.59609375 0.16953125 0.0109375 0.2015625
9 0.571875 0.25390625 0.03828125 0.040625
0 0.5703125 0.24453125 0.01875 0.04296875
0 0.61015625 0.2375 0.009375 0.03359375
13 0.60546875 0.2453125 0.0046875 0.01640625
0 0.6984375 0.28359375 0.03984375 0.13359375
9 0.69921875 0.29296875 0.121875 0.109375
0 0.63046875 0.28203125 0.0375 0.10625
1 0.69765625 0.2484375 0.14609375 0.07578125
9 0.853125 0.29453125 0.1109375 0.10078125
0 0.85234375 0.2640625 0.05390625 0.121875
0 0.9125 0.26953125 0.06171875 0.1234375
0 0.72578125 0.21640625 0.00546875 0.01953125
13 0.7609375 0.2359375 0.003125 0.015625
13 0.765625 0.234375 0.00234375 0.0171875
