16 0.540625 0.4984375 0.05703125 0.0859375
1 0.92578125 0.28203125 0.10234375 0.05703125
1 0.821875 0.26875 0.10546875 0.03828125
1 0.74296875 0.2765625 0.0421875 0.0296875
1 0.68828125 0.2765625 0.0515625 0.03203125
7 0.74609375 0.2609375 0.05234375 0.04765625
7 0.590625 0.30546875 0.24140625 0.1046875
0 0.4625 0.29140625 0.01328125 0.04921875
0 0.47578125 0.27890625 0.0125 0.02578125
1 0.0546875 0.321875 0.103125 0.071875
1 0.0765625 0.309375 0.13984375 0.08671875
1 0.11640625 0.31015625 0.0921875 0.0703125
1 0.1703125 0.31484375 0.04375 0.05546875
1 0.20625 0.30078125 0.0859375 0.0578125
