15 0.13671875 0.5453125 0.0578125 0.10703125
15 0.31484375 0.50078125 0.03984375 0.08203125
15 0.5109375 0.4609375 0.03125 0.06171875
14 0.89921875 0.52265625 0.1296875 0.25625
1 0.959375 0.290625 0.0421875 0.053125
15 0.93359375 0.31796875 0.01015625 0.02421875
15 0.921875 0.3296875 0.0109375 0.02578125
6 0.7546875 0.34609375 0.040625 0.04765625
9 0.69921875 0.365625 0.03984375 0.08125
9 0.5734375 0.365625 0.071875 0.09375
9 0.6078125 0.36328125 0.075 0.09296875
9 0.640625 0.365625 0.0625 0.0828125
