13 0.528125 0.33046875 0.03359375 0.184375
6 0.1390625 0.23046875 0.171875 0.1875
6 0.0875 0.22578125 0.1734375 0.17265625
1 0.0140625 0.13125 0.02734375 0.04140625
6 0.35625 0.1328125 0.04296875 0.04609375
0 0.3546875 0.1203125 0.02421875 0.06796875
0 0.3125 0.1203125 0.02421875 0.065625
9 0.3140625 0.1265625 0.05234375 0.053125
13 0.13046875 0.13203125 0.009375 0.02890625
0 0.28671875 0.12109375 0.028125 0.06171875
0 0.23671875 0.11015625 0.02265625 0.0453125
0 0.98828125 0.0796875 0.01171875 0.03359375
13 0.9515625 0.08828125 0.0046875 0.015625
13 0.78046875 0.09609375 0.003125 0.01328125
9 0.73671875 0.115625 0.0578125 0.06171875
0 0.7375 0.10390625 0.0296875 0.0578125
9 0.68515625 0.12265625 0.07421875 0.06953125
0 0.68828125 0.10390625 0.03203125 0.0703125
9 0.6140625 0.1046875 0.03125 0.025
10 0.59765625 0.06015625 0.00703125 0.09140625
0 0.5203125 0.09140625 0.009375 0.015625
9 0.49453125 0.10703125 0.0109375 0.02265625
9 0.52109375 0.103125 0.009375 0.01796875
9 0.47734375 0.1078125 0.009375 0.0234375
9 0.45234375 0.10703125 0.01171875 0.025
0 0.45390625 0.10390625 0.01484375 0.03203125
9 0.428125 0.11015625 0.03046875 0.02734375
9 0.409375 0.10859375 0.0125 0.0265625
13 0.390625 0.1078125 0.00234375 0.01328125
13 0.3953125 0.10546875 0.00234375 0.01328125
1 0.45546875 0.0984375 0.01796875 0.025
1 0.48203125 0.0984375 0.01796875 0.0203125
