13 0.98125 0.59609375 0.0375 0.14765625
13 0.74609375 0.4640625 0.0484375 0.1140625
13 0.58203125 0.371875 0.0375 0.09921875
13 0.471875 0.31484375 0.03203125 0.084375
13 0.38984375 0.2734375 0.02578125 0.075
13 0.328125 0.24140625 0.02578125 0.065625
13 0.278125 0.215625 0.02265625 0.059375
13 0.2375 0.19453125 0.01875 0.05
13 0.203125 0.17578125 0.01875 0.046875
13 0.1734375 0.1625 0.01796875 0.0421875
13 0.15 0.1484375 0.01640625 0.03984375
13 0.128125 0.1375 0.01484375 0.03828125
13 0.11015625 0.128125 0.015625 0.03671875
13 0.09375 0.11875 0.01328125 0.03359375
13 0.07890625 0.1125 0.0140625 0.0328125
13 0.06640625 0.10625 0.01171875 0.03359375
13 0.05546875 0.10078125 0.0109375 0.028125
13 0.04453125 0.09609375 0.009375 0.02734375
13 0.0359375 0.09140625 0.01015625 0.025
13 0.0265625 0.08671875 0.009375 0.025
13 0.01875 0.0828125 0.009375 0.0234375
13 0.01171875 0.0796875 0.0078125 0.02265625
9 0.94296875 0.22265625 0.1140625 0.27265625
9 0.88203125 0.10703125 0.14296875 0.17578125
9 0.75078125 0.11796875 0.115625 0.18828125
9 0.59296875 0.08515625 0.09375 0.1421875
9 0.3453125 0.15078125 0.103125 0.23203125
9 0.40625 0.1328125 0.10625 0.24453125
9 0.2234375 0.10234375 0.0875 0.18046875
9 0.17109375 0.0546875 0.06015625 0.08203125
9 0.07265625 0.05078125 0.03984375 0.0796875
0 0.36640625 0.03515625 0.01953125 0.0703125
9 0.6609375 0.07265625 0.065625 0.08984375
13 0.01015625 0.0328125 0.0046875 0.0109375
13 0.02734375 0.0328125 0.0046875 0.01171875
13 0.04609375 0.03359375 0.00390625 0.0109375
