0 0.19765625 0.678125 0.0984375 0.321875
13 0.16640625 0.59921875 0.01015625 0.03828125
13 0.24296875 0.61875 0.01171875 0.07421875
13 0.28203125 0.61796875 0.015625 0.07734375
13 0.32109375 0.6203125 0.015625 0.07578125
13 0.36015625 0.61953125 0.01484375 0.07578125
13 0.39921875 0.6203125 0.015625 0.0765625
13 0.4375 0.6203125 0.01484375 0.0765625
13 0.47734375 0.6203125 0.01484375 0.07578125
13 0.515625 0.621875 0.01484375 0.07734375
13 0.55234375 0.621875 0.01484375 0.075
13 0.590625 0.621875 0.01484375 0.0796875
1 0.62265625 0.55390625 0.2078125 0.10390625
9 0.775 0.56953125 0.084375 0.0625
16 0.96328125 0.5875 0.02265625 0.025
0 0.93828125 0.56953125 0.01640625 0.05859375
0 0.91484375 0.559375 0.03125 0.078125
0 0.88828125 0.5671875 0.025 0.05859375
15 0.8640625 0.57265625 0.01328125 0.02734375
15 0.9609375 0.5671875 0.009375 0.01875
0 0.85 0.56796875 0.01796875 0.0609375
0 0.83046875 0.55390625 0.02421875 0.084375
0 0.771875 0.55546875 0.0390625 0.0875
0 0.6203125 0.5375 0.0140625 0.02265625
0 0.38828125 0.56875 0.0359375 0.14140625
0 0.33359375 0.534375 0.01953125 0.08203125
0 0.353125 0.53203125 0.01796875 0.0859375
0 0.26171875 0.53203125 0.0265625 0.084375
0 0.00625 0.52265625 0.0109375 0.08671875
0 0.028125 0.5484375 0.02109375 0.04453125
0 0.0671875 0.52890625 0.02421875 0.08515625
0 0.125 0.53046875 0.0234375 0.07734375
