1 0.85859375 0.325 0.28203125 0.27265625
10 0.79296875 0.12265625 0.03203125 0.24375
10 0.8765625 0.1046875 0.03984375 0.20625
0 0.71796875 0.22109375 0.0359375 0.0390625
0 0.6453125 0.24765625 0.0390625 0.09375
9 0.59296875 0.259375 0.0390625 0.078125
0 0.5953125 0.24921875 0.04765625 0.09921875
9 0.540625 0.2578125 0.03125 0.0703125
0 0.540625 0.25234375 0.03984375 0.084375
1 0.48125 0.234375 0.06640625 0.0609375
1 0.43984375 0.2265625 0.0515625 0.059375
0 0.38046875 0.27578125 0.05546875 0.20078125
13 0.30859375 0.253125 0.009375 0.034375
13 0.34453125 0.2453125 0.0078125 0.0375
0 0.296875 0.234375 0.01875 0.08046875
0 0.246875 0.3515625 0.02265625 0.12578125
0 0.2609375 0.32421875 0.01875 0.10390625
0 0.17890625 0.26171875 0.009375 0.04765625
10 0.17265625 0.11484375 0.015625 0.2296875
10 0.13203125 0.21171875 0.01328125 0.146875
