14 0.52265625 0.53203125 0.3140625 0.40859375
6 0.83203125 0.68203125 0.33203125 0.55
1 0.31484375 0.321875 0.115625 0.1171875
1 0.37265625 0.31953125 0.059375 0.07109375
0 0.38515625 0.28984375 0.025 0.03359375
0 0.67578125 0.26953125 0.02890625 0.040625
0 0.596875 0.2703125 0.025 0.0328125
1 0.61640625 0.2734375 0.02734375 0.02734375
1 0.53359375 0.2703125 0.1046875 0.040625
0 0.478125 0.27265625 0.01171875 0.034375
14 0.459375 0.27890625 0.01328125 0.0203125
0 0.1078125 0.3265625 0.0390625 0.14453125
0 0.0375 0.3484375 0.046875 0.140625
0 0.05390625 0.3203125 0.040625 0.134375
17 0.8984375 0.27265625 0.009375 0.02109375
6 0.878125 0.26796875 0.0265625 0.0296875
0 0.8375 0.2484375 0.0125 0.01796875
0 0.86796875 0.2421875 0.009375 0.02265625
0 0.884375 0.23828125 0.00859375 0.02421875
0 0.89765625 0.24921875 0.0203125 0.04375
1 0.71171875 0.25625 0.128125 0.0578125
17 0.22421875 0.371875 0.0234375 0.04609375
