12 0.71171875 0.52734375 0.1828125 0.22734375
0 0.6125 0.53515625 0.03203125 0.12734375
0 0.56796875 0.53359375 0.03046875 0.103125
1 0.5578125 0.51953125 0.09140625 0.10234375
10 0.89921875 0.359375 0.02265625 0.28671875
1 0.828125 0.51015625 0.13359375 0.10234375
14 0.47109375 0.55 0.05703125 0.10546875
1 0.378125 0.49296875 0.053125 0.0328125
0 0.3484375 0.490625 0.0109375 0.0375
0 0.25234375 0.5796875 0.11640625 0.159375
9 0.25 0.71015625 0.1421875 0.36015625
11 0.428125 0.503125 0.05703125 0.09765625
10 0.496875 0.4234375 0.01328125 0.196875
1 0.0171875 0.57265625 0.034375 0.12421875
