13 0.528125 0.48046875 0.04296875 0.2078125
13 0.5578125 0.2078125 0.0078125 0.0421875
13 0.58984375 0.19921875 0.00703125 0.03671875
0 0.51640625 0.1703125 0.0078125 0.0328125
0 0.30234375 0.21015625 0.034375 0.0875
9 0.30390625 0.2296875 0.08515625 0.08515625
1 0.10625 0.20703125 0.121875 0.06796875
1 0.25625 0.20625 0.17734375 0.1
1 0.36328125 0.203125 0.1265625 0.07734375
0 0.6328125 0.17890625 0.01796875 0.0734375
13 0.6453125 0.171875 0.00390625 0.01875
13 0.70078125 0.165625 0.0046875 0.01484375
9 0.9328125 0.1890625 0.090625 0.103125
0 0.93984375 0.18359375 0.0546875 0.11328125
0 0.86484375 0.18515625 0.0484375 0.10546875
9 0.80078125 0.203125 0.09296875 0.09375
0 0.71796875 0.16796875 0.03515625 0.05625
0 0.7625 0.15859375 0.02109375 0.04375
0 0.80390625 0.18046875 0.03515625 0.09453125
