16 0.29375 0.371875 0.090625 0.11796875
16 0.5046875 0.33984375 0.07265625 0.103125
6 0.63046875 0.328125 0.13203125 0.23671875
6 0.7421875 0.36484375 0.08828125 0.2953125
6 0.87421875 0.37421875 0.146875 0.296875
0 0.88515625 0.1875 0.03828125 0.159375
0 0.61875 0.1796875 0.0296875 0.1484375
0 0.60390625 0.1765625 0.021875 0.15
0 0.5453125 0.17578125 0.0359375 0.20078125
1 0.3875 0.16875 0.265625 0.21796875
1 0.22890625 0.1234375 0.040625 0.028125
0 0.25703125 0.12734375 0.009375 0.03359375
1 0.16953125 0.1234375 0.0421875 0.03203125
14 0.7578125 0.2 0.10546875 0.1234375
0 0.771875 0.125 0.01484375 0.02421875
