14 0.74921875 0.69765625 0.2515625 0.603125
1 0.984375 0.25859375 0.0265625 0.021875
9 0.8796875 0.26484375 0.009375 0.01953125
0 0.8234375 0.265625 0.009375 0.01953125
0 0.8515625 0.2625 0.00625 0.01796875
1 0.85234375 0.2625 0.02421875 0.02421875
6 0.7078125 0.2765625 0.0234375 0.0203125
12 0.52109375 0.24453125 0.08515625 0.13125
10 0.49375 0.209375 0.01640625 0.20078125
14 0.46875 0.2921875 0.03203125 0.03671875
9 0.35234375 0.3015625 0.04296875 0.04609375
9 0.38125 0.29765625 0.04296875 0.04921875
1 0.40234375 0.28359375 0.0875 0.046875
0 0.43515625 0.2671875 0.0078125 0.0203125
1 0.334375 0.28046875 0.04765625 0.05
10 0.08203125 0.178125 0.05703125 0.34921875
1 0.63359375 0.27421875 0.02734375 0.0296875
1 0.66328125 0.27109375 0.02109375 0.028125
1 0.728125 0.2671875 0.03515625 0.025
1 0.465625 0.28203125 0.053125 0.03828125
