15 0.6 0.365625 0.06484375 0.15
15 0.79453125 0.31015625 0.053125 0.1203125
15 0.72578125 0.26328125 0.03671875 0.09453125
15 0.6484375 0.22578125 0.0296875 0.06484375
0 0.3453125 0.190625 0.04765625 0.14921875
0 0.3828125 0.19296875 0.03515625 0.1484375
0 0.44921875 0.20078125 0.03828125 0.1390625
0 0.47421875 0.146875 0.0265625 0.0953125
0 0.6078125 0.16796875 0.0296875 0.1484375
0 0.653125 0.1671875 0.0453125 0.12265625
9 0.65234375 0.19375 0.109375 0.11484375
0 0.94375 0.14453125 0.0421875 0.121875
0 0.87109375 0.14296875 0.0546875 0.146875
0 0.8109375 0.16171875 0.03828125 0.15703125
0 0.76328125 0.2296875 0.059375 0.13359375
14 0.8546875 0.15078125 0.05859375 0.07578125
