16 0.31171875 0.603125 0.11875 0.17578125
16 0.4515625 0.4796875 0.07734375 0.11640625
16 0.52734375 0.42265625 0.0625 0.0875
16 0.603125 0.3859375 0.0515625 0.0734375
13 0.68671875 0.34921875 0.02421875 0.0734375
13 0.75234375 0.3515625 0.01875 0.07890625
13 0.8078125 0.35625 0.02421875 0.08125
13 0.8796875 0.3828125 0.02109375 0.0796875
13 0.865625 0.365625 0.0203125 0.0703125
13 0.721875 0.32421875 0.015625 0.05546875
16 0.7078125 0.33046875 0.02421875 0.040625
16 0.67421875 0.32734375 0.028125 0.04375
16 0.64609375 0.30234375 0.02265625 0.03125
13 0.66796875 0.2921875 0.01015625 0.034375
10 0.56328125 0.1421875 0.01875 0.2765625
