13 0.684375 0.5171875 0.0328125 0.1703125
13 0.70078125 0.453125 0.025 0.13203125
13 0.609375 0.4578125 0.02578125 0.1375
13 0.50625 0.45 0.03515625 0.16796875
13 0.403125 0.45703125 0.03203125 0.171875
13 0.2546875 0.46796875 0.0390625 0.171875
13 0.321875 0.36796875 0.0234375 0.0984375
13 0.2265625 0.31171875 0.015625 0.0625
16 0.1921875 0.321875 0.0375 0.05
16 0.23046875 0.38203125 0.05390625 0.08046875
16 0.29453125 0.38046875 0.04375 0.07421875
0 0.2921875 0.23046875 0.0125 0.04296875
10 0.03515625 0.14765625 0.05234375 0.28828125
