13 0.94765625 0.55703125 0.06328125 0.21640625
13 0.653125 0.4421875 0.02265625 0.12265625
16 0.621875 0.459375 0.04453125 0.08984375
16 0.55625 0.4640625 0.06640625 0.09921875
13 0.61953125 0.3984375 0.02109375 0.04375
13 0.32421875 0.3796875 0.01484375 0.084375
13 0.31171875 0.375 0.01328125 0.08359375
16 0.2765625 0.39140625 0.04609375 0.06484375
9 0.31171875 0.246875 0.02578125 0.07109375
9 0.02109375 0.3 0.040625 0.09609375
0 0.0828125 0.24765625 0.00859375 0.02734375
11 0.19296875 0.2546875 0.0390625 0.07890625
11 0.14453125 0.2609375 0.04921875 0.0671875
0 0.10390625 0.253125 0.0109375 0.04921875
1 0.1046875 0.25 0.02734375 0.02734375
