7 0.6671875 0.5921875 0.4703125 0.30390625
7 0.19765625 0.61171875 0.3953125 0.3171875
1 0.7375 0.025 0.059375 0.05
1 0.2609375 0.37734375 0.1703125 0.146875
1 0.97421875 0.37734375 0.04765625 0.09296875
1 0.13125 0.06640625 0.0578125 0.06953125
6 0.09375 0.825 0.128125 0.1359375
0 0.9578125 0.88515625 0.04765625 0.09609375
0 0.95703125 0.934375 0.08203125 0.109375
17 0.9546875 0.73984375 0.034375 0.06640625
13 0.37265625 0.3109375 0.0140625 0.05078125
13 0.51015625 0.290625 0.015625 0.053125
13 0.640625 0.28671875 0.01796875 0.05625
13 0.76796875 0.284375 0.015625 0.05078125
10 0.4796875 0.08515625 0.028125 0.1703125
10 0.61015625 0.08515625 0.02421875 0.1703125
10 0.33984375 0.0890625 0.0265625 0.178125
