6 0.2859375 0.646875 0.171875 0.38125
6 0.51484375 0.67265625 0.17421875 0.3546875
6 0.759375 0.71484375 0.21015625 0.39609375
6 0.62734375 0.625 0.16171875 0.31796875
0 0.28203125 0.44921875 0.18828125 0.43515625
0 0.50234375 0.4921875 0.184375 0.4984375
0 0.75703125 0.5046875 0.2140625 0.46875
0 0.62109375 0.48515625 0.15 0.453125
0 0.23671875 0.11875 0.06171875 0.23125
0 0.76484375 0.09453125 0.05390625 0.1890625
15 0.91484375 0.28515625 0.034375 0.08984375
15 0.853125 0.2765625 0.05 0.08984375
15 0.91875 0.17109375 0.04609375 0.1203125
