6 0.03125 0.525 0.06171875 0.3359375
6 0.11171875 0.553125 0.115625 0.2109375
6 0.28828125 0.58671875 0.1359375 0.21328125
6 0.43828125 0.6203125 0.33203125 0.3703125
6 0.684375 0.66796875 0.36015625 0.34375
0 0.67421875 0.49765625 0.25625 0.46640625
0 0.42734375 0.43984375 0.278125 0.53359375
0 0.1109375 0.44375 0.1140625 0.24765625
0 0.02890625 0.32109375 0.05390625 0.2109375
0 0.28203125 0.5171875 0.1 0.34140625
1 0.696875 0.1359375 0.0578125 0.03203125
1 0.73828125 0.13046875 0.04765625 0.0375
1 0.77734375 0.115625 0.0421875 0.0296875
