7 0.8859375 0.165625 0.22421875 0.325
7 0.6609375 0.10234375 0.234375 0.2046875
7 0.26875 0.084375 0.2140625 0.1625
0 0.9328125 0.16015625 0.05 0.20234375
0 0.6703125 0.16640625 0.05234375 0.184375
0 0.4890625 0.153125 0.05 0.14140625
0 0.43515625 0.1453125 0.04609375 0.14140625
0 0.39609375 0.16796875 0.0359375 0.09609375
0 0.28125 0.128125 0.04609375 0.090625
0 0.1359375 0.1203125 0.03984375 0.1015625
0 0.171875 0.10703125 0.03984375 0.12265625
0 0.10703125 0.12109375 0.02578125 0.109375
0 0.08671875 0.1265625 0.03828125 0.10390625
0 0.01796875 0.11328125 0.0359375 0.1359375
0 0.05078125 0.1171875 0.0421875 0.13359375
