7 0.5265625 0.44375 0.9203125 0.66796875
0 0.79765625 0.6390625 0.26171875 0.4859375
0 0.65234375 0.659375 0.15234375 0.4140625
0 0.4640625 0.77421875 0.13828125 0.24375
0 0.3703125 0.77109375 0.234375 0.31015625
0 0.16953125 0.77734375 0.1890625 0.33828125
0 0.09765625 0.690625 0.19453125 0.40625
0 0.209375 0.5359375 0.4078125 0.19609375
0 0.26796875 0.57109375 0.15703125 0.21796875
0 0.39765625 0.45625 0.128125 0.0640625
0 0.47734375 0.41875 0.13828125 0.10625
0 0.5890625 0.41171875 0.18125 0.11171875
