6 0.51875 0.70390625 0.4296875 0.40234375
0 0.5203125 0.5140625 0.25234375 0.65390625
0 0.08984375 0.33828125 0.08828125 0.2796875
0 0.09296875 0.30859375 0.165625 0.33203125
0 0.1796875 0.36875 0.1078125 0.20078125
0 0.20234375 0.23984375 0.0921875 0.20078125
0 0.2453125 0.3296875 0.06171875 0.2234375
0 0.30390625 0.27265625 0.1 0.265625
0 0.27734375 0.4234375 0.07421875 0.08125
0 0.38515625 0.37265625 0.08984375 0.16484375
0 0.55 0.23046875 0.07578125 0.13125
0 0.70625 0.3578125 0.1359375 0.184375
0 0.8203125 0.2890625 0.1 0.31015625
0 0.921875 0.31953125 0.09609375 0.2265625
0 0.928125 0.26953125 0.115625 0.32109375
