6 0.4703125 0.7203125 0.48828125 0.41640625
6 0.85078125 0.4328125 0.29375 0.34453125
6 0.3390625 0.29921875 0.29375 0.41328125
6 0.784375 0.27421875 0.384375 0.48203125
6 0.23671875 0.15546875 0.1421875 0.3109375
0 0.521875 0.1390625 0.09609375 0.27265625
0 0.3 0.2421875 0.178125 0.484375
0 0.48671875 0.503125 0.30234375 0.4671875
0 0.14296875 0.65234375 0.18203125 0.5984375
0 0.10078125 0.8890625 0.165625 0.16796875
0 0.44375 0.8640625 0.12421875 0.134375
0 0.14296875 0.5625 0.17421875 0.646875
0 0.82421875 0.33828125 0.2359375 0.6703125
0 0.76171875 0.26015625 0.1078125 0.5203125
0 0.08671875 0.240625 0.1734375 0.48125
