7 0.8109375 0.825 0.37421875 0.253125
1 0.328125 0.9109375 0.0640625 0.0828125
0 0.97421875 0.89765625 0.04765625 0.2
0 0.9171875 0.90390625 0.05 0.18671875
0 0.84609375 0.9078125 0.06015625 0.17890625
0 0.82109375 0.89296875 0.0421875 0.20234375
0 0.74765625 0.90546875 0.06015625 0.184375
0 0.60234375 0.8921875 0.0640625 0.2109375
0 0.64375 0.91484375 0.04375 0.165625
0 0.5296875 0.90390625 0.07578125 0.18671875
0 0.48125 0.90546875 0.0578125 0.184375
0 0.42734375 0.909375 0.0578125 0.17578125
0 0.4 0.90390625 0.03984375 0.18671875
0 0.36328125 0.9078125 0.04609375 0.16796875
0 0.27265625 0.9078125 0.07421875 0.17890625
0 0.2203125 0.90234375 0.0921875 0.1890625
0 0.125 0.9 0.0703125 0.1890625
0 0.065625 0.91484375 0.04765625 0.165625
0 0.02578125 0.91171875 0.04375 0.1703125
