6 0.69765625 0.73046875 0.071875 0.1984375
6 0.7609375 0.65625 0.06171875 0.16171875
6 0.5453125 0.746875 0.0578125 0.2265625
6 0.3859375 0.765625 0.10390625 0.20078125
6 0.15390625 0.7765625 0.09609375 0.22890625
0 0.3828125 0.65078125 0.11015625 0.3796875
0 0.1640625 0.6421875 0.11171875 0.30703125
0 0.540625 0.64140625 0.10234375 0.3546875
0 0.70234375 0.621875 0.115625 0.3828125
0 0.09375 0.6828125 0.06796875 0.33203125
0 0.02265625 0.66015625 0.0453125 0.3546875
0 0.82578125 0.5671875 0.05234375 0.25703125
0 0.88125 0.57578125 0.05 0.26796875
0 0.92421875 0.5640625 0.04375 0.2734375
0 0.96328125 0.55625 0.0578125 0.2796875
0 0.9890625 0.553125 0.01796875 0.25703125
7 0.53203125 0.5265625 0.20390625 0.27109375
7 0.66875 0.52109375 0.30625 0.31015625
10 0.890625 0.23203125 0.05 0.4578125
