6 0.6203125 0.67578125 0.20390625 0.3015625
6 0.54296875 0.60546875 0.1859375 0.23984375
6 0.31796875 0.62109375 0.22421875 0.2828125
0 0.30390625 0.50234375 0.184375 0.42421875
0 0.5109375 0.44140625 0.11796875 0.215625
0 0.6140625 0.52265625 0.18828125 0.384375
0 0.03515625 0.32265625 0.05390625 0.13828125
0 0.09296875 0.33046875 0.065625 0.13359375
0 0.15 0.325 0.05234375 0.13359375
0 0.090625 0.47734375 0.134375 0.29296875
0 0.1703125 0.48515625 0.1 0.25625
0 0.22109375 0.40546875 0.065625 0.128125
0 0.7 0.34921875 0.06796875 0.11171875
0 0.76328125 0.34765625 0.05 0.11484375
0 0.81328125 0.44375 0.0703125 0.3171875
0 0.87109375 0.36015625 0.05390625 0.1015625
0 0.940625 0.45234375 0.09765625 0.290625
