7 0.596875 0.85859375 0.79765625 0.18125
1 0.9640625 0.95625 0.06796875 0.0828125
1 0.91875 0.9265625 0.0578125 0.03984375
1 0.77109375 0.94921875 0.35390625 0.09609375
1 0.703125 0.90546875 0.3578125 0.16796875
1 0.48515625 0.95625 0.134375 0.0828125
1 0.28671875 0.95703125 0.34609375 0.0796875
1 0.38984375 0.946875 0.04375 0.04765625
1 0.103125 0.9640625 0.1859375 0.06640625
1 0.03203125 0.95859375 0.0640625 0.07734375
0 0.303125 0.875 0.03828125 0.04765625
10 0.15625 0.6546875 0.03203125 0.49296875
10 0.934375 0.64921875 0.028125 0.2640625
10 0.9046875 0.65703125 0.0296875 0.24765625
