6 0.91171875 0.7109375 0.171875 0.29609375
6 0.62578125 0.65703125 0.228125 0.26640625
6 0.6828125 0.65859375 0.234375 0.2515625
6 0.41875 0.634375 0.20234375 0.26328125
6 0.3546875 0.56171875 0.1703125 0.20078125
6 0.209375 0.5390625 0.178125 0.26328125
6 0.05234375 0.4609375 0.1 0.19765625
0 0.04921875 0.3578125 0.09765625 0.2484375
0 0.228125 0.43828125 0.1359375 0.3203125
0 0.35 0.44765625 0.10390625 0.23671875
0 0.44609375 0.5296875 0.13984375 0.3234375
0 0.63828125 0.5390625 0.15234375 0.2875
0 0.70703125 0.54609375 0.1421875 0.30859375
0 0.940625 0.6390625 0.1140625 0.33203125
0 0.675 0.13359375 0.06171875 0.12890625
0 0.60078125 0.12890625 0.065625 0.1140625
0 0.50625 0.1109375 0.071875 0.12578125
