7 0.40078125 0.3984375 0.79765625 0.690625
1 0.8203125 0.47734375 0.06015625 0.12265625
0 0.98515625 0.45078125 0.01796875 0.05859375
0 0.94296875 0.44375 0.01015625 0.05078125
0 0.903125 0.45234375 0.0140625 0.05625
0 0.9171875 0.44140625 0.0140625 0.0453125
0 0.8703125 0.4546875 0.0203125 0.0453125
0 0.671875 0.20390625 0.028125 0.03984375
0 0.63828125 0.20546875 0.028125 0.0375
0 0.59765625 0.18671875 0.0359375 0.04296875
0 0.55625 0.16796875 0.0359375 0.0375
0 0.509375 0.153125 0.0421875 0.03984375
0 0.45625 0.1359375 0.0359375 0.04765625
0 0.3953125 0.115625 0.065625 0.071875
0 0.61796875 0.43828125 0.0359375 0.05078125
0 0.65234375 0.428125 0.028125 0.05625
