6 0.290625 0.43359375 0.12578125 0.38125
6 0.3953125 0.575 0.1421875 0.41171875
6 0.5953125 0.6109375 0.15390625 0.36953125
6 0.728125 0.3875 0.11171875 0.33046875
6 0.49296875 0.45078125 0.121875 0.30625
6 0.82265625 0.2625 0.07421875 0.24921875
0 0.75390625 0.2671875 0.17578125 0.45078125
0 0.86015625 0.17734375 0.1203125 0.3546875
0 0.6078125 0.47109375 0.19609375 0.4984375
0 0.41875 0.43671875 0.18203125 0.5796875
0 0.53125 0.28984375 0.1140625 0.453125
0 0.61171875 0.1515625 0.10390625 0.2671875
0 0.43203125 0.0734375 0.15234375 0.146875
0 0.3453125 0.24765625 0.1859375 0.36328125
0 0.55625 0.0328125 0.15 0.065625
