7 0.55703125 0.34921875 0.29765625 0.54375
7 0.7171875 0.05078125 0.36171875 0.1015625
1 0.76875 0.146875 0.265625 0.18671875
1 0.4171875 0.25859375 0.134375 0.165625
1 0.31796875 0.15859375 0.34765625 0.16796875
1 0.121875 0.22421875 0.23984375 0.1921875
1 0.28984375 0.55234375 0.40390625 0.33046875
0 0.41015625 0.39453125 0.04375 0.2078125
0 0.2921875 0.33984375 0.04375 0.11484375
0 0.1578125 0.68828125 0.084375 0.2828125
0 0.059375 0.63984375 0.06171875 0.2828125
0 0.31328125 0.04140625 0.0421875 0.0828125
