16 0.9734375 0.8296875 0.05078125 0.12109375
16 0.7515625 0.7625 0.053125 0.0859375
7 0.74453125 0.4984375 0.4546875 0.453125
0 0.68203125 0.63359375 0.0734375 0.275
0 0.59375 0.62109375 0.0515625 0.196875
0 0.5359375 0.634375 0.03125 0.1734375
0 0.4640625 0.62734375 0.0484375 0.20390625
0 0.41875 0.6328125 0.03828125 0.2015625
0 0.384375 0.62421875 0.03125 0.1734375
0 0.34375 0.63984375 0.0484375 0.1875
16 0.51328125 0.70078125 0.03515625 0.059375
16 0.60390625 0.7234375 0.04296875 0.06953125
0 0.24609375 0.7375 0.13828125 0.51640625
0 0.11484375 0.59921875 0.0515625 0.1125
0 0.1640625 0.61953125 0.021875 0.1390625
16 0.16953125 0.68203125 0.03125 0.075
16 0.11953125 0.69296875 0.0546875 0.0859375
16 0.0375 0.71328125 0.065625 0.09609375
