10 0.353125 0.43125 0.07734375 0.859375
15 0.3 0.34296875 0.02421875 0.0859375
15 0.3734375 0.2984375 0.01484375 0.0515625
15 0.28046875 0.296875 0.01640625 0.05390625
15 0.21484375 0.31640625 0.015625 0.05546875
15 0.16640625 0.28203125 0.01328125 0.03984375
15 0.19609375 0.28046875 0.01171875 0.03125
15 0.1390625 0.284375 0.00859375 0.034375
16 0.02734375 0.3046875 0.01640625 0.03671875
15 0.52578125 0.40859375 0.02890625 0.11875
15 0.91015625 0.4234375 0.053125 0.16328125
15 0.9515625 0.2859375 0.02578125 0.07421875
16 0.9484375 0.26015625 0.021875 0.040625
14 0.984375 0.25 0.0296875 0.10546875
15 0.765625 0.26171875 0.01484375 0.0515625
