0 0.0546875 0.4765625 0.08125 0.1546875
15 0.2390625 0.45859375 0.0109375 0.05703125
15 0.2546875 0.45546875 0.0140625 0.053125
15 0.34296875 0.521875 0.02890625 0.09921875
15 0.40625 0.4953125 0.02421875 0.08359375
15 0.4265625 0.446875 0.01796875 0.05546875
15 0.65078125 0.61328125 0.04765625 0.16484375
15 0.7734375 0.56796875 0.03828125 0.13671875
15 0.7296875 0.4765625 0.01640625 0.090625
15 0.765625 0.45390625 0.02265625 0.075
15 0.790625 0.44609375 0.02109375 0.06875
13 0.8109375 0.509375 0.02265625 0.17421875
13 0.6171875 0.54921875 0.02265625 0.1984375
