15 0.4671875 0.78046875 0.09921875 0.375
15 0.978125 0.2890625 0.0421875 0.159375
15 0.91875 0.1578125 0.0203125 0.0640625
15 0.70703125 0.2390625 0.02109375 0.09453125
15 0.54140625 0.2765625 0.03046875 0.103125
15 0.55703125 0.2125 0.01796875 0.0640625
15 0.48515625 0.19921875 0.0140625 0.04921875
15 0.4328125 0.20859375 0.0171875 0.059375
15 0.44296875 0.178125 0.01015625 0.03671875
16 0.2859375 0.34921875 0.05390625 0.1015625
16 0.2953125 0.30859375 0.04296875 0.0796875
0 0.2390625 0.1984375 0.02734375 0.13203125
16 0.228125 0.2015625 0.01328125 0.03046875
16 0.26796875 0.196875 0.009375 0.025
9 0.01953125 0.328125 0.0390625 0.14375
9 0.0609375 0.31015625 0.11953125 0.16875
