15 0.9703125 0.54140625 0.05703125 0.190625
15 0.91875 0.34609375 0.02109375 0.06875
15 0.7125 0.334375 0.01484375 0.05078125
15 0.70234375 0.33359375 0.01171875 0.053125
15 0.471875 0.37890625 0.0328125 0.10390625
15 0.43125 0.48671875 0.0453125 0.15625
15 0.4796875 0.3265625 0.01171875 0.046875
15 0.27265625 0.36796875 0.02265625 0.075
15 0.19296875 0.39921875 0.02734375 0.08203125
15 0.1734375 0.3265625 0.01796875 0.05390625
15 0.109375 0.3265625 0.0171875 0.046875
15 0.03046875 0.328125 0.01796875 0.05
