15 0.6109375 0.43671875 0.05 0.17109375
15 0.5765625 0.371875 0.03046875 0.10546875
15 0.80625 0.290625 0.0125 0.0390625
15 0.66875 0.28046875 0.01171875 0.04140625
15 0.659375 0.28203125 0.009375 0.0390625
15 0.39453125 0.3015625 0.02109375 0.07109375
15 0.32265625 0.35703125 0.02734375 0.096875
15 0.228125 0.3203125 0.01953125 0.059375
15 0.29765625 0.30390625 0.01328125 0.05390625
15 0.24140625 0.27578125 0.01328125 0.04140625
15 0.20390625 0.2796875 0.01171875 0.03515625
15 0.14375 0.2796875 0.01171875 0.03671875
16 0.02890625 0.2984375 0.01796875 0.0390625
10 0.48125 0.49921875 0.0921875 0.99453125
