15 0.11171875 0.3109375 0.01328125 0.0390625
15 0.14296875 0.30859375 0.009375 0.03125
15 0.1765625 0.30390625 0.01328125 0.0390625
10 0.23671875 0.38203125 0.07421875 0.75859375
15 0.43359375 0.40078125 0.0375 0.13046875
15 0.44765625 0.36328125 0.021875 0.08828125
15 0.4125 0.2890625 0.00703125 0.03046875
15 0.57265625 0.28125 0.01171875 0.03828125
15 0.56484375 0.28046875 0.009375 0.04140625
15 0.6875 0.27578125 0.01328125 0.0453125
15 0.74921875 0.4140625 0.04375 0.13671875
15 0.840625 0.29296875 0.02109375 0.07109375
16 0.85 0.27421875 0.0140625 0.04921875
14 0.903125 0.259375 0.07734375 0.10078125
