16 0.26015625 0.62421875 0.11171875 0.2203125
16 0.2296875 0.49453125 0.075 0.15078125
0 0.07734375 0.2609375 0.03046875 0.13125
16 0.0484375 0.2765625 0.0171875 0.03203125
15 0.27890625 0.290625 0.01640625 0.06015625
15 0.2890625 0.2640625 0.0109375 0.0390625
15 0.25625 0.24765625 0.01015625 0.03203125
15 0.33984375 0.25859375 0.015625 0.04609375
15 0.36953125 0.3171875 0.02265625 0.05078125
15 0.55234375 0.3140625 0.02421875 0.08515625
15 0.68046875 0.44453125 0.05 0.17890625
15 0.66328125 0.2328125 0.01171875 0.03828125
15 0.73984375 0.2484375 0.01796875 0.0546875
14 0.80859375 0.22421875 0.05859375 0.08359375
15 0.9171875 0.3765625 0.04296875 0.15078125
15 0.9796875 0.25859375 0.02421875 0.07421875
10 0.89140625 0.14296875 0.01015625 0.16796875
