15 0.28359375 0.66875 0.06796875 0.22578125
15 0.625 0.55390625 0.05625 0.1734375
15 0.8171875 0.48671875 0.046875 0.140625
15 0.909375 0.44375 0.03828125 0.11328125
15 0.96171875 0.4203125 0.034375 0.1
15 0.5328125 0.36953125 0.01796875 0.06015625
15 0.4140625 0.35703125 0.01484375 0.05
14 0.38046875 0.33046875 0.03125 0.0609375
15 0.315625 0.346875 0.01171875 0.0390625
15 0.18046875 0.41171875 0.02734375 0.0765625
15 0.0890625 0.38359375 0.01875 0.05859375
15 0.01484375 0.43671875 0.02734375 0.0890625
15 0.03828125 0.3671875 0.01484375 0.046875
15 0.159375 0.33125 0.01015625 0.02890625
1 0.98515625 0.25390625 0.02890625 0.03828125
