15 0.71640625 0.43515625 0.04296875 0.13515625
15 0.49375 0.459375 0.04296875 0.15546875
15 0.51640625 0.39765625 0.028125 0.1140625
15 0.52578125 0.3265625 0.015625 0.06484375
15 0.58671875 0.296875 0.01328125 0.046875
15 0.27265625 0.371875 0.021875 0.06953125
15 0.20078125 0.57578125 0.05 0.18125
15 0.09296875 0.46015625 0.03671875 0.1109375
15 0.084375 0.3734375 0.02109375 0.06328125
15 0.02421875 0.42421875 0.03046875 0.090625
15 0.03046875 0.35390625 0.01640625 0.04609375
13 0.559375 0.49375 0.0921875 0.97890625
