16 0.32265625 0.69296875 0.13828125 0.29296875
16 0.2796875 0.503125 0.08828125 0.18515625
0 0.1125 0.215625 0.02734375 0.13125
16 0.08515625 0.23125 0.01796875 0.03203125
16 0.13828125 0.22890625 0.0140625 0.0296875
10 0.25703125 0.21875 0.03046875 0.375
15 0.421875 0.271875 0.02421875 0.0859375
15 0.4671875 0.25703125 0.01953125 0.06953125
15 0.384375 0.22109375 0.0140625 0.05
15 0.321875 0.25390625 0.0171875 0.0640625
15 0.3296875 0.22734375 0.01171875 0.04140625
15 0.81875 0.46015625 0.06328125 0.21640625
14 0.88671875 0.1984375 0.06015625 0.0859375
10 0.9640625 0.1125 0.0109375 0.17890625
