13 0.5265625 0.93125 0.028125 0.134375
13 0.33359375 0.81953125 0.021875 0.1328125
13 0.2578125 0.7703125 0.01796875 0.125
13 0.209375 0.7421875 0.01796875 0.10078125
13 0.16640625 0.72265625 0.01484375 0.08984375
13 0.13203125 0.69375 0.01484375 0.08203125
13 0.10390625 0.6765625 0.01484375 0.07734375
13 0.065625 0.65390625 0.01328125 0.07265625
13 0.04609375 0.64140625 0.01015625 0.06640625
13 0.034375 0.6359375 0.0109375 0.05859375
13 0.0234375 0.625 0.009375 0.05859375
13 0.05703125 0.59375 0.00703125 0.05078125
0 0.734375 0.6640625 0.084375 0.459375
0 0.69609375 0.575 0.06875 0.21171875
0 0.63671875 0.6609375 0.08984375 0.446875
0 0.49921875 0.54453125 0.04609375 0.18828125
0 0.38984375 0.53984375 0.04609375 0.21640625
0 0.35 0.603125 0.03359375 0.23984375
0 0.29296875 0.528125 0.0484375 0.140625
