0 0.13515625 0.34453125 0.02109375 0.1109375
0 0.240625 0.33359375 0.0265625 0.05859375
16 0.18125 0.43828125 0.03984375 0.07578125
16 0.3078125 0.43671875 0.03671875 0.07578125
15 0.32265625 0.3703125 0.01328125 0.04609375
15 0.37109375 0.35078125 0.0109375 0.03515625
13 0.3640625 0.39609375 0.0171875 0.18671875
15 0.4921875 0.38359375 0.02109375 0.071875
15 0.465625 0.3484375 0.01171875 0.04375
15 0.54765625 0.3640625 0.01953125 0.05703125
15 0.7796875 0.3890625 0.03515625 0.10703125
15 0.78125 0.46171875 0.04296875 0.03984375
15 0.740625 0.31015625 0.01171875 0.0390625
15 0.9265625 0.3140625 0.0171875 0.05
15 0.90234375 0.3 0.00625 0.03125
