10 0.7484375 0.496875 0.11796875 0.99375
15 0.6828125 0.46640625 0.0421875 0.20703125
15 0.61171875 0.38203125 0.03671875 0.11875
15 0.67421875 0.27578125 0.0125 0.04375
15 0.66328125 0.27734375 0.0109375 0.03984375
15 0.81953125 0.28046875 0.01640625 0.05859375
15 0.396875 0.30390625 0.02109375 0.07890625
15 0.48515625 0.27421875 0.01171875 0.040625
15 0.2859375 0.30625 0.01875 0.05703125
15 0.21484375 0.328125 0.0203125 0.0640625
15 0.22578125 0.28046875 0.01484375 0.04453125
15 0.184375 0.28203125 0.01328125 0.03515625
15 0.12109375 0.2859375 0.01328125 0.0390625
