15 0.62109375 0.75859375 0.0765625 0.28046875
15 0.021875 0.70859375 0.04375 0.2296875
15 0.4796875 0.42890625 0.025 0.07890625
15 0.33046875 0.44453125 0.0265625 0.08671875
15 0.2890625 0.38046875 0.01484375 0.04921875
15 0.39296875 0.39453125 0.01796875 0.05703125
15 0.35078125 0.3765625 0.0125 0.0453125
15 0.3265625 0.35234375 0.01015625 0.03203125
15 0.26953125 0.37265625 0.01328125 0.04140625
15 0.26015625 0.3640625 0.01015625 0.03125
15 0.3046875 0.35703125 0.0109375 0.03046875
16 0.09609375 0.478125 0.04765625 0.08515625
16 0.12578125 0.45 0.040625 0.0703125
10 0.1625 0.3875 0.01171875 0.11953125
16 0.1390625 0.353125 0.01484375 0.028125
15 0.85546875 0.40390625 0.02265625 0.06953125
15 0.71171875 0.3859375 0.015625 0.05078125
14 0.6734375 0.35625 0.03359375 0.0640625
16 0.69296875 0.3609375 0.0109375 0.0296875
