15 0.96328125 0.346875 0.02109375 0.078125
15 0.68046875 0.353125 0.01953125 0.0640625
15 0.6640625 0.35234375 0.01484375 0.0640625
15 0.675 0.4734375 0.0546875 0.18125
13 0.4859375 0.284375 0.01171875 0.1765625
15 0.371875 0.37109375 0.0171875 0.0609375
15 0.34375 0.3453125 0.0140625 0.04296875
15 0.23046875 0.33203125 0.00703125 0.02578125
15 0.196875 0.3375 0.00859375 0.025
15 0.184375 0.34921875 0.0125 0.03984375
15 0.18046875 0.47421875 0.03671875 0.11640625
15 0.0890625 0.559375 0.04921875 0.15
15 0.03671875 0.35234375 0.009375 0.034375
