15 0.97734375 0.3625 0.02109375 0.0765625
15 0.81796875 0.34921875 0.01328125 0.04453125
15 0.63203125 0.36953125 0.01953125 0.0609375
15 0.59140625 0.3421875 0.01171875 0.03984375
15 0.471875 0.465625 0.03515625 0.11953125
15 0.4015625 0.546875 0.0453125 0.15390625
15 0.43359375 0.33671875 0.01328125 0.0390625
15 0.253125 0.39375 0.0234375 0.08515625
15 0.121875 0.409375 0.028125 0.0859375
15 0.134375 0.39296875 0.01953125 0.06015625
15 0.02578125 0.40078125 0.0203125 0.06484375
15 0.0890625 0.38125 0.01953125 0.053125
