15 0.49375 0.51875 0.0546875 0.18515625
15 0.509375 0.38515625 0.03515625 0.11484375
15 0.73046875 0.31171875 0.01796875 0.0609375
15 0.71484375 0.3125 0.01171875 0.0546875
15 0.48125 0.3265625 0.015625 0.05
15 0.365625 0.309375 0.0125 0.03515625
15 0.27578125 0.39453125 0.025 0.0796875
15 0.19296875 0.4375 0.03046875 0.09375
15 0.16171875 0.359375 0.02109375 0.06171875
15 0.06328125 0.371875 0.021875 0.06640625
15 0.0078125 0.3765625 0.01484375 0.046875
15 0.26171875 0.31328125 0.009375 0.03125
15 0.3890625 0.2984375 0.00859375 0.0234375
15 0.38203125 0.29921875 0.00703125 0.02578125
15 0.4890625 0.30703125 0.01015625 0.034375
15 0.95234375 0.30546875 0.02109375 0.06953125
