10 0.06171875 0.390625 0.09921875 0.771875
15 0.121875 0.409375 0.0296875 0.0953125
15 0.27578125 0.3859375 0.02734375 0.09375
15 0.37265625 0.43203125 0.04609375 0.1546875
15 0.3765625 0.53671875 0.0625 0.06328125
15 0.28046875 0.32109375 0.01484375 0.0484375
15 0.37421875 0.2953125 0.01328125 0.040625
15 0.52734375 0.27890625 0.01015625 0.034375
15 0.57421875 0.29140625 0.0140625 0.05
15 0.5734375 0.39375 0.04296875 0.14296875
15 0.57578125 0.4859375 0.05 0.04609375
15 0.80859375 0.284375 0.0171875 0.05546875
