11 0.1640625 0.5765625 0.31953125 0.82109375
11 0.38515625 0.4796875 0.203125 0.47421875
11 0.71328125 0.49609375 0.3625 0.53359375
14 0.921875 0.48125 0.10234375 0.1859375
6 0.73828125 0.67421875 0.2578125 0.42734375
6 0.58359375 0.73359375 0.12734375 0.53203125
6 0.428125 0.70703125 0.12578125 0.55546875
1 0.50078125 0.3953125 0.06796875 0.14765625
0 0.52734375 0.33046875 0.01484375 0.0765625
0 0.4796875 0.321875 0.01171875 0.03125
10 0.8390625 0.33515625 0.03046875 0.2265625
0 0.978125 0.4234375 0.0359375 0.24453125
