15 0.121875 0.78515625 0.0296875 0.09921875
15 0.20546875 0.79375 0.04140625 0.121875
15 0.3390625 0.78984375 0.04296875 0.12578125
15 0.71640625 0.80234375 0.0296875 0.1171875
15 0.75234375 0.80625 0.0265625 0.11875
15 0.79453125 0.8203125 0.040625 0.1359375
15 0.834375 0.82734375 0.03984375 0.1359375
15 0.86953125 0.825 0.04140625 0.1328125
15 0.90703125 0.82734375 0.04296875 0.1328125
15 0.9421875 0.82265625 0.0359375 0.12578125
15 0.940625 0.69765625 0.021875 0.08359375
15 0.97421875 0.68984375 0.0265625 0.0859375
15 0.85 0.665625 0.01875 0.04140625
15 0.7640625 0.61796875 0.01640625 0.0484375
