11 0.49296875 0.4671875 0.9859375 0.615625
16 0.80703125 0.815625 0.11875 0.12265625
16 0.4265625 0.80703125 0.11484375 0.1203125
16 0.084375 0.78828125 0.115625 0.12109375
0 0.88125 0.37265625 0.0375 0.0625
0 0.93046875 0.37734375 0.03984375 0.05078125
9 0.115625 0.4109375 0.0640625 0.05078125
10 0.18984375 0.3484375 0.0171875 0.09765625
10 0.41171875 0.25234375 0.05234375 0.5
9 0.4890625 0.42578125 0.03984375 0.09453125
9 0.53125 0.4265625 0.04375 0.090625
9 0.57265625 0.428125 0.0359375 0.09296875
9 0.6125 0.42734375 0.04140625 0.0921875
