13 0.66171875 0.50234375 0.0796875 0.46953125
13 0.35078125 0.30234375 0.02421875 0.1921875
13 0.2234375 0.2734375 0.03515625 0.196875
13 0.14375 0.2 0.01328125 0.078125
13 0.0984375 0.21328125 0.01796875 0.11875
13 0.0703125 0.19921875 0.01796875 0.10390625
13 0.04375 0.1875 0.0171875 0.08984375
13 0.00703125 0.165625 0.0109375 0.06640625
13 0.01796875 0.16953125 0.00703125 0.06875
13 0.0296875 0.15859375 0.00703125 0.04296875
1 0.2 0.175 0.08203125 0.08984375
1 0.13359375 0.14609375 0.034375 0.0453125
1 0.375 0.221875 0.153125 0.13515625
10 0.70234375 0.103125 0.01796875 0.2015625
