10 0.54609375 0.2171875 0.03359375 0.3671875
0 0.62109375 0.18515625 0.0125 0.07421875
0 0.6328125 0.19296875 0.015625 0.0578125
15 0.5359375 0.23984375 0.0109375 0.04140625
15 0.51328125 0.23828125 0.0109375 0.040625
15 0.48046875 0.2265625 0.00625 0.025
17 0.4796875 0.275 0.01875 0.08125
15 0.43984375 0.23203125 0.0140625 0.04453125
15 0.428125 0.23203125 0.01328125 0.04375
10 0.365625 0.1484375 0.00625 0.171875
15 0.35703125 0.21171875 0.009375 0.0359375
0 0.33671875 0.175 0.01328125 0.07578125
0 0.309375 0.17265625 0.0125 0.08203125
0 0.31875 0.16796875 0.00859375 0.05
0 0.21953125 0.1734375 0.01484375 0.09296875
10 0.19296875 0.14296875 0.04296875 0.284375
10 0.72734375 0.09921875 0.0140625 0.09921875
10 0.5015625 0.15625 0.003125 0.0359375
10 0.50859375 0.14765625 0.003125 0.05703125
1 0.50546875 0.16875 0.015625 0.01171875
