1 0.328125 0.78046875 0.653125 0.41484375
13 0.09296875 0.5265625 0.025 0.1578125
13 0.27734375 0.51953125 0.01875 0.1234375
13 0.46015625 0.534375 0.0359375 0.16171875
13 0.63828125 0.53359375 0.03984375 0.15859375
13 0.840625 0.51484375 0.053125 0.17578125
13 0.71953125 0.27578125 0.02109375 0.0984375
13 0.609375 0.284375 0.015625 0.09140625
13 0.49296875 0.290625 0.021875 0.09609375
13 0.38359375 0.29296875 0.02265625 0.0984375
13 0.27890625 0.2953125 0.01953125 0.103125
13 0.16640625 0.29375 0.02421875 0.109375
