0 0.6765625 0.596875 0.078125 0.24140625
8 0.44921875 0.6546875 0.071875 0.0609375
10 0.21875 0.475 0.06015625 0.95
10 0.95703125 0.38828125 0.08203125 0.771875
17 0.90546875 0.59453125 0.034375 0.0890625
14 0.23046875 0.56875 0.1265625 0.1796875
1 0.0890625 0.48203125 0.078125 0.053125
0 0.1984375 0.46640625 0.0234375 0.0453125
10 0.3046875 0.4546875 0.0109375 0.14296875
10 0.1859375 0.41875 0.009375 0.13515625
10 0.53828125 0.41484375 0.00546875 0.07109375
10 0.46171875 0.43515625 0.0046875 0.04921875
