12 0.8953125 0.46640625 0.02578125 0.03671875
12 0.78984375 0.4734375 0.0796875 0.071875
1 0.73828125 0.4765625 0.04140625 0.0453125
1 0.62421875 0.50390625 0.11171875 0.08515625
13 0.0921875 0.69609375 0.07265625 0.3203125
13 0.53203125 0.5859375 0.03671875 0.184375
13 0.6984375 0.5421875 0.025 0.13046875
13 0.796875 0.51953125 0.01796875 0.096875
13 0.84765625 0.50703125 0.01640625 0.08046875
13 0.88125 0.49921875 0.0140625 0.0671875
13 0.909375 0.49140625 0.0125 0.06015625
13 0.92890625 0.4875 0.01015625 0.05
13 0.94453125 0.48515625 0.00859375 0.0421875
13 0.9578125 0.48125 0.00546875 0.03984375
13 0.96640625 0.4796875 0.0046875 0.03671875
