1 0.59453125 0.7828125 0.56015625 0.43203125
1 0.340625 0.20703125 0.146875 0.121875
13 0.7109375 0.36640625 0.01171875 0.1140625
13 0.65859375 0.4109375 0.0234375 0.14453125
13 0.57578125 0.49375 0.03046875 0.15234375
13 0.4703125 0.58828125 0.03359375 0.178125
13 0.31875 0.72421875 0.046875 0.20859375
13 0.0765625 0.8890625 0.0484375 0.21953125
13 0.09765625 0.44140625 0.03671875 0.1375
13 0.2203125 0.38125 0.02890625 0.11796875
13 0.32109375 0.33125 0.015625 0.10078125
13 0.40234375 0.29296875 0.01171875 0.09921875
1 0.81953125 0.0515625 0.0546875 0.06015625
