9 0.059375 0.271875 0.0765625 0.1984375
17 0.66796875 0.3484375 0.034375 0.134375
15 0.73515625 0.23984375 0.01640625 0.05078125
15 0.63984375 0.2484375 0.015625 0.0515625
15 0.68203125 0.24375 0.0125 0.05078125
15 0.71171875 0.2421875 0.015625 0.0515625
15 0.5765625 0.2515625 0.01640625 0.05234375
15 0.5921875 0.24921875 0.0171875 0.05625
10 0.5 0.1625 0.00859375 0.20546875
15 0.49453125 0.23671875 0.0109375 0.03984375
0 0.47265625 0.1953125 0.0140625 0.084375
0 0.4859375 0.19609375 0.0140625 0.090625
0 0.44453125 0.19453125 0.0125 0.08203125
0 0.45859375 0.18125 0.009375 0.0375
10 0.1828125 0.1625 0.040625 0.31796875
15 0.1796875 0.28359375 0.0140625 0.04453125
16 0.15546875 0.296875 0.01953125 0.05859375
15 0.1203125 0.29453125 0.0125 0.04140625
0 0.84375 0.16328125 0.021875 0.0765625
0 0.81875 0.153125 0.0171875 0.0921875
1 0.73125 0.15703125 0.03359375 0.0328125
10 0.65078125 0.14140625 0.003125 0.03828125
1 0.63125 0.15859375 0.015625 0.0109375
10 0.78359375 0.1203125 0.00390625 0.04921875
