11 0.08671875 0.49296875 0.05625 0.03671875
10 0.090625 0.48515625 0.0140625 0.140625
10 0.0140625 0.4953125 0.0046875 0.02890625
16 0.28828125 0.51640625 0.0125 0.01484375
14 0.29765625 0.48828125 0.01796875 0.0234375
16 0.37890625 0.5125 0.01171875 0.0140625
1 0.44609375 0.4890625 0.0640625 0.03828125
1 0.55 0.48671875 0.0578125 0.040625
1 0.61953125 0.484375 0.0546875 0.03984375
1 0.7 0.4828125 0.0421875 0.03984375
16 0.69765625 0.5109375 0.01328125 0.015625
10 0.74375 0.4625 0.01328125 0.17734375
16 0.76953125 0.5078125 0.00859375 0.01328125
