1 0.4140625 0.77578125 0.6734375 0.4453125
1 0.19375 0.3296875 0.11484375 0.06015625
13 0.0515625 0.378125 0.01796875 0.071875
13 0.11640625 0.37421875 0.0171875 0.0671875
13 0.1765625 0.3703125 0.015625 0.06015625
13 0.234375 0.36640625 0.015625 0.05703125
13 0.22890625 0.50703125 0.025 0.115625
13 0.321875 0.4875 0.021875 0.10546875
13 0.4015625 0.46796875 0.02109375 0.10078125
13 0.371875 0.35234375 0.01328125 0.05234375
13 0.41015625 0.34296875 0.00625 0.0390625
13 0.47421875 0.45 0.0171875 0.096875
13 0.44609375 0.346875 0.009375 0.0484375
13 0.4828125 0.340625 0.00546875 0.040625
13 0.5640625 0.33125 0.00546875 0.03046875
13 0.5890625 0.33359375 0.00703125 0.04296875
13 0.63125 0.42265625 0.01328125 0.0765625
13 0.6734375 0.4140625 0.01171875 0.07421875
13 0.71171875 0.40546875 0.01171875 0.0703125
13 0.7484375 0.39609375 0.01328125 0.071875
13 0.6140625 0.33203125 0.00703125 0.04140625
13 0.63828125 0.33125 0.00703125 0.0390625
13 0.69765625 0.325 0.00703125 0.03671875
13 0.8296875 0.3828125 0.0109375 0.0578125
13 0.85390625 0.37890625 0.01171875 0.0546875
13 0.87421875 0.37421875 0.0125 0.05234375
13 0.89765625 0.36796875 0.0109375 0.05546875
13 0.93125 0.35625 0.0109375 0.05
13 0.9484375 0.353125 0.00859375 0.04375
13 0.96171875 0.35 0.0109375 0.04296875
13 0.97421875 0.346875 0.01015625 0.04296875
13 0.71796875 0.32421875 0.00703125 0.034375
13 0.73515625 0.315625 0.00625 0.0234375
13 0.75234375 0.31328125 0.0046875 0.0234375
12 0.7734375 0.275 0.0515625 0.06171875
