11 0.51875 0.45 0.91484375 0.77265625
9 0.92421875 0.39609375 0.1203125 0.128125
0 0.94296875 0.33828125 0.09765625 0.18671875
0 0.8265625 0.38125 0.0796875 0.3
1 0.9296875 0.25546875 0.1296875 0.09921875
0 0.984375 0.27734375 0.0265625 0.06015625
0 0.7390625 0.30390625 0.04140625 0.153125
0 0.75859375 0.32421875 0.0453125 0.16171875
11 0.82578125 0.2859375 0.190625 0.17734375
1 0.246875 0.32890625 0.48515625 0.21640625
1 0.41171875 0.2515625 0.14375 0.0765625
0 0.48671875 0.303125 0.02421875 0.140625
0 0.015625 0.2390625 0.03125 0.08125
6 0.53046875 0.3578125 0.10703125 0.08359375
