16 0.425 0.60234375 0.0796875 0.13125
16 0.375 0.446875 0.0375 0.0671875
15 0.46640625 0.48515625 0.02734375 0.0796875
0 0.428125 0.35078125 0.02109375 0.07890625
0 0.40625 0.35390625 0.015625 0.075
0 0.34375 0.36171875 0.0203125 0.08515625
9 0.278125 0.39765625 0.08671875 0.1
16 0.23046875 0.45859375 0.03671875 0.06015625
16 0.178125 0.6171875 0.0796875 0.13671875
1 0.0703125 0.51875 0.13828125 0.21953125
9 0.08671875 0.72734375 0.16796875 0.3953125
15 0.6578125 0.48046875 0.02734375 0.0796875
9 0.61171875 0.36875 0.0421875 0.1046875
