9 0.37109375 0.59140625 0.178125 0.44765625
9 0.53203125 0.540625 0.1796875 0.34921875
11 0.73046875 0.4703125 0.45 0.596875
14 0.0890625 0.72578125 0.1734375 0.521875
6 0.20625 0.53828125 0.06953125 0.2984375
6 0.20703125 0.35 0.02890625 0.10078125
6 0.18671875 0.34921875 0.03671875 0.084375
9 0.278125 0.3296875 0.025 0.10078125
0 0.30703125 0.32265625 0.03515625 0.1515625
0 0.3203125 0.27265625 0.015625 0.0671875
0 0.34296875 0.2734375 0.01328125 0.0859375
0 0.35 0.2734375 0.0140625 0.07890625
0 0.3671875 0.32265625 0.021875 0.121875
9 0.384375 0.33671875 0.0234375 0.0796875
0 0.4890625 0.284375 0.0203125 0.06484375
0 0.6078125 0.28046875 0.0171875 0.06015625
9 0.54609375 0.3125 0.03515625 0.084375
9 0.57734375 0.3125 0.04609375 0.0859375
9 0.4296875 0.32265625 0.03828125 0.09921875
0 0.41875 0.2625 0.01640625 0.04296875
