11 0.4921875 0.61953125 0.54375 0.6203125
0 0.49140625 0.50078125 0.1640625 0.58984375
0 0.628125 0.39453125 0.11875 0.21328125
0 0.60625 0.3328125 0.159375 0.3234375
1 0.38515625 0.27265625 0.3578125 0.20390625
0 0.0796875 0.2484375 0.040625 0.1734375
0 0.1421875 0.25625 0.03125 0.14765625
0 0.2109375 0.22109375 0.025 0.14296875
0 0.24140625 0.19765625 0.0328125 0.10546875
10 0.11015625 0.13359375 0.0171875 0.2671875
10 0.27578125 0.11953125 0.0234375 0.2390625
1 0.5453125 0.18984375 0.1 0.103125
1 0.64296875 0.1828125 0.1078125 0.0796875
1 0.7640625 0.178125 0.084375 0.0703125
1 0.884375 0.29140625 0.228125 0.48515625
