13 0.6796875 0.72578125 0.0859375 0.2890625
15 0.290625 0.29921875 0.0421875 0.10546875
15 0.50234375 0.2734375 0.0265625 0.09375
9 0.6125 0.32734375 0.19609375 0.3203125
0 0.6265625 0.275 0.078125 0.30703125
9 0.475 0.18828125 0.0484375 0.0796875
9 0.33828125 0.13671875 0.03671875 0.0984375
16 0.146875 0.2484375 0.0484375 0.08203125
0 0.2 0.12734375 0.02109375 0.0984375
0 0.17734375 0.13203125 0.02109375 0.09609375
0 0.06875 0.15546875 0.025 0.13359375
9 0.021875 0.1859375 0.04375 0.09375
9 0.0125 0.134375 0.0234375 0.034375
0 0.034375 0.11328125 0.0078125 0.03046875
