10 0.43203125 0.41171875 0.0203125 0.36328125
10 0.2046875 0.41328125 0.0078125 0.17265625
17 0.19765625 0.48984375 0.0140625 0.03515625
9 0.34140625 0.46953125 0.04765625 0.03828125
9 0.37109375 0.4671875 0.0328125 0.04140625
9 0.48828125 0.465625 0.0453125 0.0421875
9 0.55625 0.46796875 0.0328125 0.03984375
14 0.634375 0.478125 0.04453125 0.0328125
9 0.6984375 0.4609375 0.03515625 0.01953125
9 0.715625 0.46953125 0.0390625 0.03359375
9 0.79375 0.47578125 0.0140625 0.01796875
9 0.85859375 0.46953125 0.0421875 0.03125
9 0.88671875 0.4703125 0.015625 0.02734375
