16 0.47265625 0.31171875 0.034375 0.04140625
16 0.66875 0.34453125 0.04375 0.0515625
10 0.6359375 0.18671875 0.0203125 0.18125
1 0.12421875 0.20703125 0.14375 0.04609375
11 0.228125 0.215625 0.040625 0.06328125
1 0.05390625 0.225 0.1078125 0.071875
1 0.03125 0.2375 0.06015625 0.05234375
1 0.01953125 0.24765625 0.0390625 0.0546875
10 0.33125 0.1921875 0.0078125 0.09609375
16 0.39296875 0.26015625 0.01875 0.0203125
16 0.3453125 0.2171875 0.00703125 0.0078125
16 0.37734375 0.21796875 0.0046875 0.0078125
9 0.50859375 0.21796875 0.02421875 0.0234375
10 0.50859375 0.19375 0.00546875 0.08125
9 0.9828125 0.23828125 0.01875 0.02265625
16 0.390625 0.24921875 0.0171875 0.0078125
