1 0.68515625 0.24375 0.06015625 0.05234375
15 0.7171875 0.38125 0.028125 0.09140625
15 0.68046875 0.3828125 0.02578125 0.09140625
15 0.63125 0.3828125 0.0234375 0.09296875
15 0.559375 0.38671875 0.028125 0.09765625
10 0.63828125 0.215625 0.00546875 0.07421875
1 0.5859375 0.23671875 0.02890625 0.028125
1 0.52578125 0.23671875 0.025 0.0296875
15 0.46953125 0.38515625 0.03359375 0.10546875
15 0.440625 0.39140625 0.028125 0.1046875
13 0.525 0.41015625 0.0265625 0.06953125
13 0.64765625 0.40546875 0.02421875 0.06328125
15 0.2984375 0.3265625 0.015625 0.065625
10 0.28359375 0.20234375 0.01796875 0.403125
14 0.36875 0.35546875 0.11328125 0.325
15 0.15859375 0.3375 0.02421875 0.07265625
0 0.01171875 0.26171875 0.021875 0.15390625
15 0.10625 0.29140625 0.0125 0.0421875
