16 0.36015625 0.68671875 0.125 0.196875
13 0.72734375 0.690625 0.125 0.18046875
9 0.94921875 0.3828125 0.084375 0.0828125
0 0.9515625 0.36875 0.02890625 0.0953125
7 0.9234375 0.3078125 0.11875 0.04765625
1 0.721875 0.328125 0.0484375 0.03515625
15 0.17890625 0.521875 0.034375 0.0953125
15 0.2078125 0.52109375 0.02578125 0.09765625
15 0.2453125 0.51328125 0.02890625 0.08671875
15 0.2703125 0.51171875 0.03046875 0.0828125
15 0.29453125 0.50859375 0.02734375 0.08046875
15 0.31875 0.5 0.02734375 0.08046875
15 0.33984375 0.49140625 0.02265625 0.07265625
15 0.34765625 0.43046875 0.021875 0.0578125
15 0.4 0.40703125 0.01171875 0.0390625
15 0.24921875 0.4265625 0.0171875 0.0375
