13 0.15546875 0.3578125 0.06328125 0.23671875
13 0.2703125 0.3828125 0.06328125 0.28359375
13 0.446875 0.42578125 0.0765625 0.3515625
13 0.8078125 0.55 0.11640625 0.5296875
10 0.93671875 0.1171875 0.028125 0.23203125
0 0.8671875 0.2328125 0.0734375 0.24375
0 0.75625 0.20546875 0.01953125 0.06875
10 0.30703125 0.11328125 0.0203125 0.2265625
0 0.090625 0.2140625 0.025 0.1125
0 0.06953125 0.2171875 0.0296875 0.11640625
1 0.61484375 0.20390625 0.06328125 0.05703125
1 0.471875 0.19921875 0.0484375 0.0453125
