15 0.55390625 0.6859375 0.05234375 0.17421875
15 0.51953125 0.5125 0.025 0.08828125
15 0.734375 0.46015625 0.01875 0.06484375
13 0.61953125 0.4328125 0.00546875 0.046875
13 0.634375 0.4453125 0.00703125 0.0671875
13 0.27890625 0.525 0.01015625 0.1125
13 0.2375 0.521875 0.00625 0.109375
15 0.0515625 0.52890625 0.028125 0.0796875
15 0.03984375 0.4796875 0.0203125 0.05703125
15 0.91328125 0.6109375 0.08046875 0.23359375
15 0.84921875 0.45703125 0.02265625 0.0671875
15 0.87890625 0.45859375 0.015625 0.0703125
