16 0.590625 0.38359375 0.0703125 0.0859375
16 0.46640625 0.23828125 0.02578125 0.03046875
16 0.46796875 0.221875 0.02265625 0.0140625
16 0.43203125 0.175 0.00703125 0.0078125
16 0.46796875 0.175 0.00625 0.00703125
10 0.4625 0.16015625 0.0046875 0.0359375
10 0.446875 0.15625 0.00390625 0.0421875
0 0.30234375 0.16640625 0.01171875 0.03515625
1 0.171875 0.1671875 0.16171875 0.053125
1 0.040625 0.2109375 0.08125 0.07421875
10 0.80390625 0.17734375 0.0265625 0.15625
9 0.61328125 0.1734375 0.028125 0.02578125
