0 0.01171875 0.421875 0.01484375 0.04921875
14 0.14609375 0.43828125 0.034375 0.05234375
10 0.0875 0.359375 0.01171875 0.175
10 0.00859375 0.3546875 0.009375 0.0953125
15 0.1265625 0.3890625 0.00625 0.01171875
15 0.14921875 0.38984375 0.00703125 0.01171875
9 0.11953125 0.38203125 0.0109375 0.01796875
9 0.13125 0.3828125 0.01171875 0.01796875
9 0.1453125 0.38203125 0.01171875 0.01875
10 0.1828125 0.3765625 0.0046875 0.034375
15 0.259375 0.38984375 0.00703125 0.01171875
15 0.31171875 0.3890625 0.00703125 0.01015625
0 0.30234375 0.403125 0.0125 0.05234375
0 0.33203125 0.40078125 0.01796875 0.05
15 0.3625 0.390625 0.00625 0.01015625
0 0.36328125 0.38046875 0.01171875 0.02109375
14 0.38046875 0.3921875 0.02421875 0.01796875
10 0.44375 0.35625 0.02578125 0.47578125
17 0.753125 0.540625 0.0328125 0.07578125
10 0.7046875 0.371875 0.009375 0.10703125
14 0.90546875 0.40390625 0.0078125 0.0125
