13 0.328125 0.69921875 0.165625 0.5953125
13 0.9140625 0.5734375 0.140625 0.46875
13 0.71953125 0.2765625 0.053125 0.19375
13 0.4625 0.30234375 0.065625 0.2203125
13 0.55625 0.23046875 0.04296875 0.153125
13 0.4390625 0.1984375 0.034375 0.12421875
13 0.29609375 0.2046875 0.0390625 0.1328125
13 0.17109375 0.33125 0.07421875 0.25
13 0.134375 0.253125 0.05546875 0.1828125
13 0.23515625 0.1828125 0.03125 0.103125
0 0.04921875 0.15078125 0.06640625 0.25625
0 0.33515625 0.2078125 0.10859375 0.34296875
