16 0.225 0.821875 0.075 0.11640625
16 0.01640625 0.89140625 0.0328125 0.13671875
16 0.45859375 0.74140625 0.0671875 0.103125
16 0.62734375 0.696875 0.0546875 0.08671875
16 0.75625 0.65859375 0.05234375 0.0765625
16 0.8578125 0.628125 0.0453125 0.06328125
16 0.9328125 0.60703125 0.0453125 0.06015625
16 0.98359375 0.51171875 0.02734375 0.03671875
16 0.91015625 0.5046875 0.025 0.04296875
16 0.8421875 0.4953125 0.025 0.03671875
11 0.9625 0.4265625 0.06015625 0.08671875
1 0.7484375 0.41640625 0.10234375 0.06015625
14 0.6265625 0.43984375 0.02265625 0.03984375
10 0.7234375 0.23984375 0.0421875 0.4796875
