15 0.10390625 0.60234375 0.11484375 0.45390625
15 0.1109375 0.4125 0.07890625 0.3390625
15 0.29609375 0.3765625 0.078125 0.30703125
15 0.43046875 0.3671875 0.06640625 0.28515625
15 0.5484375 0.3578125 0.06640625 0.2609375
15 0.63828125 0.35078125 0.0640625 0.24296875
15 0.73515625 0.34921875 0.06640625 0.23671875
15 0.12421875 0.284375 0.05546875 0.27109375
15 0.55390625 0.0875 0.02578125 0.10625
15 0.6234375 0.10625 0.02890625 0.10859375
16 0.64921875 0.11171875 0.0296875 0.0984375
16 0.56015625 0.0921875 0.03671875 0.09609375
16 0.609375 0.06640625 0.03359375 0.084375
16 0.84140625 0.12734375 0.03828125 0.078125
0 0.7765625 0.084375 0.040625 0.16484375
