15 0.078125 0.52890625 0.1078125 0.19375
15 0.165625 0.51640625 0.0890625 0.1796875
15 0.23984375 0.50625 0.0859375 0.16640625
15 0.29921875 0.4921875 0.07109375 0.1515625
15 0.35625 0.484375 0.0703125 0.14375
15 0.41015625 0.478125 0.0609375 0.13828125
15 0.45234375 0.47109375 0.0546875 0.1296875
15 0.50078125 0.46640625 0.05546875 0.1234375
15 0.5390625 0.4625 0.0453125 0.11640625
15 0.57421875 0.45859375 0.0484375 0.1140625
15 0.6046875 0.4484375 0.04140625 0.10546875
15 0.63671875 0.4453125 0.04453125 0.1015625
15 0.6703125 0.43984375 0.0421875 0.09765625
15 0.696875 0.43515625 0.03203125 0.09140625
15 0.7203125 0.4328125 0.0328125 0.08828125
15 0.74375 0.43046875 0.0296875 0.0859375
15 0.7625 0.42734375 0.02890625 0.08359375
15 0.78359375 0.42421875 0.0265625 0.08203125
15 0.803125 0.421875 0.028125 0.0765625
15 0.82578125 0.41875 0.03203125 0.078125
15 0.8453125 0.41640625 0.0234375 0.071875
15 0.8640625 0.4140625 0.0265625 0.06953125
15 0.884375 0.4109375 0.02578125 0.0703125
15 0.903125 0.41015625 0.021875 0.06640625
9 0.91328125 0.3546875 0.0453125 0.078125
