13 0.78203125 0.553125 0.0265625 0.1125
13 0.69140625 0.51171875 0.0203125 0.08125
13 0.6421875 0.48984375 0.015625 0.065625
13 0.609375 0.4734375 0.015625 0.05234375
13 0.584375 0.4640625 0.01484375 0.04609375
1 0.97109375 0.46015625 0.05546875 0.08203125
1 0.7453125 0.4265625 0.140625 0.0578125
1 0.578125 0.4203125 0.10078125 0.03828125
13 0.565625 0.4546875 0.0109375 0.03984375
13 0.5546875 0.44921875 0.009375 0.0359375
13 0.54296875 0.44453125 0.00703125 0.03359375
13 0.53359375 0.43984375 0.00625 0.0296875
6 0.2890625 0.4375 0.0390625 0.05
9 0.3875 0.42421875 0.0453125 0.03203125
