13 0.1640625 0.846875 0.0765625 0.30546875
13 0.1234375 0.6015625 0.046875 0.19921875
15 0.24921875 0.7546875 0.121875 0.30234375
13 0.54609375 0.66484375 0.07421875 0.41796875
13 0.615625 0.63046875 0.0796875 0.403125
13 0.69140625 0.60859375 0.08203125 0.37734375
13 0.5796875 0.50703125 0.04609375 0.2734375
13 0.496875 0.52109375 0.0484375 0.2859375
1 0.32421875 0.453125 0.64453125 0.5015625
0 0.58984375 0.2515625 0.0515625 0.059375
0 0.296875 0.1796875 0.0359375 0.04765625
0 0.40078125 0.22578125 0.028125 0.084375
0 0.0625 0.240625 0.09453125 0.14921875
0 0.965625 0.19609375 0.0671875 0.12421875
