16 0.8734375 0.88515625 0.14765625 0.21640625
16 0.58515625 0.753125 0.08984375 0.13984375
16 0.4203125 0.68984375 0.0703125 0.10703125
16 0.29765625 0.65 0.06484375 0.08671875
16 0.19375 0.621875 0.05234375 0.0765625
16 0.1171875 0.6046875 0.05 0.0765625
16 0.03984375 0.58515625 0.0453125 0.06328125
1 0.22265625 0.5203125 0.21484375 0.146875
10 0.93125 0.48203125 0.0375 0.55703125
1 0.7328125 0.5203125 0.1 0.046875
1 0.62734375 0.51484375 0.0703125 0.05
0 0.6046875 0.5265625 0.0203125 0.0734375
