13 0.83125 0.61484375 0.0375 0.24375
13 0.62421875 0.78203125 0.04140625 0.3328125
13 0.62734375 0.4953125 0.01953125 0.16171875
13 0.1625 0.5140625 0.02734375 0.18125
13 0.26171875 0.4640625 0.01640625 0.1421875
15 0.29375 0.45390625 0.03515625 0.12109375
15 0.23984375 0.4546875 0.03046875 0.10546875
15 0.19765625 0.45234375 0.034375 0.1015625
15 0.13515625 0.44296875 0.034375 0.10390625
1 0.04453125 0.2765625 0.0890625 0.1125
1 0.21484375 0.28515625 0.16015625 0.1078125
14 0.3296875 0.28203125 0.03046875 0.05859375
1 0.6734375 0.25625 0.04296875 0.0796875
1 0.63671875 0.23984375 0.040625 0.04765625
0 0.378125 0.228125 0.01640625 0.07109375
1 0.1859375 0.23125 0.040625 0.04296875
1 0.0953125 0.234375 0.05703125 0.0453125
