13 0.51484375 0.82265625 0.12578125 0.31015625
13 0.46953125 0.58984375 0.06796875 0.15234375
0 0.26328125 0.35078125 0.12578125 0.271875
12 0.84765625 0.31796875 0.303125 0.31484375
1 0.60390625 0.30234375 0.184375 0.1046875
1 0.51875 0.28046875 0.05390625 0.04921875
1 0.18671875 0.325 0.3640625 0.16953125
12 0.18203125 0.325 0.36328125 0.17421875
10 0.459375 0.196875 0.059375 0.2703125
13 0.453125 0.4828125 0.046875 0.0828125
13 0.43828125 0.4234375 0.0296875 0.0515625
11 0.72890625 0.24921875 0.0859375 0.04609375
