14 0.83984375 0.59296875 0.31015625 0.60625
14 0.628125 0.540625 0.28671875 0.53359375
14 0.45078125 0.496875 0.26796875 0.4765625
14 0.3140625 0.45546875 0.23515625 0.42265625
14 0.2046875 0.42578125 0.22734375 0.38671875
14 0.084375 0.39921875 0.13671875 0.33828125
1 0.24609375 0.16171875 0.09453125 0.109375
1 0.6890625 0.13828125 0.15 0.0765625
1 0.58828125 0.153125 0.09375 0.07109375
1 0.52265625 0.14921875 0.0796875 0.06953125
1 0.46953125 0.14765625 0.059375 0.05859375
1 0.43125 0.1453125 0.0421875 0.05234375
0 0.5328125 0.15078125 0.02421875 0.09375
1 0.34140625 0.1359375 0.03359375 0.03671875
9 0.17109375 0.16953125 0.06640625 0.0625
14 0.0234375 0.18359375 0.046875 0.0734375
