13 0.77421875 0.58046875 0.11171875 0.20390625
13 0.68515625 0.46953125 0.0703125 0.12578125
13 0.6453125 0.4203125 0.04765625 0.09453125
13 0.62265625 0.39140625 0.040625 0.07734375
1 0.5640625 0.2953125 0.04609375 0.0359375
1 0.5484375 0.28203125 0.0390625 0.02578125
1 0.49296875 0.278125 0.0296875 0.01875
13 0.12890625 0.3171875 0.01484375 0.0609375
1 0.19296875 0.26015625 0.15703125 0.075
1 0.27890625 0.2578125 0.0375 0.03828125
1 0.36171875 0.26484375 0.03984375 0.021875
1 0.39609375 0.26640625 0.028125 0.01796875
0 0.3421875 0.25546875 0.00859375 0.01328125
0 0.3515625 0.253125 0.00859375 0.00859375
1 0.43828125 0.26875 0.01953125 0.01328125
1 0.45234375 0.26953125 0.0125 0.0109375
1 0.46484375 0.2703125 0.015625 0.01015625
13 0.60859375 0.36875 0.03046875 0.06484375
