9 0.1296875 0.6671875 0.0953125 0.26484375
0 0.13359375 0.5921875 0.07265625 0.18515625
16 0.6 0.6921875 0.05 0.1046875
16 0.53984375 0.675 0.03984375 0.1
16 0.48515625 0.65234375 0.03984375 0.0953125
16 0.42734375 0.6375 0.03515625 0.08515625
16 0.3921875 0.62265625 0.0296875 0.075
16 0.3546875 0.6078125 0.03515625 0.075
10 0.6734375 0.3828125 0.05234375 0.76484375
16 0.7484375 0.69765625 0.0578125 0.125
16 0.83125 0.6875 0.05234375 0.11484375
16 0.90390625 0.675 0.05234375 0.11015625
16 0.97109375 0.67265625 0.05234375 0.11484375
1 0.8671875 0.5296875 0.2453125 0.18984375
12 0.86875 0.5296875 0.24765625 0.2
