13 0.2234375 0.275 0.01796875 0.153125
13 0.24140625 0.2984375 0.01875 0.17109375
13 0.26328125 0.325 0.01875 0.1984375
13 0.29140625 0.35546875 0.028125 0.2296875
13 0.33359375 0.3953125 0.028125 0.2515625
13 0.39140625 0.40546875 0.028125 0.1984375
13 0.3453125 0.1796875 0.01171875 0.0640625
13 0.35703125 0.18125 0.0078125 0.0640625
13 0.37109375 0.18359375 0.01015625 0.065625
13 0.3859375 0.18671875 0.00859375 0.0671875
13 0.40078125 0.19140625 0.01171875 0.06953125
13 0.41796875 0.19609375 0.01171875 0.07109375
13 0.43671875 0.20234375 0.01171875 0.0765625
13 0.45625 0.20859375 0.0125 0.08203125
13 0.4796875 0.2140625 0.0140625 0.0859375
13 0.54765625 0.1828125 0.025 0.0859375
13 0.58359375 0.19453125 0.0265625 0.1671875
13 0.63671875 0.25625 0.03203125 0.21328125
13 0.72109375 0.3453125 0.0484375 0.24609375
13 0.15546875 0.67265625 0.0421875 0.31171875
13 0.30625 0.6265625 0.03671875 0.25859375
13 0.434375 0.63359375 0.03515625 0.328125
13 0.52578125 0.646875 0.05078125 0.4265625
13 0.7796875 0.68515625 0.03515625 0.21875
13 0.8734375 0.665625 0.025 0.17265625
