16 0.1375 0.4484375 0.05 0.06328125
16 0.2578125 0.43984375 0.0453125 0.06015625
16 0.35625 0.43359375 0.0375 0.06015625
16 0.43515625 0.4296875 0.03515625 0.046875
16 0.50234375 0.425 0.03984375 0.05
16 0.5625 0.4203125 0.03515625 0.046875
16 0.61484375 0.41640625 0.0296875 0.03984375
16 0.6625 0.41484375 0.0296875 0.04296875
16 0.6984375 0.41171875 0.02734375 0.03671875
1 0.74609375 0.378125 0.12265625 0.0765625
1 0.85390625 0.3765625 0.0921875 0.06015625
1 0.5828125 0.371875 0.18984375 0.1234375
1 0.2828125 0.38515625 0.2796875 0.1765625
