13 0.15703125 0.7734375 0.17109375 0.26484375
13 0.3578125 0.5796875 0.1046875 0.18359375
13 0.4453125 0.475 0.071875 0.1375
0 0.29296875 0.340625 0.16640625 0.26015625
13 0.49765625 0.41796875 0.05859375 0.109375
13 0.53203125 0.37734375 0.04921875 0.090625
13 0.55859375 0.35078125 0.0359375 0.078125
13 0.58125 0.33125 0.03203125 0.06640625
13 0.59375 0.315625 0.02890625 0.0578125
13 0.62109375 0.28984375 0.021875 0.04453125
1 0.26953125 0.31640625 0.52421875 0.1953125
1 0.93671875 0.240625 0.125 0.33046875
1 0.82265625 0.23203125 0.165625 0.121875
1 0.50703125 0.26640625 0.2453125 0.08359375
