14 0.83203125 0.684375 0.1703125 0.4890625
14 0.6453125 0.6046875 0.14765625 0.4265625
14 0.5171875 0.55078125 0.1375 0.38203125
14 0.37578125 0.50234375 0.125 0.35546875
14 0.290625 0.47578125 0.115625 0.32890625
14 0.21328125 0.44921875 0.0953125 0.3109375
12 0.16953125 0.10703125 0.33828125 0.21328125
12 0.41953125 0.0953125 0.14765625 0.15546875
1 0.728125 0.19140625 0.2734375 0.178125
1 0.6328125 0.1421875 0.14765625 0.10703125
12 0.71328125 0.053125 0.1859375 0.10625
14 0.70703125 0.30234375 0.08046875 0.221875
