13 0.7984375 0.584375 0.01875 0.09765625
15 0.7296875 0.57578125 0.0296875 0.08203125
13 0.60546875 0.540625 0.0140625 0.07578125
13 0.478125 0.51171875 0.009375 0.0625
15 0.40625 0.4984375 0.01796875 0.046875
13 0.37578125 0.48828125 0.0109375 0.0515625
13 0.30546875 0.475 0.0078125 0.0453125
15 0.27734375 0.4703125 0.0125 0.03671875
0 0.21875 0.4875 0.03828125 0.090625
0 0.25859375 0.40625 0.015625 0.05078125
13 0.2453125 0.4609375 0.00703125 0.03671875
13 0.1796875 0.49609375 0.01796875 0.0328125
13 0.15234375 0.48359375 0.0125 0.03046875
13 0.13125 0.46640625 0.0140625 0.0265625
15 0.1125 0.4296875 0.0078125 0.02109375
10 0.1734375 0.30859375 0.0171875 0.1484375
