13 0.8578125 0.5796875 0.128125 0.71796875
13 0.57109375 0.33671875 0.0921875 0.4859375
13 0.46796875 0.23125 0.065625 0.3359375
13 0.4046875 0.1640625 0.046875 0.25859375
13 0.35 0.1265625 0.04296875 0.2109375
13 0.30546875 0.10078125 0.0328125 0.16875
13 0.2703125 0.08828125 0.02578125 0.14765625
13 0.246875 0.075 0.02109375 0.1125
13 0.20234375 0.06796875 0.02734375 0.121875
13 0.1546875 0.0609375 0.02265625 0.103125
13 0.10625 0.0578125 0.02421875 0.08671875
13 0.06640625 0.0578125 0.02109375 0.08671875
13 0.0234375 0.0578125 0.02109375 0.08671875
