15 0.93203125 0.525 0.075 0.0703125
15 0.609375 0.4828125 0.05546875 0.05546875
15 0.28046875 0.4359375 0.05 0.04140625
15 0.1984375 0.415625 0.03359375 0.03203125
15 0.134375 0.4015625 0.03046875 0.02890625
15 0.196875 0.375 0.0140625 0.01640625
15 0.27421875 0.3828125 0.01796875 0.01796875
15 0.36015625 0.3921875 0.02109375 0.01875
15 0.46640625 0.40234375 0.021875 0.021875
15 0.5859375 0.4140625 0.025 0.02578125
1 0.09609375 0.3609375 0.13359375 0.0515625
11 0.3078125 0.36328125 0.16796875 0.046875
