15 0.07734375 0.2296875 0.0859375 0.24453125
15 0.15625 0.2671875 0.10078125 0.2703125
15 0.37578125 0.2640625 0.10390625 0.2734375
15 0.44765625 0.22421875 0.0859375 0.23984375
15 0.9296875 0.33046875 0.07421875 0.171875
15 0.86640625 0.22578125 0.04453125 0.1015625
15 0.840625 0.1859375 0.0296875 0.0796875
15 0.82578125 0.16171875 0.02578125 0.0609375
15 0.81171875 0.13984375 0.01796875 0.05625
15 0.0859375 0.7578125 0.11875 0.2328125
15 0.428125 0.83984375 0.16015625 0.3171875
15 0.58515625 0.921875 0.071875 0.153125
15 0.80546875 0.82890625 0.0328125 0.08125
15 0.86640625 0.7234375 0.0296875 0.075
0 0.84375 0.6640625 0.03515625 0.12421875
12 0.8203125 0.7484375 0.24453125 0.1796875
1 0.1375 0.628125 0.25390625 0.08671875
