16 0.87265625 0.790625 0.24921875 0.41484375
16 0.653125 0.8 0.23203125 0.396875
16 0.41875 0.77734375 0.24765625 0.4421875
16 0.17890625 0.790625 0.24921875 0.41484375
16 0.1015625 0.60390625 0.1921875 0.37890625
16 0.3109375 0.52890625 0.20859375 0.25703125
16 0.50625 0.51875 0.20546875 0.2515625
16 0.709375 0.53359375 0.19375 0.2625
16 0.896875 0.5296875 0.20390625 0.2515625
16 0.85390625 0.36953125 0.190625 0.225
16 0.68046875 0.36953125 0.18046875 0.1953125
16 0.49375 0.34609375 0.17890625 0.18125
16 0.3078125 0.353125 0.19921875 0.18515625
16 0.11171875 0.36953125 0.19375 0.2140625
16 0.1421875 0.2203125 0.17890625 0.1796875
16 0.1546875 0.10078125 0.146875 0.13984375
16 0.3109375 0.1 0.165625 0.1484375
16 0.31171875 0.2140625 0.1671875 0.1484375
16 0.475 0.2078125 0.1671875 0.15
16 0.646875 0.215625 0.17734375 0.16328125
16 0.80625 0.22265625 0.16171875 0.15546875
16 0.75625 0.11171875 0.140625 0.13203125
16 0.61171875 0.1265625 0.1484375 0.159375
16 0.4625 0.09609375 0.1390625 0.14140625
