15 0.81640625 0.575 0.19921875 0.4359375
15 0.17109375 0.9359375 0.0859375 0.12578125
15 0.23203125 0.83984375 0.09375 0.3171875
15 0.284375 0.721875 0.07109375 0.334375
15 0.33359375 0.64765625 0.05859375 0.27265625
12 0.7421875 0.71328125 0.51171875 0.571875
1 0.928125 0.5015625 0.08671875 0.12734375
1 0.76328125 0.3796875 0.16484375 0.14921875
12 0.76171875 0.37890625 0.16484375 0.15078125
0 0.5140625 0.28125 0.03359375 0.11015625
1 0.60703125 0.309375 0.05859375 0.07265625
15 0.45390625 0.26796875 0.01171875 0.02734375
