16 0.34609375 0.753125 0.3921875 0.490625
16 0.80390625 0.7984375 0.38203125 0.40078125
16 0.76640625 0.50859375 0.328125 0.36015625
16 0.44375 0.4515625 0.2734375 0.33671875
16 0.096875 0.60390625 0.15 0.43359375
16 0.18671875 0.334375 0.25546875 0.31796875
16 0.28671875 0.203125 0.20234375 0.2484375
16 0.48515625 0.20859375 0.2140625 0.190625
16 0.7640625 0.253125 0.2296875 0.19765625
16 0.87578125 0.18828125 0.1859375 0.271875
16 0.62578125 0.140625 0.15703125 0.2375
16 0.790625 0.07578125 0.171875 0.14921875
16 0.4265625 0.0765625 0.1765625 0.13984375
16 0.21953125 0.06015625 0.15 0.109375
16 0.06484375 0.21484375 0.0828125 0.2609375
