13 0.9578125 0.73203125 0.0328125 0.22578125
13 0.790625 0.709375 0.028125 0.171875
13 0.68359375 0.69765625 0.02421875 0.14375
13 0.59453125 0.67890625 0.01953125 0.1296875
13 0.5375 0.66796875 0.0171875 0.12265625
13 0.5171875 0.67265625 0.015625 0.09375
13 0.49765625 0.6703125 0.0171875 0.10859375
13 0.009375 0.67421875 0.01875 0.134375
13 0.03203125 0.62734375 0.01875 0.1015625
13 0.059375 0.6140625 0.01875 0.0984375
13 0.13046875 0.5984375 0.015625 0.09140625
13 0.21328125 0.584375 0.0171875 0.08671875
13 0.30625 0.56796875 0.015625 0.08203125
13 0.40234375 0.5625 0.0140625 0.084375
13 0.49296875 0.5515625 0.0125 0.08203125
13 0.59375 0.553125 0.0125 0.0796875
0 0.7515625 0.56015625 0.0359375 0.0796875
0 0.7875 0.55625 0.0296875 0.08671875
