0 0.9136752136752136 0.3935599284436494 0.044444444444444446 0.09302325581395349
0 0.7905982905982906 0.4221824686940966 0.046153846153846156 0.09481216457960644
0 0.658974358974359 0.44991055456171736 0.044444444444444446 0.08944543828264759
0 0.7675213675213676 0.4347048300536673 0.04786324786324787 0.09302325581395349
0 0.8367521367521368 0.4275491949910555 0.04957264957264957 0.11091234347048301
0 0.6068376068376068 0.5304114490161002 0.11965811965811966 0.24329159212880144
0 0.21196581196581196 0.6726296958855098 0.1829059829059829 0.41144901610017887
0 0.3145299145299145 0.684257602862254 0.1829059829059829 0.481216457960644
0 0.37777777777777777 0.6762075134168157 0.2564102564102564 0.5348837209302325
0 0.16324786324786325 0.7584973166368515 0.15555555555555556 0.4543828264758497
0 0.11623931623931624 0.7477638640429338 0.22905982905982905 0.5008944543828264
0 0.8931623931623932 0.6431127012522362 0.21025641025641026 0.5456171735241503