0 0.923931623931624 0.4552772808586762 0.03418803418803419 0.09123434704830054
0 0.7982905982905983 0.46511627906976744 0.035897435897435895 0.09123434704830054
0 0.6641025641025641 0.4731663685152057 0.03418803418803419 0.08765652951699464
0 0.7735042735042735 0.4740608228980322 0.037606837606837605 0.08944543828264759
0 0.8427350427350427 0.4776386404293381 0.035897435897435895 0.10912343470483005
0 0.6017094017094017 0.5456171735241503 0.0905982905982906 0.23613595706618962
0 0.19230769230769232 0.629695885509839 0.13333333333333333 0.39892665474060823
0 0.2923076923076923 0.6556350626118068 0.12136752136752137 0.47227191413237923
0 0.35555555555555557 0.6565295169946332 0.19145299145299147 0.516994633273703
0 0.13247863247863248 0.7066189624329159 0.09914529914529914 0.4490161001788909
0 0.08461538461538462 0.7101967799642218 0.15897435897435896 0.5295169946332737
0 0.8982905982905983 0.7057245080500895 0.2 0.5241502683363148