0 0.9188034188034188 0.5787119856887298 0.05128205128205128 0.09481216457960644
0 0.7957264957264957 0.5518783542039356 0.05299145299145299 0.09481216457960644
0 0.6649572649572649 0.5214669051878354 0.04957264957264957 0.09123434704830054
0 0.7700854700854701 0.5536672629695886 0.05299145299145299 0.09302325581395349
0 0.8358974358974359 0.5778175313059034 0.05641025641025641 0.11270125223613596
0 0.5854700854700855 0.5733452593917711 0.13333333333333333 0.24686940966010734
0 0.1700854700854701 0.535778175313059 0.20683760683760682 0.41323792486583183
0 0.258974358974359 0.5894454382826476 0.21196581196581196 0.481216457960644
0 0.31965811965811963 0.6091234347048301 0.28717948717948716 0.5402504472271914
0 0.09230769230769231 0.5930232558139535 0.18461538461538463 0.4525939177101968
0 0.08803418803418804 0.5822898032200358 0.17606837606837608 0.5456171735241503
0 0.8367521367521368 0.7683363148479427 0.3128205128205128 0.4597495527728086