0 0.23482658959537572 0.4316455696202532 0.12427745664739884 0.41012658227848103
0 0.3309248554913295 0.4088607594936709 0.1199421965317919 0.389873417721519
0 0.16618497109826588 0.6037974683544304 0.2398843930635838 0.7873417721518987
0 0.45447976878612717 0.529113924050633 0.23265895953757226 0.7443037974683544
0 0.6083815028901735 0.4962025316455696 0.21820809248554912 0.779746835443038
0 0.8114161849710982 0.43670886075949367 0.26011560693641617 0.810126582278481
0 0.40028901734104044 0.25569620253164554 0.03901734104046243 0.11645569620253164
0 0.26878612716763006 0.3 0.028901734104046242 0.14177215189873418
0 0.47326589595375723 0.23291139240506328 0.033236994219653176 0.09873417721518987
0 0.2817919075144509 0.3012658227848101 0.031791907514450865 0.10886075949367088
0 0.3815028901734104 0.2746835443037975 0.03757225433526012 0.1240506329113924