0 0.2384393063583815 0.4 0.10982658959537572 0.4050632911392405
0 0.3352601156069364 0.3886075949367089 0.10549132947976879 0.3848101265822785
0 0.16257225433526012 0.5734177215189873 0.20953757225433525 0.7974683544303798
0 0.45375722543352603 0.5240506329113924 0.20664739884393063 0.7316455696202532
0 0.6083815028901735 0.5101265822784811 0.1893063583815029 0.7721518987341772
0 0.8135838150289018 0.47468354430379744 0.23265895953757226 0.7974683544303798
0 0.4096820809248555 0.24430379746835443 0.03468208092485549 0.11392405063291139
0 0.2774566473988439 0.2721518987341772 0.024566473988439308 0.14177215189873418
0 0.4841040462427746 0.23037974683544304 0.028901734104046242 0.09873417721518987
0 0.2904624277456647 0.2746835443037975 0.02745664739884393 0.10632911392405063
0 0.3908959537572254 0.2607594936708861 0.033236994219653176 0.1240506329113924