0 0.8762626262626263 0.46190476190476193 0.11363636363636363 0.3682539682539683
0 0.29292929292929293 0.3333333333333333 0.16161616161616163 0.4444444444444444
0 0.7651515151515151 0.473015873015873 0.21212121212121213 0.6158730158730159
0 0.9103535353535354 0.5285714285714286 0.17424242424242425 0.5936507936507937
0 0.14015151515151514 0.36666666666666664 0.20959595959595959 0.5873015873015873
0 0.5568181818181818 0.4777777777777778 0.1414141414141414 0.4888888888888889
0 0.6578282828282829 0.5222222222222223 0.37626262626262624 0.9492063492063492
0 0.41035353535353536 0.5158730158730159 0.4065656565656566 0.9079365079365079
0 0.29545454545454547 0.06190476190476191 0.03787878787878788 0.09523809523809523
0 0.17424242424242425 0.05873015873015873 0.047979797979797977 0.09206349206349207
0 0.1414141414141414 0.05238095238095238 0.04040404040404041 0.09523809523809523
0 0.21843434343434343 0.0746031746031746 0.04040404040404041 0.1111111111111111
0 0.2777777777777778 0.09682539682539683 0.04292929292929293 0.10476190476190476