0 0.851010101010101 0.3253968253968254 0.09090909090909091 0.36507936507936506
0 0.26262626262626265 0.4158730158730159 0.13383838383838384 0.4380952380952381
0 0.7474747474747475 0.3761904761904762 0.1717171717171717 0.6095238095238096
0 0.9128787878787878 0.36984126984126986 0.1691919191919192 0.5873015873015873
0 0.125 0.5047619047619047 0.1717171717171717 0.580952380952381
0 0.5492424242424242 0.4587301587301587 0.1111111111111111 0.4857142857142857
0 0.6578282828282829 0.473015873015873 0.31565656565656564 0.946031746031746
0 0.41792929292929293 0.5476190476190477 0.35353535353535354 0.8888888888888888
0 0.20202020202020202 0.15555555555555556 0.03282828282828283 0.09523809523809523
0 0.08585858585858586 0.19682539682539682 0.04292929292929293 0.08888888888888889
0 0.05303030303030303 0.20317460317460317 0.03535353535353535 0.09206349206349207
0 0.13131313131313133 0.19523809523809524 0.03282828282828283 0.1111111111111111
0 0.19444444444444445 0.19523809523809524 0.03535353535353535 0.10158730158730159