0 0.27890173410404623 0.23544303797468355 0.13872832369942195 0.4151898734177215
0 0.3706647398843931 0.28860759493670884 0.1329479768786127 0.3949367088607595
0 0.171242774566474 0.37848101265822787 0.26734104046242774 0.7569620253164557
0 0.4515895953757225 0.49240506329113926 0.25722543352601157 0.7518987341772152
0 0.5982658959537572 0.579746835443038 0.24421965317919075 0.7848101265822784
0 0.796242774566474 0.6341772151898735 0.28901734104046245 0.7265822784810126
0 0.47109826589595377 0.20379746835443038 0.04190751445086705 0.11645569620253164
0 0.342485549132948 0.14303797468354432 0.03468208092485549 0.14177215189873418
0 0.5426300578034682 0.23924050632911392 0.036127167630057806 0.10126582278481013
0 0.3540462427745665 0.15316455696202533 0.03468208092485549 0.10886075949367088
0 0.45014450867052025 0.20632911392405062 0.04190751445086705 0.12658227848101267