0 0.1351010101010101 0.38095238095238093 0.06565656565656566 0.35873015873015873
0 0.7272727272727273 0.38095238095238093 0.10353535353535354 0.43174603174603177
0 0.24242424242424243 0.4158730158730159 0.13131313131313133 0.6
0 0.07196969696969698 0.43174603174603177 0.14393939393939395 0.5714285714285714
0 0.8724747474747475 0.44761904761904764 0.13383838383838384 0.5714285714285714
0 0.44696969696969696 0.4666666666666667 0.07828282828282829 0.4793650793650794
0 0.3409090909090909 0.49523809523809526 0.25 0.926984126984127
0 0.5858585858585859 0.5349206349206349 0.29545454545454547 0.8634920634920635
0 0.7626262626262627 0.1126984126984127 0.027777777777777776 0.09206349206349207
0 0.8813131313131313 0.1365079365079365 0.03535353535353535 0.08571428571428572
0 0.9154040404040404 0.1365079365079365 0.027777777777777776 0.08888888888888889
0 0.8358585858585859 0.14126984126984127 0.027777777777777776 0.10793650793650794
0 0.773989898989899 0.15079365079365079 0.030303030303030304 0.09841269841269841