0 0.42133333333333334 0.7058823529411765 0.017333333333333333 0.04201680672268908
0 0.5053333333333333 0.7436974789915967 0.028 0.09243697478991597
0 0.2966666666666667 0.6775210084033614 0.032 0.07983193277310924
0 0.31066666666666665 0.6880252100840336 0.024 0.07142857142857142
0 0.6193333333333333 0.8151260504201681 0.04666666666666667 0.13655462184873948
0 0.264 0.6859243697478992 0.04 0.11554621848739496
0 0.8453333333333334 0.9096638655462185 0.04533333333333334 0.17647058823529413
0 0.86 0.9107142857142857 0.05333333333333334 0.17436974789915966
0 0.3953333333333333 0.759453781512605 0.06533333333333333 0.18277310924369747
0 0.11 0.6586134453781513 0.05466666666666667 0.18487394957983194
0 0.5693333333333334 0.8287815126050421 0.064 0.22058823529411764
0 0.3446666666666667 0.75 0.05733333333333333 0.1869747899159664
0 0.21266666666666667 0.7027310924369747 0.04933333333333333 0.19327731092436976
0 0.5206666666666667 0.819327731092437 0.06266666666666666 0.21428571428571427
0 0.19133333333333333 0.7048319327731093 0.068 0.2184873949579832
0 0.37133333333333335 0.7836134453781513 0.05733333333333333 0.14495798319327732
0 0.4246666666666667 0.8035714285714286 0.04933333333333333 0.1134453781512605
0 0.6733333333333333 0.8697478991596639 0.10133333333333333 0.25630252100840334
0 0.04133333333333333 0.6733193277310925 0.08266666666666667 0.28781512605042014
0 0.63 0.8939075630252101 0.108 0.20798319327731093