0 0.058666666666666666 0.41765402843601895 0.029333333333333333 0.1066350710900474
0 0.2846666666666667 0.49703791469194314 0.04666666666666667 0.25829383886255924
0 0.48933333333333334 0.5693127962085308 0.07333333333333333 0.4514218009478673
0 0.5293333333333333 0.5829383886255924 0.066 0.4040284360189573
0 0.8066666666666666 0.6303317535545023 0.162 0.6753554502369669
0 0.437 0.6042654028436019 0.122 0.533175355450237
0 0.7156666666666667 0.6332938388625592 0.078 0.45023696682464454
0 0.24266666666666667 0.590047393364929 0.09466666666666666 0.4052132701421801
0 0.036 0.5734597156398105 0.072 0.5308056872037915
0 0.344 0.610781990521327 0.10133333333333333 0.5106635071090048
0 0.102 0.6226303317535545 0.064 0.4928909952606635
0 0.5663333333333334 0.667654028436019 0.102 0.5758293838862559
0 0.15 0.6327014218009479 0.11466666666666667 0.5308056872037915