0 0.9403333333333334 0.5959715639810427 0.036 0.11018957345971564
0 0.71 0.5835308056872038 0.06333333333333334 0.26303317535545023
0 0.5016666666666667 0.5722748815165877 0.10266666666666667 0.4585308056872038
0 0.461 0.5687203791469194 0.092 0.4099526066350711
0 0.18466666666666667 0.504739336492891 0.20533333333333334 0.6978672985781991
0 0.5483333333333333 0.6267772511848341 0.156 0.5485781990521327
0 0.273 0.5438388625592417 0.108 0.45734597156398105
0 0.7393333333333333 0.6907582938388626 0.12066666666666667 0.41824644549763035
0 0.9446666666666667 0.7446682464454977 0.10933333333333334 0.5082938388625592
0 0.638 0.6700236966824644 0.13466666666666666 0.5225118483412322
0 0.8726666666666667 0.764218009478673 0.09733333333333333 0.46919431279620855
0 0.414 0.6368483412322274 0.13933333333333334 0.5864928909952607
0 0.8246666666666667 0.7476303317535545 0.14933333333333335 0.5023696682464455