0 0.2993710691823899 0.45935727788279773 0.30062893081761005 0.782608695652174
0 0.3553459119496855 0.5170132325141777 0.055345911949685536 0.16257088846880907
0 0.21761006289308177 0.48015122873345933 0.04779874213836478 0.14933837429111532
0 0.4962264150943396 0.5718336483931947 0.30566037735849055 0.7882797731568998
0 0.0710691823899371 0.44045368620037806 0.061635220125786164 0.1947069943289225
0 0.3421383647798742 0.5283553875236295 0.03270440251572327 0.0945179584120983
0 0.6918238993710691 0.6427221172022685 0.1710691823899371 0.43856332703213613
0 0.39811320754716983 0.555765595463138 0.026415094339622643 0.06427221172022685
0 0.8037735849056604 0.6871455576559546 0.08679245283018867 0.30623818525519847
0 0.10125786163522013 0.4905482041587902 0.04779874213836478 0.11153119092627599
0 0.7251572327044025 0.7022684310018904 0.20628930817610064 0.5255198487712666