0 0.04472843450479233 0.5095923261390888 0.08945686900958466 0.9136690647482014
0 0.46565495207667734 0.6103117505995204 0.16773162939297126 0.6019184652278178
0 0.2388178913738019 0.6115107913669064 0.16134185303514376 0.5971223021582733
0 0.07108626198083066 0.60431654676259 0.07028753993610223 0.47961630695443647
0 0.10543130990415335 0.6247002398081535 0.0926517571884984 0.4580335731414868
0 0.5990415335463258 0.6738609112709832 0.11501597444089456 0.42685851318944845
0 0.3194888178913738 0.6798561151079137 0.06549520766773163 0.2565947242206235
0 0.3682108626198083 0.6894484412470024 0.051118210862619806 0.2302158273381295
0 0.944888178913738 0.7422062350119905 0.08146964856230032 0.20623501199040767
0 0.9648562300319489 0.7517985611510791 0.038338658146964855 0.17026378896882494
0 0.8730031948881789 0.7482014388489209 0.07507987220447285 0.20863309352517986