0 0.5068359375 0.6164835164835165 0.08447265625 0.41684981684981687
0 0.83984375 0.63003663003663 0.076171875 0.5274725274725275
0 0.153076171875 0.673992673992674 0.078125 0.5347985347985348
0 0.320556640625 0.6937728937728938 0.1044921875 0.567032967032967
0 0.2421875 0.6956043956043956 0.22265625 0.6073260073260073
0 0.777587890625 0.6824175824175824 0.123046875 0.6073260073260073
0 0.10693359375 0.7073260073260074 0.1123046875 0.5838827838827839
0 0.708251953125 0.6912087912087912 0.125 0.6
0 0.939208984375 0.6827838827838828 0.12060546875 0.5948717948717949
0 0.620361328125 0.7007326007326007 0.224609375 0.5956043956043956
0 0.068359375 0.7205128205128205 0.13671875 0.5575091575091575
0 0.460693359375 0.7142857142857143 0.10205078125 0.5699633699633699
0 0.409423828125 0.7168498168498169 0.15576171875 0.5648351648351648
0 0.876220703125 0.7014652014652014 0.0947265625 0.5399267399267399