0 0.194921875 0.44722222222222224 0.03203125 0.1375
0 0.2171875 0.4548611111111111 0.03203125 0.14166666666666666
0 0.241015625 0.4826388888888889 0.0515625 0.20694444444444443
0 0.491015625 0.4625 0.02265625 0.1111111111111111
0 0.5125 0.4652777777777778 0.028125 0.12638888888888888
0 0.606640625 0.47708333333333336 0.05703125 0.2388888888888889
0 0.553515625 0.50625 0.06875 0.2972222222222222
0 0.831640625 0.4847222222222222 0.33515625 0.9694444444444444
0 0.072265625 0.6430555555555556 0.0984375 0.5125
0 0.030078125 0.6638888888888889 0.06015625 0.6111111111111112
0 0.448828125 0.6208333333333333 0.14140625 0.6152777777777778
0 0.64609375 0.5951388888888889 0.125 0.5541666666666667
0 0.31328125 0.6590277777777778 0.15859375 0.6513888888888889
0 0.135546875 0.6770833333333334 0.18046875 0.6430555555555556