0 0.6513888888888889 0.6229050279329609 0.08888888888888889 0.14804469273743018
0 0.6972222222222222 0.6131284916201117 0.06111111111111111 0.12569832402234637
0 0.8333333333333334 0.6019553072625698 0.09722222222222222 0.19553072625698323
0 0.24583333333333332 0.7625698324022346 0.1361111111111111 0.23743016759776536
0 0.5930555555555556 0.6787709497206704 0.10555555555555556 0.20391061452513967
0 0.7333333333333333 0.6522346368715084 0.12222222222222222 0.2541899441340782
0 0.9569444444444445 0.5935754189944135 0.08055555555555556 0.20949720670391062
0 0.1638888888888889 0.797486033519553 0.1361111111111111 0.2681564245810056
0 0.10833333333333334 0.8296089385474861 0.12777777777777777 0.27932960893854747
0 0.3263888888888889 0.7751396648044693 0.13333333333333333 0.27932960893854747
0 0.9875 0.6103351955307262 0.019444444444444445 0.2541899441340782
0 0.8125 0.7081005586592178 0.18888888888888888 0.39106145251396646
0 0.9194444444444444 0.6871508379888268 0.15555555555555556 0.3854748603351955