0 0.5111538461538462 0.41139896373056994 0.024615384615384615 0.07875647668393783
0 0.555 0.42176165803108806 0.045384615384615384 0.12849740932642487
0 0.39076923076923076 0.4202072538860104 0.036923076923076927 0.11398963730569948
0 0.4684615384615385 0.44145077720207254 0.04923076923076923 0.20829015544041452
0 0.35307692307692307 0.4538860103626943 0.036923076923076927 0.1699481865284974
0 0.18115384615384617 0.4466321243523316 0.04230769230769231 0.20103626943005182
0 0.6657692307692308 0.48082901554404145 0.05153846153846154 0.22279792746113988
0 0.6923076923076923 0.4875647668393782 0.08153846153846153 0.28290155440414505
0 0.9584615384615385 0.5139896373056995 0.07307692307692308 0.25699481865284973
0 0.4319230769230769 0.48393782383419687 0.07692307692307693 0.32642487046632124
0 0.21653846153846154 0.4699481865284974 0.06538461538461539 0.28704663212435233
0 0.6115384615384616 0.5031088082901555 0.10307692307692308 0.31917098445595854
0 0.805 0.5186528497409326 0.08846153846153847 0.25906735751295334
0 0.855 0.5274611398963731 0.07076923076923076 0.2549222797927461
0 0.3180769230769231 0.49119170984455957 0.08538461538461538 0.32124352331606215
0 0.7515384615384615 0.5295336787564767 0.06846153846153846 0.22590673575129533
0 0.5273076923076923 0.5419689119170984 0.07230769230769231 0.29844559585492225
0 0.24 0.5435233160621762 0.10692307692307693 0.40414507772020725
0 0.10576923076923077 0.5901554404145077 0.15461538461538463 0.5202072538860104