0 0.5059375 0.3343425605536332 0.106875 0.20847750865051903
0 0.3209375 0.3538062283737024 0.085625 0.29498269896193774
0 0.214375 0.33391003460207613 0.09 0.28546712802768165
0 0.2534375 0.35423875432525953 0.085 0.2647058823529412
0 0.651875 0.43166089965397925 0.046875 0.20761245674740483
0 0.6121875 0.43079584775086505 0.061875 0.19463667820069205
0 0.849375 0.4930795847750865 0.120625 0.39186851211072665
0 0.6759375 0.481401384083045 0.085625 0.34342560553633217
0 0.848125 0.5302768166089965 0.13125 0.3780276816608997
0 0.545625 0.4844290657439446 0.155625 0.3944636678200692
0 0.3134375 0.4554498269896194 0.114375 0.38581314878892736
0 0.695625 0.532439446366782 0.11 0.39013840830449825
0 0.9290625 0.5795847750865052 0.14125 0.43166089965397925
0 0.52875 0.5237889273356401 0.12125 0.3624567474048443
0 0.745 0.5705017301038062 0.165625 0.5008650519031141
0 0.3515625 0.5436851211072664 0.156875 0.5648788927335641
0 0.479375 0.5813148788927336 0.121875 0.444636678200692
0 0.1296875 0.5315743944636678 0.16625 0.5051903114186851
0 0.0603125 0.5454152249134948 0.120625 0.4939446366782007