0 0.416015625 0.2590277777777778 0.01484375 0.044444444444444446
0 0.821484375 0.15416666666666667 0.01640625 0.04027777777777778
0 0.56171875 0.24722222222222223 0.015625 0.05138888888888889
0 0.4109375 0.30416666666666664 0.01796875 0.05555555555555555
0 0.223046875 0.3590277777777778 0.01796875 0.05694444444444444
0 0.658203125 0.23819444444444443 0.01484375 0.05694444444444444
0 0.281640625 0.34930555555555554 0.0203125 0.05694444444444444
0 0.312109375 0.3458333333333333 0.01640625 0.06388888888888888
0 0.3 0.3506944444444444 0.0171875 0.06111111111111111
0 0.45625 0.3090277777777778 0.01640625 0.0625
0 0.7609375 0.2263888888888889 0.01875 0.05
0 0.32265625 0.35 0.0171875 0.06388888888888888
0 0.532421875 0.29097222222222224 0.01796875 0.06111111111111111
0 0.47734375 0.31180555555555556 0.0171875 0.06805555555555555
0 0.4203125 0.3284722222222222 0.015625 0.05
0 0.4296875 0.32708333333333334 0.01640625 0.058333333333333334
0 0.358203125 0.3486111111111111 0.01875 0.058333333333333334
0 0.39609375 0.33819444444444446 0.0171875 0.044444444444444446
0 0.79765625 0.2298611111111111 0.015625 0.05138888888888889
0 0.548046875 0.30069444444444443 0.01640625 0.06666666666666667
0 0.443359375 0.3333333333333333 0.0203125 0.0625
0 0.8140625 0.22916666666666666 0.0171875 0.04861111111111111
0 0.631640625 0.2826388888888889 0.01796875 0.05277777777777778
0 0.693359375 0.2652777777777778 0.0203125 0.0625
0 0.748828125 0.25277777777777777 0.01796875 0.058333333333333334
0 0.778125 0.24583333333333332 0.0171875 0.06111111111111111
0 0.618359375 0.29097222222222224 0.01953125 0.06388888888888888
0 0.71875 0.26458333333333334 0.02109375 0.07222222222222222
0 0.70859375 0.26875 0.01875 0.06527777777777778
0 0.7328125 0.2625 0.01953125 0.06527777777777778
0 0.667578125 0.2847222222222222 0.01875 0.05694444444444444
0 0.60703125 0.30277777777777776 0.0171875 0.06388888888888888
0 0.379296875 0.3680555555555556 0.02109375 0.059722222222222225
0 0.340234375 0.3798611111111111 0.01640625 0.05694444444444444
0 0.348828125 0.3770833333333333 0.0171875 0.0625
0 0.391796875 0.3680555555555556 0.0171875 0.059722222222222225
0 0.517578125 0.3326388888888889 0.01953125 0.06805555555555555
0 0.4203125 0.36319444444444443 0.02109375 0.07916666666666666
0 0.28671875 0.4027777777777778 0.02421875 0.07361111111111111
0 0.469921875 0.3506944444444444 0.02421875 0.07083333333333333
0 0.768359375 0.2701388888888889 0.02109375 0.06805555555555555
0 0.534375 0.3368055555555556 0.01875 0.07222222222222222
0 0.567578125 0.33402777777777776 0.0234375 0.07777777777777778
0 0.58046875 0.33125 0.01640625 0.06666666666666667
0 0.66015625 0.30972222222222223 0.021875 0.07361111111111111
0 0.556640625 0.3402777777777778 0.01953125 0.0625
0 0.40234375 0.3840277777777778 0.02421875 0.07361111111111111
0 0.90546875 0.24305555555555555 0.02265625 0.04583333333333333
0 0.8828125 0.25 0.0265625 0.0763888888888889
0 0.744921875 0.28888888888888886 0.021875 0.05138888888888889
0 0.79765625 0.2791666666666667 0.01796875 0.06805555555555555
0 0.59453125 0.33611111111111114 0.0265625 0.07777777777777778
0 0.36015625 0.4048611111111111 0.01875 0.07361111111111111
0 0.814453125 0.2777777777777778 0.02578125 0.08194444444444444
0 0.646875 0.325 0.021875 0.06527777777777778
0 0.633984375 0.3333333333333333 0.021875 0.0763888888888889
0 0.687890625 0.32222222222222224 0.01953125 0.058333333333333334
0 0.36875 0.4125 0.02109375 0.07222222222222222
0 0.497265625 0.3798611111111111 0.01875 0.07777777777777778
0 0.508984375 0.3770833333333333 0.0203125 0.07916666666666666
0 0.67578125 0.33541666666666664 0.0203125 0.07777777777777778
0 0.70078125 0.33194444444444443 0.0203125 0.058333333333333334
0 0.85546875 0.2951388888888889 0.028125 0.08611111111111111
0 0.87109375 0.2923611111111111 0.02578125 0.09444444444444444
0 0.92890625 0.2777777777777778 0.02421875 0.08194444444444444
0 0.566015625 0.3840277777777778 0.01875 0.06805555555555555
0 0.125 0.5083333333333333 0.03125 0.07777777777777778
0 0.688671875 0.3506944444444444 0.015625 0.04583333333333333
0 0.748046875 0.33541666666666664 0.025 0.08055555555555556
0 0.769140625 0.33125 0.021875 0.06527777777777778
0 0.760546875 0.3347222222222222 0.01953125 0.08194444444444444
0 0.201953125 0.49375 0.0296875 0.09444444444444444
0 0.911328125 0.2951388888888889 0.02890625 0.0875
0 0.09296875 0.525 0.02578125 0.07777777777777778
0 0.839453125 0.31666666666666665 0.02265625 0.08194444444444444
0 0.605859375 0.3840277777777778 0.02265625 0.06944444444444445
0 0.62734375 0.38263888888888886 0.0203125 0.04583333333333333
0 0.376171875 0.45416666666666666 0.02265625 0.08055555555555556
0 0.337109375 0.46597222222222223 0.034375 0.09583333333333334
0 0.131640625 0.5256944444444445 0.01953125 0.041666666666666664
0 0.954296875 0.29444444444444445 0.028125 0.09027777777777778
0 0.807421875 0.33958333333333335 0.0203125 0.08472222222222223
0 0.577734375 0.4076388888888889 0.02890625 0.09583333333333334
0 0.21875 0.5111111111111111 0.021875 0.06111111111111111
0 0.97265625 0.3020833333333333 0.0203125 0.05694444444444444
0 0.797265625 0.35347222222222224 0.025 0.08888888888888889
0 0.8203125 0.35 0.028125 0.09166666666666666
0 0.62421875 0.40555555555555556 0.02578125 0.059722222222222225
0 0.786328125 0.36180555555555555 0.02109375 0.10694444444444444
0 0.722265625 0.3819444444444444 0.02734375 0.1
0 0.7734375 0.36875 0.0265625 0.1
0 0.134765625 0.5486111111111112 0.02109375 0.05277777777777778
0 0.303515625 0.5013888888888889 0.02265625 0.06111111111111111
0 0.1125 0.5555555555555556 0.021875 0.04583333333333333
0 0.608984375 0.4173611111111111 0.02578125 0.10138888888888889
0 0.09375 0.5680555555555555 0.021875 0.06805555555555555
0 0.69765625 0.39791666666666664 0.01875 0.06666666666666667
0 0.155078125 0.5527777777777778 0.0234375 0.09583333333333334
0 0.459765625 0.46875 0.02890625 0.1
0 0.412109375 0.48541666666666666 0.02890625 0.11527777777777778
0 0.742578125 0.39444444444444443 0.0265625 0.10833333333333334
0 0.486328125 0.4673611111111111 0.02265625 0.09722222222222222
0 0.49921875 0.4652777777777778 0.025 0.1111111111111111
0 0.22265625 0.54375 0.02578125 0.075
0 0.71015625 0.40694444444444444 0.025 0.09861111111111111
0 0.86640625 0.3638888888888889 0.02890625 0.1
0 0.930078125 0.3458333333333333 0.0265625 0.1
0 0.68359375 0.42291666666666666 0.03203125 0.10277777777777777
0 0.113671875 0.5847222222222223 0.02734375 0.05277777777777778
0 0.978125 0.34305555555555556 0.0203125 0.043055555555555555
0 0.132421875 0.5847222222222223 0.02890625 0.08472222222222223
0 0.166796875 0.5805555555555556 0.028125 0.10555555555555556
0 0.332421875 0.5347222222222222 0.02734375 0.10138888888888889
0 0.63359375 0.45069444444444445 0.03125 0.10694444444444444
0 0.569921875 0.47291666666666665 0.0359375 0.12083333333333333
0 0.476953125 0.49930555555555556 0.0296875 0.10972222222222222
0 0.449609375 0.5145833333333333 0.0265625 0.1
0 0.19140625 0.5895833333333333 0.02421875 0.06527777777777778
0 0.280859375 0.5659722222222222 0.025 0.1
0 0.3078125 0.5597222222222222 0.03515625 0.11388888888888889
0 0.14140625 0.6097222222222223 0.03046875 0.09583333333333334
0 0.102734375 0.6215277777777778 0.025 0.07916666666666666
0 0.118359375 0.6222222222222222 0.02109375 0.08194444444444444
0 0.701171875 0.46041666666666664 0.03515625 0.10833333333333334
0 0.276171875 0.5805555555555556 0.02890625 0.11944444444444445
0 0.352734375 0.5590277777777778 0.03671875 0.12083333333333333
0 0.96328125 0.39166666666666666 0.0328125 0.13055555555555556
0 0.2296875 0.5979166666666667 0.03046875 0.10833333333333334
0 0.245703125 0.5986111111111111 0.02734375 0.10972222222222222
0 0.527734375 0.5256944444444445 0.03046875 0.10694444444444444
0 0.776171875 0.4666666666666667 0.03203125 0.10694444444444444
0 0.046875 0.6729166666666667 0.0328125 0.12638888888888888
0 0.062109375 0.6763888888888889 0.03046875 0.13472222222222222
0 0.58828125 0.5340277777777778 0.0515625 0.14305555555555555
0 0.4171875 0.5833333333333334 0.03359375 0.12083333333333333
0 0.9828125 0.4263888888888889 0.0328125 0.16666666666666666
0 0.196875 0.6472222222222223 0.03828125 0.12638888888888888
0 0.1421875 0.6694444444444444 0.0375 0.12777777777777777
0 0.4609375 0.5840277777777778 0.040625 0.11805555555555555
0 0.076171875 0.6923611111111111 0.0296875 0.12638888888888888
0 0.090625 0.6916666666666667 0.034375 0.11805555555555555
0 0.552734375 0.5625 0.03671875 0.14722222222222223
0 0.14140625 0.6881944444444444 0.04765625 0.1361111111111111
0 0.040625 0.7180555555555556 0.04609375 0.14166666666666666
0 0.11640625 0.71875 0.04140625 0.1375
0 0.52890625 0.6048611111111111 0.03125 0.14166666666666666
0 0.860546875 0.5236111111111111 0.0375 0.13333333333333333
0 0.899609375 0.5298611111111111 0.0375 0.1486111111111111
0 0.742578125 0.5888888888888889 0.0390625 0.14444444444444443
0 0.715625 0.6027777777777777 0.0359375 0.15
0 0.893359375 0.5777777777777777 0.0375 0.1597222222222222
0 0.773046875 0.6131944444444445 0.0546875 0.16805555555555557
0 0.875 0.5888888888888889 0.0359375 0.1527777777777778
0 0.10546875 0.825 0.0484375 0.18472222222222223
0 0.478125 0.7208333333333333 0.0390625 0.17222222222222222
0 0.508984375 0.7138888888888889 0.04140625 0.1486111111111111
0 0.441796875 0.7527777777777778 0.04609375 0.17916666666666667
0 0.628515625 0.7152777777777778 0.0703125 0.1986111111111111
0 0.72265625 0.7520833333333333 0.0515625 0.19444444444444445
0 0.762109375 0.74375 0.05234375 0.19722222222222222
0 0.074609375 0.9284722222222223 0.05390625 0.14027777777777778
0 0.620703125 0.8013888888888889 0.05546875 0.17777777777777778
0 0.687109375 0.7888888888888889 0.0546875 0.19444444444444445
0 0.570703125 0.83125 0.0578125 0.20694444444444443
0 0.456640625 0.8666666666666667 0.0484375 0.225
0 0.525390625 0.8548611111111111 0.05234375 0.21944444444444444
0 0.81328125 0.7798611111111111 0.0546875 0.2152777777777778
0 0.29296875 0.9131944444444444 0.059375 0.17083333333333334
0 0.95625 0.7479166666666667 0.06640625 0.22361111111111112
0 0.856640625 0.7777777777777778 0.06015625 0.19027777777777777
0 0.2484375 0.9423611111111111 0.05625 0.1125
0 0.91015625 0.8145833333333333 0.0546875 0.15694444444444444
0 0.66015625 0.8979166666666667 0.0578125 0.13333333333333333
0 0.619140625 0.9118055555555555 0.053125 0.12916666666666668