0 0.8 0.68125 0.025 0.06666666666666667
0 0.46125 0.59375 0.09 0.2791666666666667
0 0.01125 0.471875 0.0225 0.18541666666666667
0 0.08 0.496875 0.05 0.18125
0 0.03375 0.49166666666666664 0.0675 0.22083333333333333
0 0.29625 0.5760416666666667 0.0525 0.15416666666666667
0 0.596875 0.696875 0.08875 0.3770833333333333
0 0.84125 0.778125 0.1025 0.4270833333333333
0 0.695625 0.7489583333333333 0.1025 0.38125
0 0.113125 0.6125 0.17625 0.5770833333333333
0 0.534375 0.75 0.16375 0.49583333333333335
0 0.740625 0.78125 0.19125 0.43333333333333335
0 0.38125 0.725 0.2 0.5208333333333334