0 0.5534615384615384 0.3691919191919192 0.12 0.4222222222222222
0 0.24307692307692308 0.4636363636363636 0.15692307692307692 0.49797979797979797
0 0.36730769230769234 0.4297979797979798 0.1576923076923077 0.49696969696969695
0 0.6061538461538462 0.37222222222222223 0.1753846153846154 0.5040404040404041
0 0.5042307692307693 0.4121212121212121 0.14923076923076922 0.502020202020202
0 0.6957692307692308 0.4166666666666667 0.1523076923076923 0.5141414141414141
0 0.801923076923077 0.38737373737373737 0.2230769230769231 0.6616161616161617
0 0.30615384615384617 0.5606060606060606 0.20923076923076922 0.591919191919192
0 0.4453846153846154 0.5242424242424243 0.21461538461538462 0.592929292929293
0 0.6403846153846153 0.47424242424242424 0.26384615384615384 0.6282828282828283
0 0.8907692307692308 0.47878787878787876 0.2169230769230769 0.6888888888888889