0 0.21550387596899226 0.4637002341920375 0.04806201550387597 0.12646370023419204
0 0.11085271317829458 0.4718969555035129 0.043410852713178294 0.13114754098360656
0 0.4077519379844961 0.47306791569086654 0.04186046511627907 0.16627634660421545
0 0.448062015503876 0.48243559718969553 0.03255813953488372 0.16159250585480095
0 0.9457364341085271 0.477751756440281 0.04496124031007752 0.23185011709601874
0 0.6147286821705427 0.5046838407494145 0.05736434108527132 0.2646370023419204
0 0.6651162790697674 0.5058548009367682 0.07131782945736434 0.2903981264637002
0 0.38372093023255816 0.5199063231850117 0.03565891472868217 0.18266978922716628
0 0.3496124031007752 0.5374707259953162 0.05891472868217054 0.27400468384074944
0 0.796124031007752 0.5187353629976581 0.05581395348837209 0.25526932084309134
0 0.9751937984496124 0.5245901639344263 0.046511627906976744 0.32786885245901637
0 0.03333333333333333 0.5772833723653396 0.06666666666666667 0.2693208430913349
0 0.5806201550387597 0.5538641686182669 0.10232558139534884 0.3161592505854801
0 0.175968992248062 0.5761124121779859 0.08372093023255814 0.33489461358313816
0 0.7403100775193798 0.5772833723653396 0.08992248062015504 0.3559718969555035
0 0.8906976744186047 0.5796252927400468 0.09767441860465116 0.48009367681498827
0 0.28837209302325584 0.6241217798594848 0.09302325581395349 0.4098360655737705
0 0.10232558139534884 0.6487119437939111 0.10852713178294573 0.39344262295081966
0 0.4875968992248062 0.7131147540983607 0.14728682170542637 0.5597189695550351