0 0.49 0.41139896373056994 0.023846153846153847 0.07875647668393783
0 0.4461538461538462 0.42072538860103625 0.04384615384615385 0.12746113989637306
0 0.6103846153846154 0.4227979274611399 0.03538461538461538 0.11295336787564766
0 0.5323076923076923 0.4419689119170985 0.04692307692307692 0.20725388601036268
0 0.6473076923076924 0.4575129533678757 0.03538461538461538 0.1689119170984456
0 0.8192307692307692 0.4544041450777202 0.04 0.2
0 0.3346153846153846 0.4772020725388601 0.04846153846153846 0.22176165803108808
0 0.3080769230769231 0.48290155440414506 0.07769230769230769 0.28186528497409324
0 0.04153846153846154 0.5036269430051813 0.06923076923076923 0.2559585492227979
0 0.568076923076923 0.4854922279792746 0.07307692307692308 0.32538860103626943
0 0.7838461538461539 0.47668393782383417 0.06230769230769231 0.2860103626943005
0 0.38846153846153847 0.5005181347150259 0.09846153846153846 0.3170984455958549
0 0.1946153846153846 0.5113989637305699 0.08461538461538462 0.25699481865284973
0 0.14461538461538462 0.5191709844559586 0.06692307692307692 0.2538860103626943
0 0.681923076923077 0.49533678756476685 0.08153846153846153 0.31917098445595854
0 0.24807692307692308 0.5238341968911917 0.06538461538461539 0.22487046632124352
0 0.4723076923076923 0.5414507772020726 0.06846153846153846 0.29740932642487045
0 0.7596153846153846 0.549740932642487 0.10153846153846154 0.40207253886010363
0 0.8930769230769231 0.5989637305699482 0.1476923076923077 0.5181347150259067