0 0.5919230769230769 0.41363636363636364 0.13076923076923078 0.4212121212121212
0 0.2815384615384615 0.3196969696969697 0.16846153846153847 0.49696969696969695
0 0.4042307692307692 0.3606060606060606 0.17 0.49696969696969695
0 0.6380769230769231 0.44646464646464645 0.18769230769230769 0.5040404040404041
0 0.5330769230769231 0.42323232323232324 0.16153846153846155 0.501010101010101
0 0.7038461538461539 0.5373737373737374 0.1646153846153846 0.5131313131313131
0 0.8088461538461539 0.5727272727272728 0.23923076923076922 0.6616161616161617
0 0.30538461538461537 0.44292929292929295 0.2230769230769231 0.591919191919192
0 0.4426923076923077 0.4898989898989899 0.22846153846153847 0.593939393939394
0 0.635 0.5575757575757576 0.2784615384615385 0.6313131313131313
0 0.8692307692307693 0.6873737373737374 0.26 0.6232323232323232