0 0.30377358490566037 0.5746691871455577 0.28553459119496855 0.776937618147448
0 0.370440251572327 0.5964083175803403 0.052830188679245285 0.16257088846880907
0 0.23270440251572327 0.6408317580340265 0.045283018867924525 0.14933837429111532
0 0.5144654088050314 0.5689981096408318 0.2893081761006289 0.782608695652174
0 0.08742138364779874 0.6862003780718336 0.05786163522012579 0.1947069943289225
0 0.3610062893081761 0.6143667296786389 0.03018867924528302 0.0945179584120983
0 0.7138364779874213 0.5236294896030246 0.16226415094339622 0.43478260869565216
0 0.41949685534591197 0.6086956521739131 0.025157232704402517 0.06427221172022685
0 0.8283018867924529 0.501890359168242 0.08050314465408805 0.30623818525519847
0 0.12830188679245283 0.7155009451795841 0.045283018867924525 0.11153119092627599
0 0.759119496855346 0.5604914933837429 0.1949685534591195 0.5198487712665406