0 0.60791015625 0.6571180555555556 0.0205078125 0.08159722222222222
0 0.6279296875 0.671875 0.03125 0.1423611111111111
0 0.75390625 0.6388888888888888 0.04296875 0.1753472222222222
0 0.3291015625 0.8177083333333334 0.056640625 0.20833333333333334
0 0.85888671875 0.6380208333333334 0.048828125 0.1875
0 0.3466796875 0.8159722222222222 0.08984375 0.22916666666666666
0 0.14404296875 0.8802083333333334 0.0693359375 0.2361111111111111
0 0.26806640625 0.8480902777777778 0.05859375 0.20833333333333334
0 0.1123046875 0.8967013888888888 0.0546875 0.203125
0 0.4404296875 0.8046875 0.0869140625 0.3142361111111111
0 0.6494140625 0.7335069444444444 0.060546875 0.2569444444444444
0 0.697265625 0.7230902777777778 0.0595703125 0.2621527777777778
0 0.39892578125 0.8359375 0.0791015625 0.2760416666666667
0 0.4970703125 0.8020833333333334 0.0419921875 0.09895833333333333
0 0.1748046875 0.8776041666666666 0.095703125 0.24131944444444445
0 0.216796875 0.8836805555555556 0.076171875 0.22916666666666666
0 0.0888671875 0.8888888888888888 0.10546875 0.21875
0 0.68017578125 0.7743055555555556 0.08984375 0.3472222222222222
0 0.7412109375 0.7638888888888888 0.0869140625 0.3263888888888889