0 0.120361328125 0.48546511627906974 0.068359375 0.4069767441860465
0 0.804443359375 0.19549418604651161 0.1103515625 0.3691860465116279
0 0.8681640625 0.21511627906976744 0.0947265625 0.43023255813953487
0 0.736328125 0.27834302325581395 0.0751953125 0.29941860465116277
0 0.61328125 0.4949127906976744 0.22802734375 0.9636627906976745
0 0.093505859375 0.7122093023255814 0.18701171875 0.5668604651162791
0 0.266357421875 0.6613372093023255 0.23681640625 0.6686046511627907
0 0.90478515625 0.4171511627906977 0.189453125 0.8081395348837209
0 0.454833984375 0.6446220930232558 0.11572265625 0.7020348837209303
0 0.5283203125 0.6257267441860465 0.09814453125 0.7325581395348837
0 0.7255859375 0.5261627906976745 0.1513671875 0.752906976744186
0 0.8388671875 0.4680232558139535 0.13818359375 0.7180232558139535
0 0.185546875 0.7209302325581395 0.138671875 0.5494186046511628
0 0.382080078125 0.6918604651162791 0.12841796875 0.6075581395348837