0 0.20833333333333334 0.7662337662337663 0.10333333333333333 0.26073926073926074
0 0.499 0.8016983016983017 0.10866666666666666 0.3006993006993007
0 0.455 0.8026973026973027 0.058666666666666666 0.26073926073926074
0 0.823 0.8426573426573427 0.05466666666666667 0.2757242757242757
0 0.402 0.8011988011988012 0.07533333333333334 0.23676323676323677
0 0.5596666666666666 0.8186813186813187 0.07133333333333333 0.23276723276723277
0 0.7 0.8366633366633367 0.05 0.24175824175824176
0 0.3333333333333333 0.7982017982017982 0.059333333333333335 0.26873126873126874
0 0.30333333333333334 0.7962037962037962 0.08066666666666666 0.26673326673326675
0 0.7553333333333333 0.8436563436563437 0.094 0.2897102897102897
0 0.636 0.8316683316683317 0.09533333333333334 0.2647352647352647
0 0.086 0.7757242757242757 0.084 0.2647352647352647
0 0.7133333333333334 0.8411588411588412 0.08733333333333333 0.27672327672327673
0 0.871 0.8596403596403597 0.08866666666666667 0.26673326673326675
0 0.20633333333333334 0.7907092907092907 0.09533333333333334 0.2627372627372627
0 0.9373333333333334 0.8656343656343657 0.064 0.26673326673326675
0 0.7816666666666666 0.8486513486513486 0.098 0.3006993006993007
0 0.138 0.7867132867132867 0.06533333333333333 0.27972027972027974
0 0.8406666666666667 0.8606393606393606 0.058666666666666666 0.23376623376623376
0 0.535 0.8291708291708292 0.09533333333333334 0.2647352647352647
0 0.023333333333333334 0.7767232767232767 0.04666666666666667 0.26673326673326675
0 0.352 0.8131868131868132 0.108 0.23476523476523475
0 0.021666666666666667 0.7787212787212787 0.043333333333333335 0.24275724275724275
0 0.5943333333333334 0.8396603396603397 0.06733333333333333 0.24475524475524477
0 0.253 0.8046953046953047 0.10133333333333333 0.26373626373626374
0 0.05466666666666667 0.7892107892107892 0.042 0.25274725274725274
0 0.9186666666666666 0.8771228771228772 0.10666666666666667 0.24375624375624375