0 0.24733333333333332 0.8446553446553446 0.112 0.26673326673326675
0 0.5373333333333333 0.7967032967032966 0.11866666666666667 0.3066933066933067
0 0.49466666666666664 0.8101898101898102 0.06733333333333333 0.26373626373626374
0 0.861 0.7442557442557443 0.064 0.2777222777222777
0 0.44233333333333336 0.8236763236763237 0.08266666666666667 0.24075924075924077
0 0.599 0.7957042957042957 0.07866666666666666 0.23576423576423577
0 0.7393333333333333 0.7732267732267732 0.058 0.24375624375624375
0 0.37433333333333335 0.8401598401598401 0.06866666666666667 0.27172827172827174
0 0.3446666666666667 0.8471528471528471 0.08933333333333333 0.2707292707292707
0 0.7943333333333333 0.7642357642357642 0.10333333333333333 0.2947052947052947
0 0.6756666666666666 0.7867132867132867 0.10333333333333333 0.26973026973026976
0 0.12933333333333333 0.8766233766233766 0.09333333333333334 0.24475524475524477
0 0.753 0.7742257742257742 0.096 0.2817182817182817
0 0.91 0.7472527472527473 0.09733333333333333 0.27172827172827174
0 0.249 0.8671328671328671 0.10466666666666667 0.26373626373626374
0 0.9693333333333334 0.7357642357642358 0.06 0.2727272727272727
0 0.8213333333333334 0.7642357642357642 0.10733333333333334 0.3106893106893107
0 0.18166666666666667 0.8711288711288712 0.07533333333333334 0.25574425574425574
0 0.8803333333333333 0.7567432567432567 0.066 0.23676323676323677
0 0.5763333333333334 0.8131868131868132 0.10333333333333333 0.26973026973026976
0 0.05733333333333333 0.8876123876123876 0.07466666666666667 0.22277722277722278
0 0.39466666666666667 0.8496503496503497 0.11533333333333333 0.24075924075924077
0 0.060333333333333336 0.8941058941058941 0.06333333333333334 0.2097902097902098
0 0.636 0.8066933066933067 0.07533333333333334 0.24775224775224775
0 0.2966666666666667 0.8666333666333667 0.11066666666666666 0.2647352647352647
0 0.09966666666666667 0.8916083916083916 0.051333333333333335 0.21478521478521478
0 0.951 0.7602397602397603 0.09666666666666666 0.26973026973026976