0 0.7916666666666666 0.7662337662337663 0.10333333333333333 0.26073926073926074
0 0.501 0.8016983016983017 0.10866666666666666 0.3006993006993007
0 0.545 0.8026973026973027 0.058666666666666666 0.26073926073926074
0 0.177 0.8426573426573427 0.05466666666666667 0.2757242757242757
0 0.598 0.8011988011988012 0.07533333333333334 0.23676323676323677
0 0.44033333333333335 0.8186813186813187 0.07133333333333333 0.23276723276723277
0 0.3 0.8366633366633367 0.05 0.24175824175824176
0 0.6666666666666666 0.7982017982017982 0.059333333333333335 0.26873126873126874
0 0.6966666666666667 0.7962037962037962 0.08066666666666666 0.26673326673326675
0 0.24466666666666667 0.8436563436563437 0.094 0.2897102897102897
0 0.364 0.8316683316683317 0.09533333333333334 0.2647352647352647
0 0.914 0.7757242757242757 0.084 0.2647352647352647
0 0.2866666666666667 0.8411588411588412 0.08733333333333333 0.27672327672327673
0 0.129 0.8596403596403597 0.08866666666666667 0.26673326673326675
0 0.7936666666666666 0.7907092907092907 0.09533333333333334 0.2627372627372627
0 0.06333333333333334 0.8656343656343657 0.064 0.26673326673326675
0 0.21833333333333332 0.8486513486513486 0.098 0.3006993006993007
0 0.862 0.7867132867132867 0.06533333333333333 0.27972027972027974
0 0.15933333333333333 0.8606393606393606 0.058666666666666666 0.23376623376623376
0 0.465 0.8291708291708292 0.09533333333333334 0.2647352647352647
0 0.9766666666666667 0.7767232767232767 0.04533333333333334 0.26673326673326675
0 0.648 0.8131868131868132 0.108 0.23476523476523475
0 0.9783333333333334 0.7787212787212787 0.042 0.24275724275724275
0 0.4056666666666667 0.8396603396603397 0.06733333333333333 0.24475524475524477
0 0.747 0.8046953046953047 0.10133333333333333 0.26373626373626374
0 0.9453333333333334 0.7892107892107892 0.042 0.25274725274725274
0 0.082 0.8771228771228772 0.10666666666666667 0.24375624375624375