0 0.13625 0.2552083333333333 0.025 0.06875
0 0.1025 0.25833333333333336 0.0225 0.0875
0 0.39375 0.2604166666666667 0.0125 0.0625
0 0.02375 0.2635416666666667 0.0225 0.09375
0 0.045 0.2635416666666667 0.0275 0.08541666666666667
0 0.255625 0.2677083333333333 0.01625 0.08958333333333333
0 0.45375 0.26979166666666665 0.02 0.09375
0 0.239375 0.2708333333333333 0.01625 0.09166666666666666
0 0.468125 0.27395833333333336 0.01375 0.07291666666666667
0 0.910625 0.29583333333333334 0.02375 0.1
0 0.9825 0.3125 0.0175 0.10833333333333334
0 0.534375 0.346875 0.07625 0.30625
0 0.8225 0.4875 0.12 0.7125
0 0.78625 0.5208333333333334 0.1375 0.775
0 0.330625 0.5416666666666666 0.15625 0.9125
0 0.640625 0.5625 0.15625 0.8708333333333333