0 0.5892307692307692 0.4090909090909091 0.12 0.4222222222222222
0 0.2765384615384615 0.3297979797979798 0.15692307692307692 0.49797979797979797
0 0.40076923076923077 0.36515151515151517 0.1576923076923077 0.49696969696969695
0 0.6365384615384615 0.4398989898989899 0.1753846153846154 0.5040404040404041
0 0.5311538461538462 0.4217171717171717 0.14923076923076922 0.502020202020202
0 0.7046153846153846 0.5282828282828282 0.1523076923076923 0.5141414141414141
0 0.8107692307692308 0.5580808080808081 0.2230769230769231 0.6616161616161617
0 0.30423076923076925 0.45202020202020204 0.20923076923076922 0.591919191919192
0 0.4426923076923077 0.49292929292929294 0.21461538461538462 0.592929292929293
0 0.6365384615384615 0.5515151515151515 0.26384615384615384 0.6282828282828283
0 0.8761538461538462 0.6792929292929293 0.24615384615384617 0.6393939393939394