0 0.18125 0.471875 0.02625 0.06875
0 0.51375 0.6114583333333333 0.0975 0.28125
0 0.963125 0.796875 0.03875 0.18125
0 0.886875 0.7708333333333334 0.055 0.18333333333333332
0 0.9325 0.796875 0.075 0.22083333333333333
0 0.669375 0.7020833333333333 0.05625 0.15625
0 0.365 0.6177083333333333 0.1 0.37916666666666665
0 0.120625 0.5333333333333333 0.115 0.42916666666666664
0 0.26125 0.6020833333333333 0.1125 0.38333333333333336
0 0.830625 0.78125 0.19375 0.43333333333333335
0 0.406875 0.7208333333333333 0.17625 0.525
0 0.2025 0.64375 0.20375 0.53125
0 0.5575 0.759375 0.215 0.47708333333333336