0 0.6675 0.32061855670103095 0.1525 0.4762886597938144
0 0.04625 0.5628865979381443 0.05 0.15051546391752577
0 0.073125 0.5567010309278351 0.045 0.1360824742268041
0 0.019375 0.5855670103092784 0.03875 0.12371134020618557
0 0.614375 0.4463917525773196 0.09 0.2618556701030928
0 0.121875 0.6484536082474227 0.13 0.4061855670103093
0 0.329375 0.6134020618556701 0.1625 0.44742268041237115
0 0.94 0.3845360824742268 0.1175 0.4020618556701031
0 0.50125 0.5649484536082474 0.165 0.47216494845360824
0 0.206875 0.7041237113402062 0.20875 0.5876288659793815
0 0.86125 0.5567010309278351 0.23625 0.6577319587628866