0 0.5377777777777778 0.6472222222222223 0.07222222222222222 0.10444444444444445
0 0.6177777777777778 0.6294444444444445 0.08 0.10777777777777778
0 0.49333333333333335 0.6594444444444445 0.05444444444444444 0.11
0 0.5933333333333334 0.6372222222222222 0.05555555555555555 0.09888888888888889
0 0.4722222222222222 0.665 0.04777777777777778 0.09333333333333334
0 0.4116666666666667 0.6788888888888889 0.05 0.10333333333333333
0 0.3616666666666667 0.6938888888888889 0.07333333333333333 0.1111111111111111
0 0.5711111111111111 0.6461111111111111 0.058888888888888886 0.11333333333333333
0 0.7022222222222222 0.6161111111111112 0.06666666666666667 0.11222222222222222
0 0.3061111111111111 0.7083333333333334 0.08444444444444445 0.11888888888888889
0 0.8027777777777778 0.595 0.05 0.08888888888888889
0 0.83 0.5911111111111111 0.06777777777777778 0.11555555555555555
0 0.8838888888888888 0.5794444444444444 0.08888888888888889 0.13
0 0.9927777777777778 0.5533333333333333 0.012222222222222223 0.11333333333333333
0 0.9577777777777777 0.5677777777777778 0.07 0.09444444444444444
0 0.9288888888888889 0.575 0.08666666666666667 0.1111111111111111