0 0.214375 0.524390243902439 0.06 0.19136960600375236
0 0.16875 0.5168855534709194 0.0975 0.22889305816135083
0 0.939375 0.8151969981238274 0.10125 0.36585365853658536
0 0.0325 0.48592870544090055 0.065 0.23639774859287055
0 0.62625 0.7157598499061913 0.12625 0.3902439024390244
0 0.49 0.6641651031894934 0.09 0.29080675422138835
0 0.88625 0.7898686679174484 0.17 0.4165103189493433
0 0.583125 0.7063789868667918 0.1075 0.35834896810506567
0 0.184375 0.5628517823639775 0.065 0.2401500938086304
0 0.5275 0.7045028142589118 0.18125 0.5121951219512195
0 0.734375 0.7861163227016885 0.12375 0.42401500938086306
0 0.67125 0.7570356472795498 0.19 0.4821763602251407
0 0.285 0.6538461538461539 0.2325 0.5797373358348968
0 0.408125 0.7054409005628518 0.1875 0.5534709193245778
0 0.7925 0.799249530956848 0.2175 0.3977485928705441
0 0.104375 0.6341463414634146 0.18375 0.47654784240150094