0 0.5213333333333333 0.7384453781512605 0.016 0.03991596638655462
0 0.43466666666666665 0.7205882352941176 0.025333333333333333 0.09033613445378151
0 0.6433333333333333 0.7878151260504201 0.030666666666666665 0.07773109243697479
0 0.628 0.7899159663865546 0.021333333333333333 0.06932773109243698
0 0.312 0.7163865546218487 0.042666666666666665 0.13655462184873948
0 0.6713333333333333 0.8161764705882353 0.037333333333333336 0.11554621848739496
0 0.08066666666666666 0.667016806722689 0.037333333333333336 0.17857142857142858
0 0.06533333333333333 0.6638655462184874 0.04533333333333334 0.19117647058823528
0 0.532 0.8035714285714286 0.06 0.18067226890756302
0 0.8193333333333334 0.8865546218487395 0.048 0.18487394957983194
0 0.3546666666666667 0.7605042016806722 0.05733333333333333 0.22058823529411764
0 0.5813333333333334 0.8256302521008403 0.052 0.1869747899159664
0 0.7146666666666667 0.8634453781512605 0.044 0.1953781512605042
0 0.4013333333333333 0.7804621848739496 0.056 0.21428571428571427
0 0.7333333333333333 0.8781512605042017 0.06133333333333333 0.2184873949579832
0 0.548 0.8392857142857143 0.05333333333333334 0.14285714285714285
0 0.494 0.8256302521008403 0.04666666666666667 0.11134453781512606
0 0.24266666666666667 0.759453781512605 0.092 0.3067226890756303
0 0.8866666666666667 0.9002100840336135 0.09066666666666667 0.1953781512605042
0 0.274 0.8140756302521008 0.09866666666666667 0.2710084033613445