0 0.87841796875 0.4074344023323615 0.0595703125 0.40233236151603496
0 0.189208984375 0.2602040816326531 0.103515625 0.35422740524781343
0 0.125244140625 0.2565597667638484 0.08349609375 0.49416909620991256
0 0.259033203125 0.3294460641399417 0.0693359375 0.29008746355685133
0 0.386962890625 0.5204081632653061 0.20947265625 0.9387755102040817
0 0.913818359375 0.6771137026239067 0.17138671875 0.6428571428571429
0 0.7392578125 0.6465014577259475 0.2216796875 0.7040816326530612
0 0.091064453125 0.5043731778425656 0.18212890625 0.7813411078717201
0 0.54931640625 0.6435860058309038 0.099609375 0.7099125364431487
0 0.474609375 0.6333819241982507 0.08251953125 0.7303206997084548
0 0.275634765625 0.5750728862973761 0.13623046875 0.739067055393586
0 0.161376953125 0.5400874635568513 0.123046875 0.7055393586005831
0 0.821533203125 0.6931486880466472 0.12353515625 0.6107871720116618
0 0.62353515625 0.684402332361516 0.1142578125 0.6282798833819242