0 0.06466666666666666 0.6504739336492891 0.03933333333333333 0.11255924170616113
0 0.2936666666666667 0.6090047393364929 0.07266666666666667 0.26421800947867297
0 0.5013333333333333 0.5722748815165877 0.11933333333333333 0.4597156398104265
0 0.5416666666666666 0.5639810426540285 0.10666666666666667 0.41113744075829384
0 0.8146666666666667 0.4656398104265403 0.22866666666666666 0.7049763033175356
0 0.45666666666666667 0.6327014218009479 0.17466666666666666 0.5545023696682464
0 0.7283333333333334 0.5154028436018957 0.124 0.4597156398104265
0 0.26866666666666666 0.7197867298578199 0.13533333333333333 0.4218009478672986
0 0.06566666666666666 0.7719194312796208 0.13133333333333333 0.4537914691943128
0 0.369 0.6872037914691943 0.15266666666666667 0.5260663507109005
0 0.13966666666666666 0.7873222748815166 0.11533333333333333 0.42298578199052134
0 0.591 0.6255924170616114 0.16 0.5888625592417062
0 0.18733333333333332 0.7665876777251185 0.168 0.46445497630331756