0 0.51611328125 0.6146520146520147 0.1435546875 0.4278388278388278
0 0.200439453125 0.7531135531135531 0.15283203125 0.49230769230769234
0 0.86572265625 0.5142857142857142 0.1552734375 0.5391941391941392
0 0.70947265625 0.6065934065934065 0.18505859375 0.5787545787545788
0 0.786865234375 0.5831501831501832 0.30712890625 0.6754578754578755
0 0.270263671875 0.7413919413919414 0.20947265625 0.5157509157509158
0 0.909423828125 0.5373626373626373 0.18017578125 0.6205128205128205
0 0.338134765625 0.7322344322344322 0.21044921875 0.5340659340659341
0 0.110107421875 0.780952380952381 0.21630859375 0.43663003663003663
0 0.424072265625 0.7102564102564103 0.30517578125 0.578021978021978
0 0.92431640625 0.5340659340659341 0.150390625 0.6065934065934065
0 0.580078125 0.6897435897435897 0.18359375 0.5846153846153846
0 0.6298828125 0.6714285714285714 0.23486328125 0.6007326007326007
0 0.1796875 0.7908424908424908 0.1728515625 0.41684981684981687