0 0.396484375 0.55078125 0.02001953125 0.06796875
0 0.49169921875 0.528515625 0.0400390625 0.15859375
0 0.52880859375 0.51875 0.06005859375 0.19296875
0 0.289794921875 0.589453125 0.0615234375 0.20546875
0 0.385498046875 0.5625 0.0205078125 0.0625
0 0.23388671875 0.609765625 0.2080078125 0.49453125
0 0.37255859375 0.571484375 0.02490234375 0.06875
0 0.087890625 0.652734375 0.17138671875 0.53515625
0 0.3291015625 0.587890625 0.0693359375 0.1953125
0 0.424560546875 0.5625 0.07177734375 0.18203125
0 0.84130859375 0.451171875 0.06640625 0.19375
0 0.71337890625 0.49375 0.04443359375 0.15078125
0 0.77099609375 0.48046875 0.13720703125 0.45078125
0 0.867919921875 0.455078125 0.0400390625 0.1484375
0 0.14013671875 0.66796875 0.06298828125 0.14375
0 0.937744140625 0.441015625 0.12353515625 0.48828125