0 0.6116666666666667 0.5060679611650486 0.03833333333333333 0.08737864077669903
0 0.6433333333333333 0.5048543689320388 0.03666666666666667 0.08009708737864078
0 0.43666666666666665 0.5546116504854369 0.03333333333333333 0.12135922330097088
0 0.4683333333333333 0.5691747572815534 0.055 0.17718446601941748
0 0.2425 0.6310679611650486 0.09166666666666666 0.25
0 0.9391666666666667 0.4830097087378641 0.10666666666666667 0.25
0 0.30333333333333334 0.6371359223300971 0.08 0.25
0 0.3575 0.625 0.07333333333333333 0.24271844660194175
0 0.1525 0.6820388349514563 0.10166666666666667 0.26941747572815533
0 0.5025 0.6638349514563107 0.12833333333333333 0.41262135922330095
0 0.4191666666666667 0.6941747572815534 0.115 0.4174757281553398