0 0.80625 0.49444444444444446 0.03828125 0.1388888888888889
0 0.783984375 0.4986111111111111 0.03828125 0.14444444444444443
0 0.75859375 0.5229166666666667 0.0609375 0.2111111111111111
0 0.510546875 0.4638888888888889 0.02734375 0.1125
0 0.489453125 0.46319444444444446 0.03359375 0.12916666666666668
0 0.394921875 0.46041666666666664 0.06796875 0.24305555555555555
0 0.44609375 0.4979166666666667 0.08203125 0.30277777777777776
0 0.18046875 0.4673611111111111 0.3609375 0.9347222222222222
0 0.919140625 0.7090277777777778 0.121875 0.5180555555555556
0 0.9578125 0.7152777777777778 0.0828125 0.5666666666666667
0 0.5453125 0.6284722222222222 0.16953125 0.625
0 0.349609375 0.5722222222222222 0.15078125 0.5625
0 0.678125 0.6763888888888889 0.1890625 0.6444444444444445
0 0.853515625 0.7013888888888888 0.21171875 0.5944444444444444