0 0.4189453125 0.7013888888888888 0.0146484375 0.08159722222222222
0 0.40185546875 0.7248263888888888 0.0224609375 0.140625
0 0.27490234375 0.7508680555555556 0.0322265625 0.1736111111111111
0 0.7109375 0.7282986111111112 0.0439453125 0.203125
0 0.17333984375 0.7977430555555556 0.037109375 0.1840277777777778
0 0.6943359375 0.734375 0.076171875 0.21875
0 0.900390625 0.7083333333333334 0.052734375 0.23958333333333334
0 0.77490234375 0.7291666666666666 0.0458984375 0.203125
0 0.93408203125 0.7152777777777778 0.0400390625 0.2204861111111111
0 0.60205078125 0.7664930555555556 0.0673828125 0.3072916666666667
0 0.3896484375 0.7942708333333334 0.0439453125 0.2534722222222222
0 0.341796875 0.8055555555555556 0.04296875 0.2586805555555556
0 0.646484375 0.7777777777777778 0.0615234375 0.2690972222222222
0 0.546875 0.7907986111111112 0.0361328125 0.0920138888888889
0 0.87451171875 0.7508680555555556 0.0751953125 0.3055555555555556
0 0.8330078125 0.7621527777777778 0.0576171875 0.2673611111111111
0 0.9609375 0.7526041666666666 0.076171875 0.3454861111111111
0 0.3662109375 0.8376736111111112 0.068359375 0.3211805555555556
0 0.3056640625 0.8524305555555556 0.06640625 0.2916666666666667