0 0.24923076923076923 0.06610703043022036 0.040769230769230766 0.11122770199370409
0 0.22538461538461538 0.06400839454354669 0.04923076923076923 0.12801678908709338
0 0.09 0.07292759706190975 0.07692307692307693 0.1458551941238195
0 0.95 0.3410283315844701 0.09846153846153846 0.304302203567681
0 0.28115384615384614 0.2229800629590766 0.18384615384615385 0.4459601259181532
0 0.14576923076923076 0.20933892969569778 0.21615384615384614 0.41867785939139557
0 0.33576923076923076 0.37985309548793283 0.40692307692307694 0.7597061909758657
0 0.7788461538461539 0.49790136411332636 0.3007692307692308 0.7534102833158447
0 0.49538461538461537 0.40713536201469047 0.24384615384615385 0.7355718782791185
0 0.6123076923076923 0.4627492130115425 0.2823076923076923 0.7460650577124869
0 0.9173076923076923 0.6264428121720882 0.16384615384615384 0.74501573976915