0 0.84625 0.19270833333333334 0.02875 0.07291666666666667
0 0.88 0.190625 0.0275 0.09166666666666666
0 0.590625 0.24270833333333333 0.01625 0.06458333333333334
0 0.95875 0.18229166666666666 0.02875 0.09791666666666667
0 0.9375 0.18541666666666667 0.0325 0.08958333333333333
0 0.72875 0.22604166666666667 0.02125 0.09166666666666666
0 0.53125 0.2625 0.02625 0.09583333333333334
0 0.745 0.22708333333333333 0.0225 0.09375
0 0.5175 0.26979166666666665 0.01875 0.075
0 0.07875 0.36875 0.03 0.10416666666666667
0 0.010625 0.39791666666666664 0.02125 0.1125
0 0.45625 0.3541666666666667 0.095 0.31875
0 0.17875 0.54375 0.16375 0.7291666666666666
0 0.216875 0.5708333333333333 0.185 0.79375
0 0.67125 0.5114583333333333 0.2125 0.9354166666666667
0 0.364375 0.56875 0.21125 0.8583333333333333