0 0.2173076923076923 0.10388247639034627 0.03307692307692308 0.11017838405036726
0 0.1930769230769231 0.1049317943336831 0.03923076923076923 0.12801678908709338
0 0.05730769230769231 0.10283315844700944 0.06230769230769231 0.20566631689401887
0 0.9423076923076923 0.276495278069255 0.09230769230769231 0.3001049317943337
0 0.26 0.24134312696747115 0.15153846153846154 0.4669464847848898
0 0.12192307692307693 0.2334732423924449 0.1823076923076923 0.4669464847848898
0 0.32346153846153847 0.38667366211962223 0.35307692307692307 0.7733473242392445
0 0.7773076923076923 0.45855194123819515 0.25076923076923074 0.7429171038824763
0 0.48846153846153845 0.40818467995802726 0.19230769230769232 0.7334732423924449
0 0.6088461538461538 0.44648478488982163 0.23153846153846153 0.7376705141657922
0 0.935 0.5724029380902413 0.12846153846153846 0.7691500524658972