0 0.8407692307692308 0.20094438614900315 0.02923076923076923 0.10912906610703044
0 0.8642307692307692 0.2088142707240294 0.03461538461538462 0.12696747114375656
0 0.985 0.24606505771248688 0.02846153846153846 0.2130115424973767
0 0.10576923076923077 0.14795383001049317 0.0823076923076923 0.29590766002098634
0 0.7761538461538462 0.3216159496327387 0.1346153846153846 0.4616998950682057
0 0.9153846153846154 0.3405036726128017 0.1646153846153846 0.4910807974816369
0 0.6953846153846154 0.4160545645330535 0.32461538461538464 0.8132214060860441
0 0.23653846153846153 0.3740818467995803 0.2246153846153846 0.7345225603357818
0 0.5265384615384615 0.41395592864637987 0.16538461538461538 0.7292759706190975
0 0.4026923076923077 0.4144805876180483 0.2053846153846154 0.7313746065057712
0 0.057692307692307696 0.431794333683106 0.11538461538461539 0.7670514165792235