0 0.485 0.3352076124567474 0.093125 0.1980968858131488
0 0.3053125 0.3992214532871972 0.064375 0.2889273356401384
0 0.1978125 0.40527681660899656 0.07 0.27854671280276816
0 0.2390625 0.4156574394463668 0.06625 0.2586505190311419
0 0.6409375 0.3961937716262976 0.031875 0.2050173010380623
0 0.601875 0.40527681660899656 0.048125 0.1903114186851211
0 0.843125 0.40960207612456745 0.0925 0.38321799307958476
0 0.6709375 0.43944636678200694 0.06125 0.3391003460207612
0 0.8465625 0.4459342560553633 0.105 0.36764705882352944
0 0.543125 0.4736159169550173 0.128125 0.3806228373702422
0 0.310625 0.5008650519031141 0.086875 0.3780276816608997
0 0.6965625 0.48486159169550175 0.081875 0.38321799307958476
0 0.9325 0.47534602076124566 0.11125 0.4204152249134948
0 0.53125 0.5168685121107266 0.095625 0.3538062283737024
0 0.75 0.5103806228373703 0.13 0.48788927335640137
0 0.359375 0.578719723183391 0.11625 0.5544982698961938
0 0.49 0.5847750865051903 0.09 0.43685121107266434
0 0.139375 0.6198096885813149 0.130625 0.4922145328719723
0 0.0578125 0.6544117647058824 0.115625 0.4835640138408305