0 0.5223076923076924 0.4155440414507772 0.033846153846153845 0.08186528497409326
0 0.5642307692307692 0.4357512953367876 0.06076923076923077 0.13471502590673576
0 0.4026923076923077 0.39585492227979274 0.05 0.11917098445595854
0 0.4765384615384615 0.4347150259067358 0.07461538461538461 0.21243523316062177
0 0.36115384615384616 0.4202072538860104 0.057692307692307696 0.17305699481865286
0 0.1930769230769231 0.37305699481865284 0.06692307692307692 0.20414507772020726
0 0.6653846153846154 0.5202072538860104 0.07846153846153846 0.22694300518134716
0 0.6907692307692308 0.5326424870466321 0.11538461538461539 0.2932642487046632
0 0.9484615384615385 0.6212435233160621 0.10153846153846154 0.26632124352331604
0 0.43538461538461537 0.46839378238341967 0.11692307692307692 0.33367875647668394
0 0.2246153846153846 0.40414507772020725 0.10076923076923076 0.2932642487046632
0 0.6096153846153847 0.5290155440414508 0.14076923076923076 0.33264248704663213
0 0.7980769230769231 0.5896373056994819 0.11846153846153847 0.27150259067357513
0 0.8461538461538461 0.6103626943005181 0.10076923076923076 0.2632124352331606
0 0.3219230769230769 0.44870466321243524 0.12384615384615384 0.3305699481865285
0 0.7438461538461538 0.5880829015544041 0.09538461538461539 0.23419689119170983
0 0.5215384615384615 0.5476683937823834 0.10846153846153846 0.30466321243523314
0 0.23807692307692307 0.48186528497409326 0.15538461538461537 0.4155440414507772
0 0.10461538461538461 0.49637305699481865 0.20923076923076922 0.5409326424870466