0 0.43828125 0.2388888888888889 0.0109375 0.041666666666666664
0 0.848046875 0.24791666666666667 0.01328125 0.0375
0 0.583203125 0.2673611111111111 0.01171875 0.04861111111111111
0 0.429296875 0.28194444444444444 0.01328125 0.05277777777777778
0 0.238671875 0.28402777777777777 0.01328125 0.05416666666666667
0 0.679296875 0.28541666666666665 0.01015625 0.05416666666666667
0 0.29765625 0.2902777777777778 0.015625 0.05277777777777778
0 0.328125 0.29583333333333334 0.0109375 0.06111111111111111
0 0.315625 0.2972222222222222 0.0125 0.058333333333333334
0 0.4734375 0.29930555555555555 0.0109375 0.059722222222222225
0 0.781640625 0.3020833333333333 0.01484375 0.04583333333333333
0 0.337890625 0.30277777777777776 0.01171875 0.06111111111111111
0 0.550390625 0.30277777777777776 0.01328125 0.058333333333333334
0 0.494140625 0.3076388888888889 0.01171875 0.06527777777777778
0 0.436328125 0.30833333333333335 0.01171875 0.04722222222222222
0 0.445703125 0.30972222222222223 0.01171875 0.05555555555555555
0 0.3734375 0.3111111111111111 0.0140625 0.05555555555555555
0 0.41171875 0.3111111111111111 0.0140625 0.041666666666666664
0 0.817578125 0.3159722222222222 0.01171875 0.04861111111111111
0 0.56484375 0.31666666666666665 0.0109375 0.06388888888888888
0 0.45859375 0.3194444444444444 0.015625 0.058333333333333334
0 0.833984375 0.32013888888888886 0.01328125 0.04583333333333333
0 0.64921875 0.32222222222222224 0.0140625 0.05
0 0.71171875 0.32222222222222224 0.015625 0.058333333333333334
0 0.767578125 0.325 0.01328125 0.05555555555555555
0 0.796875 0.3263888888888889 0.0125 0.058333333333333334
0 0.63515625 0.3263888888888889 0.0140625 0.06111111111111111
0 0.73671875 0.3284722222222222 0.015625 0.06805555555555555
0 0.726171875 0.3298611111111111 0.01328125 0.0625
0 0.75078125 0.3298611111111111 0.0140625 0.0625
0 0.684375 0.33402777777777776 0.0140625 0.05416666666666667
0 0.623046875 0.3347222222222222 0.01171875 0.06111111111111111
0 0.392578125 0.33611111111111114 0.01640625 0.05555555555555555
0 0.352734375 0.3368055555555556 0.01171875 0.05416666666666667
0 0.361328125 0.3368055555555556 0.01171875 0.059722222222222225
0 0.4046875 0.33958333333333335 0.0125 0.05694444444444444
0 0.53203125 0.33958333333333335 0.0140625 0.06527777777777778
0 0.433203125 0.3423611111111111 0.01484375 0.0763888888888889
0 0.298046875 0.34444444444444444 0.01796875 0.06944444444444445
0 0.48359375 0.34444444444444444 0.01875 0.06666666666666667
0 0.78515625 0.3472222222222222 0.015625 0.06388888888888888
0 0.5484375 0.3486111111111111 0.0125 0.06944444444444445
0 0.58125 0.3548611111111111 0.0171875 0.07361111111111111
0 0.59453125 0.35555555555555557 0.0109375 0.06388888888888888
0 0.675 0.35694444444444445 0.015625 0.06944444444444445
0 0.569921875 0.3576388888888889 0.01484375 0.059722222222222225
0 0.413671875 0.35833333333333334 0.01796875 0.06944444444444445
0 0.923046875 0.3590277777777778 0.01953125 0.04027777777777778
0 0.9 0.3597222222222222 0.0203125 0.07222222222222222
0 0.760546875 0.3597222222222222 0.01796875 0.04722222222222222
0 0.81328125 0.3645833333333333 0.0125 0.06527777777777778
0 0.6078125 0.3645833333333333 0.0203125 0.07361111111111111
0 0.3703125 0.36736111111111114 0.0125 0.07083333333333333
0 0.830078125 0.3680555555555556 0.01953125 0.07777777777777778
0 0.660546875 0.3680555555555556 0.01640625 0.06111111111111111
0 0.646875 0.3729166666666667 0.015625 0.07361111111111111
0 0.701171875 0.3763888888888889 0.01484375 0.05555555555555555
0 0.378125 0.3770833333333333 0.015625 0.06805555555555555
0 0.5078125 0.38055555555555554 0.0125 0.075
0 0.51953125 0.38125 0.0140625 0.0763888888888889
0 0.68828125 0.3861111111111111 0.0140625 0.075
0 0.71328125 0.38958333333333334 0.015625 0.05416666666666667
0 0.869140625 0.39652777777777776 0.02109375 0.08194444444444444
0 0.884765625 0.39791666666666664 0.01796875 0.09027777777777778
0 0.943359375 0.4 0.01796875 0.07777777777777778
0 0.575390625 0.40347222222222223 0.01328125 0.06527777777777778
0 0.12890625 0.4041666666666667 0.025 0.07222222222222222
0 0.699609375 0.4048611111111111 0.01171875 0.043055555555555555
0 0.759375 0.40625 0.01875 0.0763888888888889
0 0.780859375 0.4083333333333333 0.01640625 0.06111111111111111
0 0.771875 0.40902777777777777 0.0125 0.07916666666666666
0 0.20625 0.4111111111111111 0.021875 0.08888888888888889
0 0.92421875 0.41180555555555554 0.021875 0.08194444444444444
0 0.095703125 0.41180555555555554 0.01953125 0.07361111111111111
0 0.8515625 0.4131944444444444 0.015625 0.07916666666666666
0 0.61484375 0.41458333333333336 0.0171875 0.06527777777777778
0 0.6359375 0.41944444444444445 0.0171875 0.041666666666666664
0 0.381640625 0.4201388888888889 0.01640625 0.0763888888888889
0 0.3421875 0.42083333333333334 0.0265625 0.08888888888888889
0 0.133984375 0.42291666666666666 0.01640625 0.0375
0 0.966796875 0.4236111111111111 0.02109375 0.08611111111111111
0 0.817578125 0.4270833333333333 0.01328125 0.08194444444444444
0 0.584765625 0.4305555555555556 0.02109375 0.09166666666666666
0 0.22109375 0.4326388888888889 0.0171875 0.05694444444444444
0 0.984375 0.4361111111111111 0.015625 0.05277777777777778
0 0.806640625 0.43819444444444444 0.01796875 0.08472222222222223
0 0.8296875 0.4409722222222222 0.0203125 0.0875
0 0.630859375 0.4409722222222222 0.02109375 0.05416666666666667
0 0.794921875 0.44305555555555554 0.01171875 0.10555555555555556
0 0.730078125 0.44513888888888886 0.01953125 0.09583333333333334
0 0.781640625 0.4465277777777778 0.01796875 0.09583333333333334
0 0.13515625 0.4465277777777778 0.0171875 0.04861111111111111
0 0.305859375 0.4465277777777778 0.01796875 0.05694444444444444
0 0.1125 0.44722222222222224 0.01875 0.041666666666666664
0 0.61484375 0.4486111111111111 0.0171875 0.09722222222222222
0 0.092578125 0.45416666666666666 0.01640625 0.06388888888888888
0 0.704296875 0.45416666666666666 0.01328125 0.06388888888888888
0 0.1546875 0.45625 0.015625 0.09305555555555556
0 0.462890625 0.4576388888888889 0.02109375 0.09583333333333334
0 0.414453125 0.46111111111111114 0.01953125 0.1111111111111111
0 0.748828125 0.46319444444444446 0.01796875 0.10416666666666667
0 0.489453125 0.4638888888888889 0.01484375 0.09444444444444444
0 0.50234375 0.4652777777777778 0.015625 0.10833333333333334
0 0.222265625 0.46597222222222223 0.01953125 0.07083333333333333
0 0.715625 0.4666666666666667 0.0171875 0.09444444444444444
0 0.873828125 0.4673611111111111 0.02109375 0.09583333333333334
0 0.93828125 0.4673611111111111 0.01875 0.09583333333333334
0 0.68828125 0.475 0.0234375 0.09722222222222222
0 0.1109375 0.47638888888888886 0.0234375 0.04722222222222222
0 0.9859375 0.4777777777777778 0.0171875 0.03888888888888889
0 0.1296875 0.48125 0.021875 0.07916666666666666
0 0.163671875 0.48680555555555555 0.01953125 0.10138888888888889
0 0.33125 0.4875 0.01875 0.09722222222222222
0 0.636328125 0.48819444444444443 0.02265625 0.10138888888888889
0 0.571484375 0.49236111111111114 0.02578125 0.11527777777777778
0 0.47734375 0.4930555555555556 0.0203125 0.10555555555555556
0 0.448828125 0.5006944444444444 0.01796875 0.09583333333333334
0 0.1875 0.5027777777777778 0.01875 0.06111111111111111
0 0.277734375 0.5041666666666667 0.01640625 0.09722222222222222
0 0.305078125 0.5055555555555555 0.02578125 0.10833333333333334
0 0.136328125 0.5090277777777777 0.02265625 0.09027777777777778
0 0.096875 0.5097222222222222 0.01875 0.075
0 0.1125 0.5145833333333333 0.0140625 0.07916666666666666
0 0.70234375 0.5166666666666667 0.0265625 0.10277777777777777
0 0.271875 0.5173611111111112 0.01875 0.11527777777777778
0 0.34921875 0.5173611111111112 0.0265625 0.11527777777777778
0 0.9671875 0.5215277777777778 0.021875 0.12638888888888888
0 0.22421875 0.5215277777777778 0.021875 0.10416666666666667
0 0.240234375 0.5263888888888889 0.01796875 0.10555555555555556
0 0.525 0.5333333333333333 0.021875 0.10277777777777777
0 0.77578125 0.54375 0.0234375 0.10138888888888889
0 0.037109375 0.5444444444444444 0.02265625 0.12222222222222222
0 0.051953125 0.5527777777777778 0.01953125 0.13055555555555556
0 0.584375 0.5583333333333333 0.040625 0.13333333333333333
0 0.4109375 0.5590277777777778 0.0234375 0.11527777777777778
0 0.98671875 0.5618055555555556 0.025 0.1597222222222222
0 0.1875 0.5611111111111111 0.028125 0.11944444444444445
0 0.131640625 0.5680555555555555 0.02734375 0.12222222222222222
0 0.45390625 0.5722222222222222 0.03125 0.1111111111111111
0 0.064453125 0.5722222222222222 0.01953125 0.12222222222222222
0 0.07890625 0.5756944444444444 0.025 0.1125
0 0.546484375 0.5763888888888888 0.02421875 0.14166666666666666
0 0.129296875 0.5861111111111111 0.03671875 0.12777777777777777
0 0.026953125 0.5875 0.03515625 0.13333333333333333
0 0.101953125 0.6097222222222223 0.03046875 0.13055555555555556
0 0.519140625 0.6118055555555556 0.01953125 0.1375
0 0.85390625 0.6236111111111111 0.0265625 0.12777777777777777
0 0.8921875 0.6409722222222223 0.025 0.14305555555555555
0 0.731640625 0.6555555555555556 0.02734375 0.1388888888888889
0 0.70390625 0.6618055555555555 0.0234375 0.14583333333333334
0 0.881640625 0.6861111111111111 0.02421875 0.15555555555555556
0 0.759765625 0.6875 0.04140625 0.15833333333333333
0 0.8625 0.6923611111111111 0.0234375 0.1486111111111111
0 0.081640625 0.7111111111111111 0.03359375 0.17777777777777778
0 0.458984375 0.7118055555555556 0.02421875 0.16805555555555557
0 0.48984375 0.7138888888888889 0.0296875 0.14166666666666666
0 0.4203125 0.7333333333333333 0.03125 0.17222222222222222
0 0.6078125 0.7486111111111111 0.0546875 0.18611111111111112
0 0.69765625 0.8111111111111111 0.0359375 0.18611111111111112
0 0.7375 0.8138888888888889 0.0359375 0.18888888888888888
0 0.03984375 0.8284722222222223 0.0375 0.17916666666666667
0 0.592578125 0.83125 0.04140625 0.16805555555555557
0 0.659375 0.8375 0.0390625 0.18611111111111112
0 0.540625 0.8465277777777778 0.040625 0.1986111111111111
0 0.425 0.85 0.0296875 0.21944444444444444
0 0.49375 0.8576388888888888 0.034375 0.2125
0 0.784765625 0.8631944444444445 0.03671875 0.20694444444444443
0 0.2578125 0.8652777777777778 0.0421875 0.19166666666666668
0 0.92890625 0.8715277777777778 0.0484375 0.2125
0 0.827734375 0.8736111111111111 0.04453125 0.18055555555555555
0 0.208984375 0.9069444444444444 0.03984375 0.18333333333333332
0 0.87734375 0.925 0.0421875 0.14722222222222223
0 0.623046875 0.9375 0.04765625 0.12222222222222222
0 0.581640625 0.9395833333333333 0.04296875 0.11805555555555555