0 0.673125 0.33608247422680415 0.13875 0.4742268041237113
0 0.045 0.5237113402061856 0.04625 0.14845360824742268
0 0.071875 0.5195876288659794 0.04125 0.1360824742268041
0 0.0175 0.5443298969072164 0.035 0.12371134020618557
0 0.61625 0.45670103092783504 0.0825 0.2597938144329897
0 0.1175 0.6154639175257732 0.11875 0.4020618556701031
0 0.325625 0.5989690721649484 0.15125 0.44329896907216493
0 0.944375 0.422680412371134 0.10875 0.4
0 0.499375 0.5649484536082474 0.1525 0.46804123711340206
0 0.200625 0.6824742268041237 0.1925 0.5917525773195876
0 0.859375 0.588659793814433 0.21875 0.6515463917525773