0 0.39892578125 0.6701388888888888 0.017578125 0.08159722222222222
0 0.37939453125 0.6866319444444444 0.0263671875 0.140625
0 0.251953125 0.6701388888888888 0.037109375 0.1736111111111111
0 0.6826171875 0.7960069444444444 0.0498046875 0.2065972222222222
0 0.1474609375 0.6822916666666666 0.0419921875 0.1857638888888889
0 0.66552734375 0.7960069444444444 0.08203125 0.22395833333333334
0 0.87060546875 0.8402777777777778 0.0595703125 0.24131944444444445
0 0.7451171875 0.8185763888888888 0.0517578125 0.2065972222222222
0 0.9033203125 0.8585069444444444 0.0458984375 0.2222222222222222
0 0.5712890625 0.7960069444444444 0.076171875 0.3107638888888889
0 0.3603515625 0.7508680555555556 0.05078125 0.2552083333333333
0 0.3115234375 0.7465277777777778 0.05078125 0.2604166666666667
0 0.61376953125 0.8220486111111112 0.0693359375 0.2725694444444444
0 0.5146484375 0.8012152777777778 0.0390625 0.0954861111111111
0 0.8408203125 0.8576388888888888 0.083984375 0.28125
0 0.798828125 0.8663194444444444 0.06640625 0.2638888888888889
0 0.92822265625 0.8637152777777778 0.0927734375 0.2690972222222222
0 0.3310546875 0.7960069444444444 0.0771484375 0.34375
0 0.26953125 0.7934027777777778 0.0751953125 0.3229166666666667