0 0.22790697674418606 0.36768149882903983 0.06046511627906977 0.1358313817330211
0 0.1248062015503876 0.3395784543325527 0.05581395348837209 0.13817330210772832
0 0.413953488372093 0.4426229508196721 0.05891472868217054 0.17096018735362997
0 0.45193798449612405 0.46604215456674475 0.04961240310077519 0.16393442622950818
0 0.9372093023255814 0.629976580796253 0.06821705426356589 0.23653395784543327
0 0.6116279069767442 0.5433255269320844 0.08372093023255814 0.2716627634660422
0 0.6604651162790698 0.5608899297423887 0.10077519379844961 0.30210772833723654
0 0.3829457364341085 0.48009367681498827 0.05271317829457364 0.18501170960187355
0 0.34806201550387594 0.4847775175644028 0.08682170542635659 0.2810304449648712
0 0.7852713178294574 0.6182669789227166 0.08062015503875969 0.26229508196721313
0 0.9589147286821705 0.6850117096018735 0.07906976744186046 0.33021077283372363
0 0.04108527131782946 0.4168618266978923 0.08217054263565891 0.2810304449648712
0 0.5705426356589147 0.5807962529274004 0.13178294573643412 0.3325526932084309
0 0.17286821705426356 0.4637002341920375 0.11627906976744186 0.34660421545667447
0 0.7232558139534884 0.6569086651053864 0.12558139534883722 0.36768149882903983
0 0.8682170542635659 0.7107728337236534 0.14573643410852713 0.4918032786885246
0 0.2751937984496124 0.5480093676814989 0.13333333333333333 0.4215456674473068
0 0.09069767441860466 0.509367681498829 0.14573643410852713 0.4098360655737705
0 0.4565891472868217 0.702576112412178 0.20155038759689922 0.5807962529274004