0 0.9528753993610224 0.5611510791366906 0.09105431309904154 0.8729016786570744
0 0.5263578274760383 0.6151079136690647 0.16773162939297126 0.6019184652278178
0 0.7523961661341853 0.6522781774580336 0.16134185303514376 0.5971223021582733
0 0.9193290734824281 0.6714628297362111 0.07028753993610223 0.47961630695443647
0 0.884185303514377 0.6858513189448441 0.0926517571884984 0.4580335731414868
0 0.38977635782747605 0.657074340527578 0.11501597444089456 0.42685851318944845
0 0.6669329073482428 0.7074340527577938 0.06549520766773163 0.2565947242206235
0 0.6182108626198083 0.7086330935251799 0.051118210862619806 0.2302158273381295
0 0.04073482428115016 0.6714628297362111 0.08146964856230032 0.20623501199040767
0 0.019968051118210862 0.6774580335731415 0.038338658146964855 0.17026378896882494
0 0.11182108626198083 0.6882494004796164 0.07507987220447285 0.20863309352517986