0 0.86083984375 0.5060185185185185 0.068359375 0.3101851851851852
0 0.4345703125 0.5328703703703703 0.03857421875 0.30648148148148147
0 0.5615234375 0.5453703703703704 0.07568359375 0.5722222222222222
0 0.2939453125 0.5541666666666667 0.06640625 0.42407407407407405
0 0.63232421875 0.5509259259259259 0.109375 0.44166666666666665
0 0.73388671875 0.5518518518518518 0.10107421875 0.5814814814814815
0 0.895751953125 0.5467592592592593 0.06396484375 0.425
0 0.6904296875 0.5569444444444445 0.04931640625 0.475
0 0.505615234375 0.5666666666666667 0.1455078125 0.6287037037037037
0 0.81591796875 0.5574074074074075 0.078125 0.40370370370370373
0 0.398681640625 0.5810185185185185 0.06201171875 0.48148148148148145
0 0.33544921875 0.5847222222222223 0.10302734375 0.4388888888888889
0 0.18310546875 0.6055555555555555 0.10400390625 0.7814814814814814
0 0.07421875 0.6125 0.1484375 0.7509259259259259
0 0.936767578125 0.5837962962962963 0.12451171875 0.5
0 0.784912109375 0.5967592592592592 0.03271484375 0.3148148148148148