0 0.3875 0.5 0.04 0.08980582524271845
0 0.3566666666666667 0.4975728155339806 0.03833333333333333 0.0825242718446602
0 0.5616666666666666 0.558252427184466 0.035 0.12135922330097088
0 0.53 0.5703883495145631 0.058333333333333334 0.17718446601941748
0 0.7541666666666667 0.6432038834951457 0.09666666666666666 0.2524271844660194
0 0.060833333333333336 0.46116504854368934 0.11166666666666666 0.25485436893203883
0 0.6933333333333334 0.6480582524271845 0.085 0.25
0 0.6391666666666667 0.6322815533980582 0.07833333333333334 0.24514563106796117
0 0.8425 0.6990291262135923 0.10666666666666667 0.27184466019417475
0 0.49333333333333335 0.6638349514563107 0.13666666666666666 0.41504854368932037
0 0.5758333333333333 0.6978155339805825 0.12333333333333334 0.4174757281553398