0 0.498291015625 0.5856515373352855 0.2021484375 0.6698389458272328
0 0.1162109375 0.6921669106881405 0.232421875 0.6127379209370425
0 0.083251953125 0.7251098096632503 0.16650390625 0.5468521229868228
0 0.32470703125 0.6149341142020498 0.2978515625 0.767203513909224
0 0.936279296875 0.1767935578330893 0.10009765625 0.33821376281112736
0 0.7763671875 0.4132503660322108 0.150390625 0.5673499267935578
0 0.90185546875 0.40226939970717424 0.1787109375 0.5519765739385066
0 0.62060546875 0.5054904831625183 0.18115234375 0.5556368960468521
0 0.427734375 0.5830893118594437 0.16357421875 0.6024890190336749
0 0.6396484375 0.5153733528550513 0.19140625 0.62298682284041
0 0.8544921875 0.441800878477306 0.28369140625 0.7152269399707174
0 0.72314453125 0.4904831625183016 0.20458984375 0.5746705710102489