0 0.61 0.529126213592233 0.03166666666666667 0.0825242718446602
0 0.6416666666666667 0.5339805825242718 0.03 0.07524271844660194
0 0.4325 0.5412621359223301 0.021666666666666667 0.11893203883495146
0 0.4625 0.5618932038834952 0.03833333333333333 0.16990291262135923
0 0.2325 0.5776699029126213 0.07 0.24029126213592233
0 0.9366666666666666 0.5728155339805825 0.085 0.23786407766990292
0 0.2916666666666667 0.595873786407767 0.058333333333333334 0.24271844660194175
0 0.3466666666666667 0.5946601941747572 0.051666666666666666 0.2354368932038835
0 0.13916666666666666 0.6104368932038835 0.07833333333333334 0.25728155339805825
0 0.4866666666666667 0.662621359223301 0.09166666666666666 0.40048543689320387
0 0.40166666666666667 0.6759708737864077 0.07666666666666666 0.4077669902912621