0 0.139404296875 0.5300925925925926 0.068359375 0.3101851851851852
0 0.56591796875 0.5282407407407408 0.03857421875 0.30648148148148147
0 0.439453125 0.549074074074074 0.07568359375 0.5722222222222222
0 0.70703125 0.5402777777777777 0.06640625 0.42407407407407405
0 0.36865234375 0.5592592592592592 0.109375 0.44166666666666665
0 0.26708984375 0.5675925925925925 0.10107421875 0.5814814814814815
0 0.105224609375 0.5726851851851852 0.06396484375 0.425
0 0.310791015625 0.5699074074074074 0.04931640625 0.475
0 0.495849609375 0.5666666666666667 0.1455078125 0.6287037037037037
0 0.185302734375 0.5787037037037037 0.078125 0.40370370370370373
0 0.602783203125 0.5745370370370371 0.06201171875 0.48148148148148145
0 0.666015625 0.5736111111111111 0.10302734375 0.4388888888888889
0 0.818603515625 0.5842592592592593 0.10400390625 0.7814814814814814
0 0.926513671875 0.5837962962962963 0.14599609375 0.7509259259259259
0 0.06494140625 0.6125 0.12451171875 0.5
0 0.217041015625 0.6152777777777778 0.03271484375 0.3148148148148148