0 0.07667731629392971 0.6151079136690647 0.15335463258785942 0.7649880095923262
0 0.48562300319488816 0.6199040767386091 0.22523961661341854 0.6258992805755396
0 0.26677316293929715 0.6990407673860911 0.22044728434504793 0.5971223021582733
0 0.10463258785942492 0.7613908872901679 0.11980830670926518 0.4724220623501199
0 0.1413738019169329 0.7685851318944844 0.1389776357827476 0.4580335731414868
0 0.6253993610223643 0.6294964028776978 0.15654952076677317 0.4412470023980815
0 0.3562300319488818 0.7446043165467626 0.09105431309904154 0.2637889688249401
0 0.4049520766773163 0.7338129496402878 0.07348242811501597 0.23741007194244604
0 0.9600638977635783 0.5623501199040767 0.07667731629392971 0.22302158273381295
0 0.981629392971246 0.5635491606714629 0.03354632587859425 0.1774580335731415
0 0.902555910543131 0.5947242206235012 0.09584664536741214 0.22062350119904076