0 0.86083984375 0.5180555555555556 0.0654296875 0.30833333333333335
0 0.434326171875 0.5305555555555556 0.03564453125 0.3055555555555556
0 0.56103515625 0.5472222222222223 0.0703125 0.5703703703703704
0 0.29345703125 0.5472222222222223 0.0625 0.4222222222222222
0 0.6318359375 0.5550925925925926 0.10546875 0.43796296296296294
0 0.7333984375 0.5597222222222222 0.095703125 0.5787037037037037
0 0.895263671875 0.5597222222222222 0.06005859375 0.42314814814814816
0 0.68994140625 0.5634259259259259 0.044921875 0.47314814814814815
0 0.5048828125 0.5666666666666667 0.1396484375 0.6240740740740741
0 0.8154296875 0.5680555555555555 0.07421875 0.4009259259259259
0 0.39794921875 0.5777777777777777 0.0576171875 0.47962962962962963
0 0.334716796875 0.5791666666666667 0.09912109375 0.4361111111111111
0 0.18212890625 0.5949074074074074 0.0966796875 0.7787037037037037
0 0.072021484375 0.5976851851851852 0.14306640625 0.7453703703703703
0 0.93603515625 0.5981481481481481 0.1201171875 0.4962962962962963
0 0.783935546875 0.6060185185185185 0.02978515625 0.3138888888888889