0 0.39208984375 0.515234375 0.0146484375 0.06640625
0 0.48828125 0.525 0.02734375 0.15546875
0 0.52587890625 0.528125 0.04443359375 0.18671875
0 0.28271484375 0.517578125 0.04541015625 0.19921875
0 0.3798828125 0.523046875 0.015625 0.06015625
0 0.2255859375 0.519140625 0.17041015625 0.465625
0 0.365966796875 0.527734375 0.01953125 0.065625
0 0.0771484375 0.5125 0.12890625 0.51640625
0 0.321533203125 0.529296875 0.05419921875 0.18671875
0 0.418212890625 0.5359375 0.05810546875 0.17265625
0 0.840087890625 0.566015625 0.05126953125 0.1859375
0 0.709716796875 0.56484375 0.0322265625 0.14609375
0 0.767578125 0.57109375 0.10107421875 0.43671875
0 0.86572265625 0.578125 0.02783203125 0.1453125
0 0.126220703125 0.544921875 0.05224609375 0.134375
0 0.946533203125 0.5921875 0.10595703125 0.4734375