0 0.1825 0.115625 0.03375 0.07708333333333334
0 0.149375 0.10520833333333333 0.035 0.09375
0 0.431875 0.225 0.02125 0.06666666666666667
0 0.0725 0.078125 0.035 0.1
0 0.093125 0.0875 0.03875 0.09375
0 0.296875 0.17604166666666668 0.02875 0.09375
0 0.48875 0.25833333333333336 0.0325 0.1
0 0.280625 0.17291666666666666 0.02875 0.09583333333333334
0 0.501875 0.2677083333333333 0.02375 0.07708333333333334
0 0.928125 0.46770833333333334 0.0375 0.10625
0 0.98875 0.5135416666666667 0.02 0.11458333333333333
0 0.555625 0.365625 0.11875 0.32708333333333334
0 0.815 0.6177083333333333 0.22 0.7395833333333334
0 0.775 0.6145833333333334 0.2475 0.7666666666666667
0 0.33 0.4739583333333333 0.285 0.9479166666666666
0 0.628125 0.5802083333333333 0.27875 0.8354166666666667