0 0.48828125 0.5838213762811127 0.1298828125 0.657393850658858
0 0.08837890625 0.6200585651537335 0.1767578125 0.6544655929721815
0 0.0576171875 0.62298682284041 0.115234375 0.5592972181551976
0 0.309814453125 0.5980966325036603 0.21044921875 0.8008784773060029
0 0.967041015625 0.2953879941434846 0.0634765625 0.3323572474377745
0 0.7822265625 0.4864568081991215 0.087890625 0.5629575402635432
0 0.9072265625 0.5084187408491947 0.1201171875 0.5387994143484627
0 0.6181640625 0.5369692532942899 0.1220703125 0.541727672035139
0 0.419189453125 0.5629575402635432 0.09716796875 0.5966325036603221
0 0.6357421875 0.551610541727672 0.12451171875 0.6105417276720352
0 0.855712890625 0.5351390922401171 0.2109375 0.6830161054172768
0 0.720703125 0.5486822840409956 0.14501953125 0.554904831625183