0 0.19375 0.5131944444444444 0.040625 0.14027777777777778
0 0.216015625 0.5166666666666667 0.040625 0.14444444444444443
0 0.241796875 0.5388888888888889 0.06484375 0.2125
0 0.488671875 0.46458333333333335 0.0296875 0.1125
0 0.509765625 0.46319444444444446 0.0359375 0.12916666666666668
0 0.604296875 0.45416666666666666 0.071875 0.24444444444444444
0 0.553515625 0.49444444444444446 0.0875 0.30416666666666664
0 0.814453125 0.4597222222222222 0.36953125 0.9194444444444444
0 0.08515625 0.7347222222222223 0.13125 0.5194444444444445
0 0.047265625 0.7298611111111111 0.09453125 0.5375
0 0.457421875 0.63125 0.18046875 0.6277777777777778
0 0.6515625 0.5625 0.16015625 0.5652777777777778
0 0.32578125 0.68125 0.2 0.6347222222222222
0 0.152734375 0.7111111111111111 0.22421875 0.575