0 0.5847222222222223 0.6759776536312849 0.08055555555555556 0.14804469273743018
0 0.6305555555555555 0.6857541899441341 0.05555555555555555 0.12290502793296089
0 0.7583333333333333 0.7346368715083799 0.08611111111111111 0.19273743016759776
0 0.1597222222222222 0.6298882681564246 0.12777777777777777 0.2346368715083799
0 0.5097222222222222 0.7011173184357542 0.09722222222222222 0.20391061452513967
0 0.6486111111111111 0.7360335195530726 0.10833333333333334 0.2541899441340782
0 0.8875 0.7849162011173184 0.1 0.20670391061452514
0 0.07083333333333333 0.6270949720670391 0.125 0.2681564245810056
0 0.03194444444444444 0.63268156424581 0.06388888888888888 0.28212290502793297
0 0.2263888888888889 0.6759776536312849 0.11944444444444445 0.27932960893854747
0 0.9291666666666667 0.8226256983240223 0.07777777777777778 0.25139664804469275
0 0.6972222222222222 0.8114525139664804 0.17222222222222222 0.3715083798882682
0 0.825 0.8324022346368715 0.19444444444444445 0.329608938547486