0 0.49125 0.3343425605536332 0.090625 0.19550173010380623
0 0.3096875 0.38494809688581316 0.06125 0.2880622837370242
0 0.201875 0.38321799307958476 0.066875 0.27768166089965396
0 0.2425 0.39705882352941174 0.063125 0.2577854671280277
0 0.6446875 0.40657439446366783 0.029375 0.2050173010380623
0 0.6053125 0.4126297577854671 0.045625 0.1894463667820069
0 0.84625 0.4342560553633218 0.088125 0.3814878892733564
0 0.673125 0.45198961937716264 0.056875 0.3373702422145329
0 0.848125 0.4710207612456747 0.1 0.36591695501730104
0 0.5440625 0.47664359861591693 0.12375 0.3780276816608997
0 0.310625 0.4870242214532872 0.0825 0.3762975778546713
0 0.696875 0.4991349480968858 0.0775 0.3814878892733564
0 0.9328125 0.5064878892733564 0.105625 0.4186851211072664
0 0.530625 0.5190311418685121 0.09125 0.35121107266435986
0 0.749375 0.5285467128027682 0.124375 0.4852941176470588
0 0.3565625 0.5683391003460208 0.109375 0.5527681660899654
0 0.486875 0.5839100346020761 0.085 0.435121107266436
0 0.1353125 0.5938581314878892 0.124375 0.48961937716262977
0 0.05375 0.6219723183391004 0.1075 0.4809688581314879