0 0.391845703125 0.505859375 0.0166015625 0.0671875
0 0.4873046875 0.52421875 0.0322265625 0.15703125
0 0.52490234375 0.530078125 0.05029296875 0.1890625
0 0.282470703125 0.49921875 0.0517578125 0.2015625
0 0.379150390625 0.512890625 0.017578125 0.0609375
0 0.225341796875 0.49609375 0.18505859375 0.47734375
0 0.365234375 0.51640625 0.021484375 0.0671875
0 0.077392578125 0.476953125 0.14501953125 0.525
0 0.32080078125 0.5140625 0.06005859375 0.190625
0 0.4169921875 0.529296875 0.06298828125 0.1765625
0 0.83740234375 0.594140625 0.05712890625 0.18984375
0 0.707275390625 0.582421875 0.037109375 0.1484375
0 0.764892578125 0.593359375 0.11474609375 0.44296875
0 0.862548828125 0.608984375 0.03271484375 0.146875
0 0.125244140625 0.51328125 0.05615234375 0.13828125
0 0.94091796875 0.6296875 0.1171875 0.4796875