0 0.4703125 0.22152777777777777 0.015625 0.044444444444444446
0 0.869921875 0.3819444444444444 0.0171875 0.041666666666666664
0 0.60859375 0.3034722222222222 0.0171875 0.05138888888888889
0 0.45625 0.2604166666666667 0.01953125 0.05694444444444444
0 0.26953125 0.19236111111111112 0.01953125 0.058333333333333334
0 0.700390625 0.35625 0.01640625 0.05694444444444444
0 0.3265625 0.22013888888888888 0.02109375 0.05694444444444444
0 0.355859375 0.23680555555555555 0.01796875 0.06388888888888888
0 0.343359375 0.23333333333333334 0.01875 0.06111111111111111
0 0.49765625 0.29375 0.01796875 0.0625
0 0.7984375 0.41041666666666665 0.01953125 0.05
0 0.364453125 0.24722222222222223 0.01875 0.06388888888888888
0 0.572265625 0.32569444444444445 0.01953125 0.0625
0 0.516796875 0.30972222222222223 0.01875 0.06805555555555555
0 0.46015625 0.28888888888888886 0.0171875 0.05
0 0.469140625 0.29375 0.01796875 0.058333333333333334
0 0.3984375 0.26875 0.0203125 0.059722222222222225
0 0.435546875 0.2826388888888889 0.01875 0.04583333333333333
0 0.83203125 0.4375 0.0171875 0.05138888888888889
0 0.584765625 0.34444444444444444 0.01796875 0.06666666666666667
0 0.48046875 0.30833333333333335 0.021875 0.0625
0 0.84765625 0.44722222222222224 0.01796875 0.05
0 0.666796875 0.38125 0.01953125 0.05416666666666667
0 0.727734375 0.4041666666666667 0.021875 0.0625
0 0.78203125 0.42777777777777776 0.01953125 0.059722222222222225
0 0.810546875 0.4395833333333333 0.01875 0.06111111111111111
0 0.65234375 0.3798611111111111 0.02109375 0.06527777777777778
0 0.7515625 0.41944444444444445 0.0234375 0.07222222222222222
0 0.741015625 0.4173611111111111 0.0203125 0.06666666666666667
0 0.765234375 0.4263888888888889 0.02109375 0.06666666666666667
0 0.699609375 0.40555555555555556 0.0203125 0.058333333333333334
0 0.63984375 0.3840277777777778 0.01875 0.06388888888888888
0 0.4140625 0.3 0.02265625 0.059722222222222225
0 0.375 0.2861111111111111 0.01796875 0.05694444444444444
0 0.38359375 0.28888888888888886 0.01875 0.0625
0 0.425390625 0.3076388888888889 0.01875 0.059722222222222225
0 0.55 0.3548611111111111 0.02109375 0.06944444444444445
0 0.453125 0.32083333333333336 0.0234375 0.08055555555555556
0 0.320703125 0.27291666666666664 0.02578125 0.075
0 0.501953125 0.3416666666666667 0.02578125 0.07222222222222222
0 0.796875 0.45625 0.02265625 0.06805555555555555
0 0.565234375 0.3701388888888889 0.0203125 0.07222222222222222
0 0.596484375 0.38819444444444445 0.02578125 0.07777777777777778
0 0.609375 0.39375 0.01796875 0.06666666666666667
0 0.687890625 0.425 0.0234375 0.07361111111111111
0 0.58515625 0.38680555555555557 0.021875 0.06388888888888888
0 0.43203125 0.3298611111111111 0.02578125 0.075
0 0.93046875 0.51875 0.0234375 0.04722222222222222
0 0.9078125 0.5104166666666666 0.028125 0.07777777777777778
0 0.77109375 0.45902777777777776 0.0234375 0.05277777777777778
0 0.822265625 0.48333333333333334 0.01953125 0.06805555555555555
0 0.621484375 0.4076388888888889 0.028125 0.07916666666666666
0 0.388671875 0.32222222222222224 0.0203125 0.07361111111111111
0 0.83828125 0.4930555555555556 0.028125 0.08333333333333333
0 0.67265625 0.4305555555555556 0.0234375 0.06527777777777778
0 0.65859375 0.42986111111111114 0.02421875 0.07777777777777778
0 0.711328125 0.4534722222222222 0.02109375 0.059722222222222225
0 0.3953125 0.3347222222222222 0.0234375 0.07222222222222222
0 0.521484375 0.3861111111111111 0.02109375 0.07777777777777778
0 0.5328125 0.3909722222222222 0.02265625 0.08055555555555556
0 0.69765625 0.4583333333333333 0.02265625 0.07916666666666666
0 0.721484375 0.4708333333333333 0.021875 0.058333333333333334
0 0.873046875 0.5354166666666667 0.03046875 0.0875
0 0.88828125 0.5423611111111111 0.028125 0.09444444444444444
0 0.9453125 0.5659722222222222 0.0265625 0.08333333333333333
0 0.58515625 0.43333333333333335 0.0203125 0.06944444444444445
0 0.148046875 0.26875 0.0328125 0.08055555555555556
0 0.70625 0.48055555555555557 0.01640625 0.04583333333333333
0 0.76484375 0.5041666666666667 0.02734375 0.08194444444444444
0 0.785546875 0.5138888888888888 0.0234375 0.06527777777777778
0 0.7765625 0.5118055555555555 0.021875 0.08194444444444444
0 0.223046875 0.30416666666666664 0.03203125 0.09444444444444444
0 0.925390625 0.5708333333333333 0.03125 0.08888888888888889
0 0.11484375 0.26458333333333334 0.02734375 0.07916666666666666
0 0.85390625 0.5451388888888888 0.02421875 0.08333333333333333
0 0.622265625 0.45902777777777776 0.02421875 0.07083333333333333
0 0.642578125 0.47152777777777777 0.021875 0.04722222222222222
0 0.39375 0.3784722222222222 0.025 0.08055555555555556
0 0.355078125 0.3638888888888889 0.03671875 0.09722222222222222
0 0.151171875 0.28958333333333336 0.0203125 0.043055555555555555
0 0.965625 0.5979166666666667 0.03046875 0.09166666666666666
0 0.819140625 0.5458333333333333 0.02265625 0.08472222222222223
0 0.591015625 0.46319444444444446 0.03125 0.09722222222222222
0 0.23515625 0.33125 0.0234375 0.0625
0 0.98125 0.6166666666666667 0.02109375 0.05694444444444444
0 0.80703125 0.5527777777777778 0.02734375 0.08888888888888889
0 0.829296875 0.5638888888888889 0.03046875 0.09305555555555556
0 0.634765625 0.4909722222222222 0.02734375 0.06111111111111111
0 0.7953125 0.5534722222222223 0.0234375 0.10694444444444444
0 0.731640625 0.53125 0.03046875 0.10138888888888889
0 0.781640625 0.5520833333333334 0.02890625 0.1
0 0.14921875 0.3125 0.02265625 0.05416666666666667
0 0.31640625 0.37569444444444444 0.02421875 0.0625
0 0.126953125 0.30486111111111114 0.0234375 0.04722222222222222
0 0.618359375 0.49236111111111114 0.028125 0.10138888888888889
0 0.10703125 0.30486111111111114 0.0234375 0.06805555555555555
0 0.705078125 0.5305555555555556 0.0203125 0.06805555555555555
0 0.1671875 0.3298611111111111 0.02578125 0.09722222222222222
0 0.46875 0.44513888888888886 0.03203125 0.10138888888888889
0 0.420703125 0.4305555555555556 0.03203125 0.11527777777777778
0 0.74765625 0.55625 0.0296875 0.10833333333333334
0 0.49375 0.46111111111111114 0.02578125 0.09722222222222222
0 0.50625 0.4666666666666667 0.028125 0.1111111111111111
0 0.232421875 0.3638888888888889 0.02734375 0.0763888888888889
0 0.71484375 0.5472222222222223 0.028125 0.09861111111111111
0 0.86953125 0.60625 0.03203125 0.10138888888888889
0 0.932421875 0.6298611111111111 0.0296875 0.1
0 0.687109375 0.5451388888888888 0.034375 0.10416666666666667
0 0.122265625 0.3333333333333333 0.028125 0.05416666666666667
0 0.977734375 0.6576388888888889 0.02109375 0.044444444444444446
0 0.13984375 0.34444444444444444 0.03046875 0.08611111111111111
0 0.17265625 0.3625 0.03125 0.10694444444444444
0 0.336328125 0.42569444444444443 0.0296875 0.10138888888888889
0 0.634765625 0.5388888888888889 0.034375 0.10694444444444444
0 0.570703125 0.51875 0.0390625 0.12222222222222222
0 0.478515625 0.4847222222222222 0.03203125 0.1111111111111111
0 0.45 0.48194444444444445 0.02890625 0.1
0 0.194140625 0.3875 0.02578125 0.06666666666666667
0 0.28203125 0.4222222222222222 0.02734375 0.10138888888888889
0 0.30859375 0.43333333333333335 0.0375 0.11527777777777778
0 0.143359375 0.37430555555555556 0.0328125 0.09722222222222222
0 0.1046875 0.36041666666666666 0.02734375 0.08055555555555556
0 0.119140625 0.37083333333333335 0.02265625 0.08194444444444444
0 0.69609375 0.5909722222222222 0.03828125 0.10972222222222222
0 0.275 0.4326388888888889 0.03203125 0.11944444444444445
0 0.350390625 0.46111111111111114 0.03984375 0.12222222222222222
0 0.954296875 0.69375 0.0359375 0.13194444444444445
0 0.227734375 0.41944444444444445 0.03359375 0.10972222222222222
0 0.24296875 0.42986111111111114 0.0296875 0.10972222222222222
0 0.520703125 0.5416666666666666 0.03359375 0.10833333333333334
0 0.764453125 0.6444444444444445 0.03515625 0.10833333333333334
0 0.0421875 0.37222222222222223 0.03671875 0.12777777777777777
0 0.05546875 0.3861111111111111 0.034375 0.13472222222222222
0 0.57578125 0.5881944444444445 0.05546875 0.14583333333333334
0 0.405859375 0.525 0.03671875 0.12083333333333333
0 0.96875 0.7402777777777778 0.04296875 0.16527777777777777
0 0.187109375 0.4444444444444444 0.04140625 0.12777777777777777
0 0.131640625 0.4305555555555556 0.04140625 0.12916666666666668
0 0.446484375 0.5534722222222223 0.04375 0.12083333333333333
0 0.065625 0.4097222222222222 0.03359375 0.12638888888888888
0 0.079296875 0.41805555555555557 0.0375 0.11944444444444445
0 0.53671875 0.5916666666666667 0.040625 0.14722222222222223
0 0.12734375 0.44722222222222224 0.05078125 0.1388888888888889
0 0.026953125 0.41041666666666665 0.05 0.14305555555555555
0 0.09765625 0.46041666666666664 0.0453125 0.1388888888888889
0 0.50546875 0.6166666666666667 0.03515625 0.14166666666666666
0 0.831640625 0.7513888888888889 0.040625 0.13472222222222222
0 0.8671875 0.7826388888888889 0.04140625 0.1486111111111111
0 0.708203125 0.7375 0.04296875 0.14583333333333334
0 0.68046875 0.7333333333333333 0.03984375 0.15138888888888888
0 0.8515625 0.8229166666666666 0.0421875 0.16111111111111112
0 0.73203125 0.7791666666666667 0.059375 0.17083333333333334
0 0.83203125 0.8222222222222222 0.040625 0.15416666666666667
0 0.066015625 0.5520833333333334 0.05390625 0.18611111111111112
0 0.43515625 0.6923611111111111 0.04296875 0.1736111111111111
0 0.465234375 0.7055555555555556 0.0453125 0.15
0 0.394921875 0.6986111111111111 0.05078125 0.18055555555555555
0 0.5765625 0.7833333333333333 0.075 0.20277777777777778
0 0.65703125 0.8770833333333333 0.05703125 0.19583333333333333
0 0.695703125 0.8951388888888889 0.05703125 0.1986111111111111
0 0.0203125 0.6520833333333333 0.040625 0.19027777777777777
0 0.551953125 0.8583333333333333 0.06015625 0.17916666666666667
0 0.61640625 0.8888888888888888 0.06015625 0.19583333333333333
0 0.49921875 0.8541666666666666 0.06328125 0.20972222222222223
0 0.385546875 0.8145833333333333 0.0546875 0.225
0 0.451953125 0.8472222222222222 0.05859375 0.22083333333333333
0 0.7359375 0.925 0.0609375 0.14722222222222223
0 0.2203125 0.7680555555555556 0.0640625 0.20277777777777778
0 0.876171875 0.9534722222222223 0.07265625 0.09027777777777778
0 0.77734375 0.9444444444444444 0.065625 0.10833333333333334
0 0.167578125 0.7902777777777777 0.06015625 0.19444444444444445
0 0.569140625 0.9513888888888888 0.06171875 0.09444444444444444
0 0.52890625 0.9465277777777777 0.05625 0.10416666666666667