0 0.5 0.6168498168498169 0.0888671875 0.4183150183150183
0 0.8310546875 0.673992673992674 0.08203125 0.528937728937729
0 0.144287109375 0.6278388278388278 0.08447265625 0.5362637362637362
0 0.31005859375 0.6695970695970695 0.11083984375 0.5692307692307692
0 0.23095703125 0.6706959706959706 0.22900390625 0.6307692307692307
0 0.765869140625 0.7058608058608059 0.13037109375 0.5868131868131868
0 0.095703125 0.6666666666666666 0.11865234375 0.6087912087912087
0 0.696533203125 0.7076923076923077 0.13232421875 0.5831501831501832
0 0.931396484375 0.7205128205128205 0.13623046875 0.5575091575091575
0 0.6083984375 0.7073260073260074 0.2314453125 0.5838827838827839
0 0.06396484375 0.6758241758241759 0.1279296875 0.5868131868131868
0 0.447998046875 0.7106227106227107 0.10791015625 0.5758241758241758
0 0.396728515625 0.7084249084249085 0.16162109375 0.575091575091575
0 0.86328125 0.7388278388278389 0.1015625 0.5208791208791209