0 0.45944444444444443 0.6466666666666666 0.07333333333333333 0.10555555555555556
0 0.38 0.6277777777777778 0.0811111111111111 0.10777777777777778
0 0.5038888888888889 0.6594444444444445 0.05555555555555555 0.11
0 0.40444444444444444 0.6355555555555555 0.056666666666666664 0.09888888888888889
0 0.525 0.6655555555555556 0.05 0.09333333333333334
0 0.585 0.6805555555555556 0.051111111111111114 0.10333333333333333
0 0.635 0.6961111111111111 0.07555555555555556 0.11222222222222222
0 0.4261111111111111 0.645 0.06111111111111111 0.11333333333333333
0 0.29555555555555557 0.6127777777777778 0.06888888888888889 0.11222222222222222
0 0.69 0.7116666666666667 0.08666666666666667 0.12
0 0.19555555555555557 0.5894444444444444 0.051111111111111114 0.08888888888888889
0 0.16833333333333333 0.585 0.06888888888888889 0.11555555555555555
0 0.115 0.5727777777777778 0.09 0.13111111111111112
0 0.007222222222222222 0.5438888888888889 0.014444444444444444 0.11222222222222222
0 0.04111111111111111 0.5594444444444444 0.07111111111111111 0.09444444444444444
0 0.07 0.5672222222222222 0.08888888888888889 0.11222222222222222