0 0.774375 0.6200750469043153 0.03375 0.18574108818011256
0 0.82 0.6285178236397748 0.0675 0.21388367729831145
0 0.02375 0.6604127579737336 0.0475 0.3677298311444653
0 0.969375 0.648217636022514 0.055 0.22326454033771106
0 0.344375 0.6669793621013134 0.07125 0.3789868667917448
0 0.485 0.6632270168855535 0.05 0.2851782363977486
0 0.0775 0.6744840525328331 0.10625 0.43902439024390244
0 0.388125 0.6726078799249531 0.05625 0.350844277673546
0 0.798125 0.6679174484052532 0.03 0.23639774859287055
0 0.443125 0.6904315196998124 0.1125 0.4896810506566604
0 0.2275 0.7073170731707317 0.06 0.4333958724202627
0 0.2925 0.7054409005628518 0.12 0.48405253283302063
0 0.68625 0.7223264540337712 0.15625 0.5459662288930581
0 0.55875 0.7307692307692307 0.11125 0.5328330206378987
0 0.16125 0.7532833020637899 0.1475 0.4896810506566604
0 0.865625 0.7645403377110694 0.12 0.4521575984990619