0 0.181875 0.5364583333333334 0.0225 0.06458333333333334
0 0.52125 0.6072916666666667 0.08 0.275
0 0.98125 0.7010416666666667 0.02625 0.18333333333333332
0 0.90375 0.690625 0.04375 0.17916666666666667
0 0.950625 0.70625 0.06 0.21458333333333332
0 0.683125 0.665625 0.04625 0.15208333333333332
0 0.374375 0.6447916666666667 0.07375 0.375
0 0.12625 0.6104166666666667 0.08625 0.425
0 0.270625 0.6489583333333333 0.0875 0.3770833333333333
0 0.853125 0.75 0.15625 0.49583333333333335
0 0.423125 0.7375 0.1425 0.5125
0 0.215 0.703125 0.17125 0.5145833333333333
0 0.576875 0.7572916666666667 0.18375 0.48125