0 0.68375 0.3711340206185567 0.10625 0.4618556701030928
0 0.046875 0.43195876288659796 0.03625 0.14432989690721648
0 0.07375 0.43402061855670104 0.03125 0.13195876288659794
0 0.015625 0.44536082474226807 0.03 0.11752577319587629
0 0.618125 0.48041237113402063 0.065 0.2515463917525773
0 0.111875 0.5381443298969072 0.0925 0.3917525773195876
0 0.32 0.5628865979381443 0.1225 0.4268041237113402
0 0.95 0.5123711340206185 0.0875 0.38762886597938145
0 0.494375 0.5649484536082474 0.12125 0.4515463917525773
0 0.189375 0.6206185567010309 0.1525 0.5711340206185567
0 0.85 0.6597938144329897 0.175 0.6288659793814433