0 0.5227777777777778 0.6505555555555556 0.06777777777777778 0.10333333333333333
0 0.44222222222222224 0.6655555555555556 0.07555555555555556 0.10555555555555556
0 0.5683333333333334 0.6444444444444445 0.04888888888888889 0.10888888888888888
0 0.4677777777777778 0.6627777777777778 0.051111111111111114 0.09777777777777778
0 0.5905555555555555 0.6411111111111111 0.043333333333333335 0.09222222222222222
0 0.6511111111111111 0.63 0.044444444444444446 0.10333333333333333
0 0.7027777777777777 0.6244444444444445 0.06888888888888889 0.11
0 0.4911111111111111 0.6622222222222223 0.05333333333333334 0.11222222222222222
0 0.35888888888888887 0.6861111111111111 0.06222222222222222 0.1111111111111111
0 0.7594444444444445 0.6161111111111112 0.08 0.11666666666666667
0 0.25833333333333336 0.7055555555555556 0.04666666666666667 0.08777777777777777
0 0.23166666666666666 0.7127777777777777 0.06222222222222222 0.11333333333333333
0 0.17777777777777778 0.7233333333333334 0.08333333333333333 0.12777777777777777
0 0.049444444444444444 0.7483333333333333 0.044444444444444446 0.1111111111111111
0 0.10555555555555556 0.7411111111111112 0.06555555555555556 0.09222222222222222
0 0.13444444444444445 0.7366666666666667 0.08333333333333333 0.10888888888888888