0 0.21472868217054264 0.4859484777517564 0.05271317829457364 0.1288056206088993
0 0.11007751937984496 0.5023419203747073 0.04806201550387597 0.13348946135831383
0 0.4069767441860465 0.48009367681498827 0.04806201550387597 0.1686182669789227
0 0.448062015503876 0.48711943793911006 0.03875968992248062 0.16159250585480095
0 0.9441860465116279 0.4426229508196721 0.05271317829457364 0.234192037470726
0 0.6147286821705427 0.4953161592505855 0.06666666666666667 0.26697892271662765
0 0.6651162790697674 0.4918032786885246 0.08217054263565891 0.29508196721311475
0 0.38449612403100775 0.5292740046838408 0.04186046511627907 0.18266978922716628
0 0.3511627906976744 0.5491803278688525 0.06821705426356589 0.2786885245901639
0 0.796124031007752 0.4953161592505855 0.06356589147286822 0.2576112412177986
0 0.9720930232558139 0.4859484777517564 0.05271317829457364 0.33021077283372363
0 0.03798449612403101 0.6135831381733021 0.07596899224806201 0.27634660421545665
0 0.5821705426356589 0.5480093676814989 0.11162790697674418 0.3231850117096019
0 0.17906976744186046 0.6007025761124122 0.09457364341085271 0.3395784543325527
0 0.7434108527131783 0.5585480093676815 0.10232558139534884 0.36065573770491804
0 0.8930232558139535 0.5491803278688525 0.11317829457364341 0.4847775175644028
0 0.29224806201550385 0.6405152224824356 0.10697674418604651 0.41451990632318503
0 0.10775193798449613 0.680327868852459 0.12093023255813953 0.40046838407494145
0 0.49534883720930234 0.7131147540983607 0.16589147286821707 0.5690866510538641