0 0.122314453125 0.3866279069767442 0.0576171875 0.3997093023255814
0 0.81201171875 0.2754360465116279 0.10205078125 0.3488372093023256
0 0.876220703125 0.2754360465116279 0.0810546875 0.4898255813953488
0 0.741943359375 0.34084302325581395 0.06787109375 0.2863372093023256
0 0.613037109375 0.5247093023255814 0.20458984375 0.9287790697674418
0 0.084228515625 0.6656976744186046 0.16845703125 0.6598837209302325
0 0.260009765625 0.6409883720930233 0.21728515625 0.7093023255813954
0 0.91015625 0.5247093023255814 0.1787109375 0.7732558139534884
0 0.4501953125 0.6417151162790697 0.095703125 0.7078488372093024
0 0.524658203125 0.6329941860465116 0.078125 0.7252906976744186
0 0.723876953125 0.5850290697674418 0.1318359375 0.7325581395348837
0 0.83837890625 0.5559593023255814 0.11962890625 0.6991279069767442
0 0.177490234375 0.6838662790697675 0.11962890625 0.623546511627907
0 0.37548828125 0.6802325581395349 0.1103515625 0.6308139534883721