0 0.250625 0.7101313320825516 0.05625 0.19136960600375236
0 0.206875 0.7335834896810507 0.0925 0.2270168855534709
0 0.97 0.4971857410881801 0.0575 0.37523452157598497
0 0.065 0.8030018761726079 0.0825 0.2326454033771107
0 0.676875 0.6106941838649156 0.11875 0.3902439024390244
0 0.539375 0.6547842401500938 0.085 0.29080675422138835
0 0.928125 0.5272045028142589 0.14125 0.46153846153846156
0 0.635 0.6303939962476548 0.1 0.35834896810506567
0 0.234375 0.7636022514071295 0.06 0.2401500938086304
0 0.584375 0.6660412757973734 0.17125 0.5103189493433395
0 0.796875 0.6097560975609756 0.11375 0.43902439024390244
0 0.733125 0.6294559099437148 0.17875 0.5065666041275797
0 0.3525 0.7439024390243902 0.2225 0.5084427767354597
0 0.4775 0.7335834896810507 0.1775 0.5290806754221389
0 0.869375 0.6369606003752345 0.20625 0.5290806754221389
0 0.183125 0.8208255159474672 0.17625 0.3545966228893058