0 0.51171875 0.5842490842490843 0.1298828125 0.6578754578754579
0 0.911376953125 0.6205128205128205 0.17626953125 0.654945054945055
0 0.9423828125 0.6238095238095238 0.1142578125 0.5604395604395604
0 0.690673828125 0.5985347985347985 0.21044921875 0.8014652014652015
0 0.032958984375 0.2956043956043956 0.0634765625 0.3326007326007326
0 0.2177734375 0.4868131868131868 0.087890625 0.5633699633699634
0 0.0927734375 0.5087912087912088 0.1201171875 0.5391941391941392
0 0.3818359375 0.5373626373626373 0.1220703125 0.5421245421245421
0 0.580810546875 0.5633699633699634 0.09716796875 0.5970695970695971
0 0.3642578125 0.552014652014652 0.12451171875 0.610989010989011
0 0.144287109375 0.5355311355311355 0.2109375 0.6835164835164835
0 0.279296875 0.5490842490842491 0.14501953125 0.5553113553113553