0 0.45266666666666666 0.7289915966386554 0.012 0.037815126050420166
0 0.54 0.7352941176470589 0.016 0.08823529411764706
0 0.3273333333333333 0.7447478991596639 0.02266666666666667 0.07352941176470588
0 0.342 0.75 0.014666666666666666 0.06722689075630252
0 0.6613333333333333 0.7647058823529411 0.029333333333333333 0.13025210084033614
0 0.2966666666666667 0.7647058823529411 0.025333333333333333 0.1092436974789916
0 0.8946666666666667 0.7794117647058824 0.018666666666666668 0.17647058823529413
0 0.91 0.7804621848739496 0.025333333333333333 0.1869747899159664
0 0.43533333333333335 0.7899159663865546 0.04133333333333333 0.1722689075630252
0 0.14266666666666666 0.7930672268907563 0.029333333333333333 0.17857142857142858
0 0.6146666666666667 0.7962184873949579 0.034666666666666665 0.21428571428571427
0 0.384 0.7983193277310925 0.032 0.18067226890756302
0 0.24866666666666667 0.7993697478991597 0.02266666666666667 0.19117647058823528
0 0.566 0.8035714285714286 0.03333333333333333 0.20798319327731093
0 0.22866666666666666 0.8088235294117647 0.03866666666666667 0.21008403361344538
0 0.41533333333333333 0.8214285714285714 0.03866666666666667 0.13445378151260504
0 0.47 0.8224789915966386 0.036 0.10294117647058823
0 0.7246666666666667 0.8256302521008403 0.06 0.29411764705882354
0 0.07 0.832983193277311 0.06 0.2710084033613445
0 0.688 0.8707983193277311 0.072 0.2542016806722689