0 0.14921875 0.47892271662763464 0.0390625 0.1288056206088993
0 0.63984375 0.6334894613583139 0.084375 0.42857142857142855
0 0.96953125 0.6030444964871194 0.0578125 0.30679156908665106
0 0.38671875 0.6686182669789227 0.084375 0.3700234192037471
0 0.42578125 0.667447306791569 0.078125 0.3629976580796253
0 0.31484375 0.6826697892271663 0.10625 0.531615925058548
0 0.103125 0.7084309133489461 0.1640625 0.5456674473067916
0 0.91953125 0.6252927400468384 0.0828125 0.39344262295081966
0 0.06953125 0.7201405152224825 0.09375 0.4426229508196721
0 0.83203125 0.6428571428571429 0.065625 0.3700234192037471
0 0.5984375 0.6697892271662763 0.078125 0.4028103044496487
0 0.884375 0.6405152224824356 0.1109375 0.38173302107728335
0 0.2640625 0.7072599531615925 0.0484375 0.42857142857142855
0 0.72421875 0.6627634660421545 0.065625 0.3747072599531616
0 0.67578125 0.6709601873536299 0.1125 0.4168618266978923
0 0.54921875 0.6873536299765808 0.10625 0.4168618266978923
0 0.7609375 0.6709601873536299 0.1125 0.3793911007025761
0 0.46328125 0.7084309133489461 0.096875 0.44028103044496486
0 0.2234375 0.734192037470726 0.1234375 0.477751756440281
0 0.2 0.7423887587822015 0.0765625 0.42857142857142855