0 0.675 0.7084295612009238 0.06153846153846154 0.10969976905311778
0 0.6030769230769231 0.6968822170900693 0.02 0.07505773672055427
0 0.8369230769230769 0.7603926096997691 0.02846153846153846 0.08660508083140878
0 0.5919230769230769 0.7090069284064665 0.024615384615384615 0.07274826789838337
0 0.6257692307692307 0.7245958429561201 0.046153846153846156 0.15704387990762125
0 0.23153846153846153 0.668013856812933 0.10846153846153846 0.39838337182448036
0 0.4330769230769231 0.7245958429561201 0.09 0.33833718244803695
0 0.13115384615384615 0.6570438799076213 0.10384615384615385 0.38799076212471134
0 0.2792307692307692 0.7020785219399538 0.10153846153846154 0.3695150115473441
0 0.3930769230769231 0.7297921478060047 0.10615384615384615 0.3625866050808314
0 0.5434615384615384 0.7777136258660509 0.1423076923076923 0.384526558891455
0 0.06269230769230769 0.6691685912240185 0.12538461538461537 0.4722863741339492
0 0.34615384615384615 0.7453810623556582 0.09153846153846154 0.3579676674364896
0 0.45153846153846156 0.8031177829099307 0.11153846153846154 0.302540415704388