0 0.19835164835164834 0.3237232289950577 0.07142857142857142 0.128500823723229
0 0.5857142857142857 0.3113673805601318 0.07692307692307693 0.24546952224052718
0 0.6648351648351648 0.29489291598023065 0.07362637362637363 0.26194398682042835
0 0.5076923076923077 0.34102141680395387 0.07032967032967033 0.24052718286655683
0 0.6912087912087912 0.2990115321252059 0.05714285714285714 0.2355848434925865
0 0.8505494505494505 0.27677100494233936 0.13406593406593406 0.4546952224052718
0 0.7186813186813187 0.3228995057660626 0.1087912087912088 0.37891268533772654
0 0.9071428571428571 0.2808896210873147 0.08351648351648351 0.3525535420098847
0 0.75 0.3237232289950577 0.11428571428571428 0.3673805601317957
0 0.8076923076923077 0.31795716639209226 0.0945054945054945 0.34925864909390447
0 0.6373626373626373 0.3616144975288303 0.09010989010989011 0.30642504118616143
0 0.9571428571428572 0.30971993410214166 0.08351648351648351 0.45799011532125206
0 0.08791208791208792 0.5897858319604613 0.13406593406593406 0.5502471169686985
0 0.06153846153846154 0.6169686985172982 0.12307692307692308 0.6836902800658978