0 0.9192044748290864 0.7175925925925926 0.058421379738968306 0.18981481481481483
0 0.9549409571162213 0.7398148148148148 0.06712243629583592 0.19444444444444445
0 0.6068986948415165 0.6435185185185185 0.08638906152889994 0.3296296296296296
0 0.86544437538844 0.736574074074074 0.0944686140459913 0.2916666666666667
0 0.10503418272218769 0.47314814814814815 0.21006836544437538 0.5370370370370371
0 0.5730267246737104 0.6481481481481481 0.10814170292106899 0.37777777777777777
0 0.23927905531385954 0.5388888888888889 0.21255438160348042 0.5351851851851852
0 0.7865133623368552 0.7310185185185185 0.17588564325668116 0.44722222222222224
0 0.4344313238036047 0.612037037037037 0.13921690490988192 0.43148148148148147
0 0.6979490366687383 0.7037037037037037 0.13673088875077688 0.4361111111111111
0 0.3819142324425109 0.5962962962962963 0.11124922311995028 0.39537037037037037
0 0.3250466128029832 0.5944444444444444 0.17339962709757614 0.5546296296296296
0 0.5015537600994406 0.6620370370370371 0.20820385332504662 0.5546296296296296
0 0.6361093847110006 0.7199074074074074 0.1423244251087632 0.47962962962962963