0 0.1578125 0.3793911007025761 0.0421875 0.13114754098360656
0 0.6203125 0.6709601873536299 0.0984375 0.4332552693208431
0 0.9546875 0.7353629976580797 0.0796875 0.30679156908665106
0 0.3671875 0.6334894613583139 0.096875 0.37236533957845436
0 0.40546875 0.6428571428571429 0.0890625 0.36768149882903983
0 0.2953125 0.6264637002341921 0.125 0.5362997658079626
0 0.08828125 0.5913348946135831 0.1765625 0.5550351288056206
0 0.89609375 0.7423887587822015 0.096875 0.3957845433255269
0 0.05234375 0.5936768149882904 0.1046875 0.44730679156908665
0 0.8078125 0.734192037470726 0.078125 0.37236533957845436
0 0.575 0.6943793911007026 0.090625 0.405152224824356
0 0.859375 0.7482435597189696 0.1234375 0.3864168618266979
0 0.24140625 0.6358313817330211 0.0625 0.42857142857142855
0 0.7 0.724824355971897 0.078125 0.3770491803278688
0 0.65078125 0.7177985948477752 0.1265625 0.4215456674473068
0 0.525 0.6978922716627635 0.1203125 0.4238875878220141
0 0.734375 0.7423887587822015 0.125 0.3840749414519906
0 0.4375 0.6943793911007026 0.1109375 0.4449648711943794
0 0.1984375 0.6510538641686182 0.1390625 0.48243559718969553
0 0.17421875 0.6522248243559718 0.090625 0.4309133489461358