0 0.3323076923076923 0.7217090069284064 0.06461538461538462 0.11200923787528869
0 0.40384615384615385 0.7049653579676675 0.022307692307692306 0.07505773672055427
0 0.1723076923076923 0.7863741339491916 0.03076923076923077 0.08775981524249422
0 0.4153846153846154 0.7159353348729792 0.026923076923076925 0.07274826789838337
0 0.3823076923076923 0.7344110854503464 0.05076923076923077 0.15704387990762125
0 0.7738461538461539 0.6466512702078522 0.12153846153846154 0.3995381062355658
0 0.5746153846153846 0.7188221709006929 0.10076923076923076 0.3394919168591224
0 0.8738461538461538 0.628175519630485 0.11615384615384615 0.3903002309468822
0 0.7273076923076923 0.6841801385681293 0.11307692307692307 0.371824480369515
0 0.6146153846153846 0.7211316397228638 0.1176923076923077 0.3648960739030023
0 0.46615384615384614 0.7806004618937644 0.15307692307692308 0.3891454965357968
0 0.9361538461538461 0.6333718244803695 0.12615384615384614 0.476905311778291
0 0.6623076923076923 0.7326789838337182 0.10307692307692308 0.35912240184757505
0 0.5588461538461539 0.7990762124711316 0.12076923076923077 0.30600461893764436