0 0.10038461538461538 0.6459205020920502 0.03307692307692308 0.10460251046025104
0 0.15653846153846154 0.6354602510460251 0.046153846153846156 0.10460251046025104
0 0.661923076923077 0.5339958158995816 0.06 0.21234309623430964
0 0.28423076923076923 0.645397489539749 0.08307692307692308 0.25627615062761505
0 0.2423076923076923 0.6553347280334728 0.07846153846153846 0.24372384937238495
0 0.40807692307692306 0.625 0.08153846153846153 0.2604602510460251
0 0.6323076923076923 0.5815899581589958 0.12538461538461537 0.32112970711297073
0 0.9373076923076923 0.5282426778242678 0.09846153846153846 0.26569037656903766
0 0.9711538461538461 0.5193514644351465 0.05615384615384615 0.3023012552301255
0 0.8446153846153847 0.5502092050209205 0.11923076923076924 0.3127615062761506
0 0.5126923076923077 0.6255230125523012 0.09230769230769231 0.22698744769874477
0 0.7292307692307692 0.5800209205020921 0.0876923076923077 0.2792887029288703