0 0.833125 0.4481417458945549 0.1575 0.8833189282627485
0 0.356875 0.46240276577355227 0.171875 0.7018150388936906
0 0.94375 0.4814174589455488 0.11125 0.5842696629213483
0 0.4871875 0.49006050129645634 0.11 0.5600691443388073
0 0.7659375 0.5159896283491789 0.07 0.3777009507346586
0 0.6690625 0.5254969749351772 0.08125 0.3915298184961106
0 0.7228125 0.5302506482281764 0.05875 0.3025064822817632
0 0.2628125 0.5254969749351772 0.101875 0.3681936041486603
0 0.0928125 0.5324114088159032 0.07 0.2394122731201383
0 0.1440625 0.5462402765773552 0.025625 0.09420916162489196
0 0.0159375 0.567847882454624 0.02875 0.11754537597234227