0 0.2642857142857143 0.1672158154859967 0.07582417582417582 0.13344316309719934
0 0.6269230769230769 0.3731466227347611 0.08681318681318681 0.2471169686985173
0 0.7038461538461539 0.40197693574958815 0.08461538461538462 0.26359143327841844
0 0.5467032967032966 0.357495881383855 0.08021978021978023 0.24217462932454695
0 0.7274725274725274 0.4209225700164745 0.06703296703296703 0.2355848434925865
0 0.8813186813186813 0.4901153212520593 0.15274725274725276 0.45799011532125206
0 0.7472527472527473 0.4588138385502471 0.12417582417582418 0.38220757825370677
0 0.9324175824175824 0.5255354200988468 0.0989010989010989 0.3542009884678748
0 0.7758241758241758 0.4769357495881384 0.12967032967032968 0.37067545304777594
0 0.8307692307692308 0.5041186161449753 0.1087912087912088 0.35090609555189456
0 0.6620879120879121 0.4489291598023064 0.10329670329670329 0.30971993410214166
0 0.9587912087912088 0.5823723228995058 0.08021978021978023 0.45634266886326197
0 0.0956043956043956 0.3517298187808896 0.15824175824175823 0.5518945634266886
0 0.07087912087912088 0.35502471169686983 0.14175824175824175 0.6836902800658978