0 0.280078125 0.22361111111111112 0.0234375 0.10277777777777777
0 0.394140625 0.27708333333333335 0.034375 0.19166666666666668
0 0.30234375 0.2611111111111111 0.04453125 0.19722222222222222
0 0.363671875 0.28194444444444444 0.06484375 0.3277777777777778
0 0.427734375 0.30625 0.06328125 0.29305555555555557
0 0.462890625 0.3145833333333333 0.0859375 0.3486111111111111
0 0.24765625 0.27291666666666664 0.08125 0.25416666666666665
0 0.64296875 0.3611111111111111 0.10859375 0.6083333333333333
0 0.32734375 0.3 0.0578125 0.2569444444444444
0 0.14375 0.26666666666666666 0.16484375 0.48194444444444445
0 0.916015625 0.4534722222222222 0.16640625 0.7486111111111111
0 0.090234375 0.2861111111111111 0.18046875 0.5222222222222223
0 0.7421875 0.4701388888888889 0.27421875 0.8777777777777778