0 0.1728125 0.42394122731201384 0.201875 0.8478824546240277
0 0.645 0.48314606741573035 0.20625 0.7156439066551427
0 0.0653125 0.4161624891961971 0.130625 0.592048401037165
0 0.5134375 0.49222126188418325 0.138125 0.567847882454624
0 0.2340625 0.47752808988764045 0.08875 0.38202247191011235
0 0.33 0.5012964563526361 0.100625 0.3975799481417459
0 0.27625 0.4982713915298185 0.07375 0.30682800345721695
0 0.7340625 0.5596369922212618 0.12 0.3759723422644771
0 0.9025 0.5911840968020743 0.081875 0.2445980985306828
0 0.850625 0.597666378565255 0.03 0.09593777009507347
0 0.97625 0.6374243733794296 0.035 0.11927398444252377