0 0.7879120879120879 0.2775947281713344 0.06483516483516484 0.12026359143327842
0 0.40164835164835166 0.32537067545304776 0.06043956043956044 0.23887973640856672
0 0.321978021978022 0.32207578253706753 0.056043956043956046 0.257001647446458
0 0.48131868131868133 0.34349258649093906 0.05384615384615385 0.2355848434925865
0 0.2956043956043956 0.32948929159802304 0.04065934065934066 0.23228995057660626
0 0.1357142857142857 0.33278418451400327 0.1043956043956044 0.4464579901153213
0 0.26978021978021977 0.35831960461285006 0.08461538461538462 0.3723228995057661
0 0.07967032967032966 0.34596375617792424 0.06043956043956044 0.34925864909390447
0 0.23901098901098902 0.3640856672158155 0.09010989010989011 0.35914332784184516
0 0.1813186813186813 0.36655683690280066 0.07142857142857142 0.3443163097199341
0 0.35384615384615387 0.38385502471169686 0.07032967032967033 0.3014827018121911
0 0.02967032967032967 0.38220757825370677 0.05934065934065934 0.4546952224052718
0 0.9159340659340659 0.5247116968698518 0.0978021978021978 0.5436573311367381
0 0.9521978021978021 0.5453047775947282 0.09340659340659341 0.6787479406919276