0 0.2390625 0.38263888888888886 0.0296875 0.10416666666666667
0 0.35625 0.3590277777777778 0.046875 0.19305555555555556
0 0.2671875 0.4027777777777778 0.05625 0.2
0 0.328515625 0.38333333333333336 0.08515625 0.32916666666666666
0 0.393359375 0.36527777777777776 0.08125 0.29583333333333334
0 0.428125 0.3506944444444444 0.10703125 0.3541666666666667
0 0.21875 0.4486111111111111 0.09609375 0.2625
0 0.60546875 0.2923611111111111 0.1484375 0.5847222222222223
0 0.2984375 0.4236111111111111 0.0734375 0.25972222222222224
0 0.1203125 0.5090277777777777 0.1921875 0.5
0 0.885546875 0.2826388888888889 0.22734375 0.5652777777777778
0 0.089453125 0.5631944444444444 0.17890625 0.5430555555555555
0 0.7203125 0.3861111111111111 0.3265625 0.7722222222222223