0 0.7019230769230769 0.6437644341801386 0.05692307692307692 0.10392609699769054
0 0.63 0.6570438799076213 0.015384615384615385 0.07390300230946882
0 0.8673076923076923 0.6397228637413395 0.023846153846153847 0.08545034642032333
0 0.6211538461538462 0.6726327944572749 0.02076923076923077 0.07043879907621248
0 0.6561538461538462 0.6760969976905312 0.03769230769230769 0.1535796766743649
0 0.26346153846153847 0.7546189376443418 0.08692307692307692 0.39260969976905313
0 0.4684615384615385 0.7413394919168591 0.07153846153846154 0.33371824480369516
0 0.16384615384615384 0.7777136258660509 0.08307692307692308 0.3833718244803695
0 0.3153846153846154 0.7713625866050808 0.08076923076923077 0.3648960739030023
0 0.43038461538461537 0.7603926096997691 0.08692307692307692 0.3568129330254042
0 0.5838461538461538 0.7557736720554272 0.12230769230769231 0.3741339491916859
0 0.08307692307692308 0.7933025404157044 0.13384615384615384 0.4110854503464203
0 0.38653846153846155 0.7909930715935335 0.07230769230769231 0.3533487297921478
0 0.49846153846153846 0.8117782909930716 0.09615384615384616 0.29445727482678985