0 0.033125 0.6038888888888889 0.06625 0.37666666666666665
0 0.2425 0.6355555555555555 0.076875 0.38555555555555554
0 0.1465625 0.6261111111111111 0.07625 0.39
0 0.085625 0.6266666666666667 0.071875 0.3622222222222222
0 0.4234375 0.6727777777777778 0.0625 0.41
0 0.55375 0.6961111111111111 0.086875 0.40555555555555556
0 0.35625 0.675 0.078125 0.3688888888888889
0 0.854375 0.74 0.063125 0.3566666666666667
0 0.6553125 0.7211111111111111 0.1 0.46
0 0.791875 0.74 0.07875 0.39555555555555555
0 0.465625 0.7027777777777777 0.07125 0.39666666666666667
0 0.2790625 0.685 0.074375 0.3466666666666667
0 0.8803125 0.7694444444444445 0.11875 0.4266666666666667
0 0.719375 0.7538888888888889 0.0625 0.36666666666666664
0 0.7546875 0.7633333333333333 0.1 0.4311111111111111