0 0.260546875 0.28125 0.0171875 0.1
0 0.377734375 0.30486111111111114 0.0234375 0.18888888888888888
0 0.285546875 0.3125 0.0328125 0.19305555555555556
0 0.34765625 0.31805555555555554 0.04609375 0.32222222222222224
0 0.41328125 0.3263888888888889 0.046875 0.2875
0 0.448828125 0.32569444444444445 0.06640625 0.3388888888888889
0 0.232421875 0.3375 0.0671875 0.24305555555555555
0 0.630859375 0.32708333333333334 0.07421875 0.6
0 0.31328125 0.34444444444444444 0.04296875 0.2513888888888889
0 0.12890625 0.3576388888888889 0.1390625 0.4597222222222222
0 0.922265625 0.35555555555555557 0.15390625 0.7111111111111111
0 0.0765625 0.3902777777777778 0.153125 0.49722222222222223
0 0.737890625 0.4166666666666667 0.22734375 0.8333333333333334