0 0.8515625 0.4882903981264637 0.040625 0.13114754098360656
0 0.35859375 0.629976580796253 0.0890625 0.4309133489461358
0 0.03046875 0.5889929742388759 0.0609375 0.30679156908665106
0 0.61171875 0.6721311475409836 0.0875 0.3700234192037471
0 0.57265625 0.6697892271662763 0.08125 0.36533957845433257
0 0.6828125 0.6873536299765808 0.1125 0.5339578454332553
0 0.89453125 0.7189695550351288 0.16875 0.5480093676814989
0 0.07890625 0.6135831381733021 0.0875 0.39344262295081966
0 0.928125 0.7318501170960188 0.0984375 0.4426229508196721
0 0.16640625 0.6334894613583139 0.06875 0.3700234192037471
0 0.39921875 0.6662763466042154 0.0828125 0.405152224824356
0 0.1140625 0.629976580796253 0.115625 0.3840749414519906
0 0.73359375 0.7131147540983607 0.053125 0.42857142857142855
0 0.2734375 0.6569086651053864 0.0703125 0.3747072599531616
0 0.32265625 0.6662763466042154 0.1171875 0.41920374707259955
0 0.4484375 0.6861826697892272 0.1109375 0.41920374707259955
0 0.23671875 0.6639344262295082 0.1171875 0.38173302107728335
0 0.534375 0.7084309133489461 0.1015625 0.4426229508196721
0 0.7734375 0.7412177985948478 0.128125 0.48009367681498827
0 0.79765625 0.7505854800936768 0.08125 0.42857142857142855