0 0.9061538461538462 0.6077405857740585 0.027692307692307693 0.10355648535564854
0 0.8492307692307692 0.602510460251046 0.04153846153846154 0.10251046025104603
0 0.34 0.549163179916318 0.05 0.2102510460251046
0 0.7226923076923077 0.6244769874476988 0.07076923076923076 0.25313807531380755
0 0.765 0.6307531380753139 0.06692307692307692 0.2405857740585774
0 0.5980769230769231 0.6161087866108786 0.06923076923076923 0.25732217573221755
0 0.3723076923076923 0.5941422594142259 0.11076923076923077 0.3148535564853556
0 0.065 0.569560669456067 0.08615384615384615 0.2615062761506276
0 0.026153846153846153 0.5643305439330544 0.052307692307692305 0.3002092050209205
0 0.15884615384615386 0.5826359832635983 0.10461538461538461 0.3075313807531381
0 0.4938461538461538 0.6265690376569037 0.0823076923076923 0.22280334728033474
0 0.2753846153846154 0.6014644351464435 0.07461538461538461 0.27615062761506276