0 0.046875 0.7622222222222222 0.088125 0.38
0 0.261875 0.7205555555555555 0.0875 0.39
0 0.1665625 0.7433333333333333 0.086875 0.3933333333333333
0 0.106875 0.765 0.081875 0.3655555555555556
0 0.4434375 0.6955555555555556 0.074375 0.4122222222222222
0 0.57375 0.6744444444444444 0.098125 0.41
0 0.3775 0.7205555555555555 0.08875 0.37333333333333335
0 0.8734375 0.6155555555555555 0.073125 0.35888888888888887
0 0.67625 0.6638888888888889 0.1125 0.46555555555555556
0 0.8121875 0.6366666666666667 0.09 0.4
0 0.488125 0.7105555555555556 0.0825 0.4
0 0.303125 0.7566666666666667 0.084375 0.3511111111111111
0 0.9021875 0.6355555555555555 0.13 0.43333333333333335
0 0.7425 0.675 0.073125 0.3688888888888889
0 0.778125 0.6722222222222223 0.111875 0.43666666666666665