0 0.8888461538461538 0.6924686192468619 0.03923076923076923 0.10564853556485355
0 0.8334615384615385 0.6757322175732218 0.05153846153846154 0.10669456066945607
0 0.33653846153846156 0.5146443514644351 0.07230769230769231 0.21338912133891214
0 0.7057692307692308 0.6705020920502092 0.09769230769230769 0.2583682008368201
0 0.7465384615384615 0.6856694560669456 0.09230769230769231 0.24581589958158995
0 0.5834615384615385 0.6354602510460251 0.09615384615384616 0.2625523012552301
0 0.3630769230769231 0.5658995815899581 0.14307692307692307 0.3263598326359833
0 0.06230769230769231 0.47594142259414224 0.11307692307692307 0.2698744769874477
0 0.03346153846153846 0.46129707112970714 0.06692307692307692 0.303347280334728
0 0.15346153846153845 0.5094142259414226 0.13692307692307693 0.3179916317991632
0 0.47923076923076924 0.6234309623430963 0.10461538461538461 0.23117154811715482
0 0.26653846153846156 0.5523012552301255 0.10384615384615385 0.2803347280334728