0 0.9238657551274083 0.6958333333333333 0.05469235550031075 0.18981481481481483
0 0.9602237414543194 0.7157407407407408 0.06277190801740211 0.19444444444444445
0 0.6103169670602859 0.637962962962963 0.07955251709136109 0.3296296296296296
0 0.8707271597265382 0.7171296296296297 0.08825357364822871 0.29074074074074074
0 0.10223741454319453 0.49537037037037035 0.20447482908638906 0.5314814814814814
0 0.5764449968924799 0.6444444444444445 0.10006215040397763 0.37777777777777777
0 0.24021131137352392 0.5527777777777778 0.20198881292728402 0.5314814814814814
0 0.7917961466749533 0.7162037037037037 0.16718458669981354 0.4444444444444444
0 0.4372280919825979 0.6152777777777778 0.12989434431323804 0.4305555555555556
0 0.7026103169670603 0.6930555555555555 0.12802983219390926 0.4351851851851852
0 0.3840894965817278 0.6023148148148149 0.10254816656308266 0.39537037037037037
0 0.3272218769422001 0.6037037037037037 0.16159105034182722 0.5537037037037037
0 0.5055935363579863 0.6620370370370371 0.19701678060907396 0.5518518518518518
0 0.6413921690490988 0.7125 0.13238036047234308 0.4787037037037037