0 0.964375 0.6911111111111111 0.070625 0.37222222222222223
0 0.748125 0.6827777777777778 0.069375 0.38222222222222224
0 0.8440625 0.6911111111111111 0.06875 0.38666666666666666
0 0.9046875 0.7027777777777777 0.065 0.35888888888888887
0 0.5659375 0.6861111111111111 0.055 0.4077777777777778
0 0.435 0.685 0.07875 0.4022222222222222
0 0.6328125 0.7005555555555556 0.07125 0.3655555555555556
0 0.1334375 0.6727777777777778 0.05625 0.35444444444444445
0 0.3325 0.6905555555555556 0.09125 0.45555555555555555
0 0.195625 0.6844444444444444 0.07125 0.39222222222222225
0 0.5221875 0.7083333333333334 0.06375 0.39444444444444443
0 0.70875 0.7255555555555555 0.068125 0.3433333333333333
0 0.1059375 0.6972222222222222 0.110625 0.42
0 0.266875 0.7116666666666667 0.055625 0.36444444444444446
0 0.23125 0.7144444444444444 0.091875 0.4266666666666667