0 0.0562461155997514 0.5143518518518518 0.04226227470478558 0.18796296296296297
0 0.02175264139216905 0.5189814814814815 0.0435052827843381 0.19166666666666668
0 0.3685518955873213 0.5875 0.057178371659415785 0.3287037037037037
0 0.10316967060285892 0.5564814814814815 0.06960845245494096 0.2861111111111111
0 0.8977625854568054 0.6657407407407407 0.20323182100683654 0.5111111111111111
0 0.39993784959602235 0.6074074074074074 0.07458048477315103 0.375
0 0.7399005593536357 0.6574074074074074 0.16904909881914232 0.5175925925925926
0 0.17961466749533872 0.5879629629629629 0.13983840894965818 0.4324074074074074
0 0.5391547545059043 0.6365740740740741 0.10254816656308266 0.42407407407407405
0 0.2694220012430081 0.6023148148148149 0.09944064636420137 0.42962962962962964
0 0.5926041019266626 0.6458333333333334 0.0764449968924798 0.3925925925925926
0 0.6469857054070851 0.6708333333333333 0.12554381603480422 0.5472222222222223
0 0.4648850217526414 0.6532407407407408 0.16283405842137974 0.5388888888888889
0 0.3247358607830951 0.6462962962962963 0.10068365444375388 0.4740740740740741