0 0.814375 0.3949870354364736 0.28625 0.7899740708729472
0 0.3546875 0.5112359550561798 0.2725 0.7312013828867762
0 0.914375 0.3327571305099395 0.17 0.5998271391529818
0 0.4859375 0.4948141745894555 0.19125 0.5756266205704408
0 0.7609375 0.42653414001728607 0.124375 0.3863439930855661
0 0.6684375 0.46845289541918755 0.1375 0.40363007778738114
0 0.7215625 0.4550561797752809 0.1025 0.3111495246326707
0 0.274375 0.6041486603284356 0.154375 0.3863439930855661
0 0.110625 0.6676750216076058 0.10375 0.25237683664649957
0 0.1628125 0.6642178046672429 0.03875 0.09853068280034573
0 0.0421875 0.7277441659464131 0.045625 0.12186689714779603